      10811    12.51      2.929198      0.194354      0.110815     10811 
      84957    14.74      2.927062      0.191418      0.112621     10811 
     128117    14.96      2.925800      0.191591      0.112678     10811 
     302178    15.29      2.931542      0.200805      0.111752     10811 
      81805    15.35      2.924318      0.196484      0.111267     10811 
     203721    15.65      2.933024      0.197891      0.111072     10811 
     271337    15.66      2.931393      0.196876      0.110645     10811 
     229247    15.76      2.923888      0.194398      0.110674     10811 
     123872    15.77      2.929228      0.192069      0.111243     10811 
     185340    15.81      2.921213      0.193013      0.111698     10811 
     217711    15.82      2.922652      0.190409      0.111646     10811 
     131298    15.83      2.935899      0.204256      0.111204     10811 
     169938    15.89      2.935539      0.199469      0.111121     10811 
     183488    15.89      2.923279      0.193377      0.112508     10811 
     306831    15.94      2.933989      0.207295      0.111667     10811 
     256877    16.01      2.918065      0.193405      0.111433     10811 
     212296    16.06      2.923265      0.193205      0.112171     10811 
     265353    16.06      2.925070      0.195157      0.111125     10811 
     222108    16.07      2.925234      0.192545      0.110885     10811 
     321033    16.13      2.918628      0.193449      0.112120     10811 
     307034    16.15      2.926708      0.193546      0.111438     10811 
     295460    16.16      2.919018      0.192425      0.109803     10811 
     177022    16.21      2.921517      0.192406      0.110963     10811 
  2011WZ133    16.28      2.918450      0.194573      0.111563     10811 
     304593    16.29      2.936587      0.204467      0.111584     10811 
     394651    16.29      2.926751      0.195497      0.112404     10811 
   2016WT30    16.30      2.934777      0.206559      0.110776     10811 
     306930    16.31      2.924726      0.196110      0.111984     10811 
     421980    16.32      2.922354      0.193759      0.110476     10811 
  2007RD343    16.34      2.936577      0.202381      0.111168     10811 
     305754    16.38      2.934018      0.211162      0.111868     10811 
     307035    16.39      2.934227      0.196840      0.110885     10811 
     539550    16.39      2.927065      0.192811      0.111075     10811 
  2002EY167    16.43      2.931658      0.195598      0.111803     10811 
     367576    16.46      2.933333      0.207901      0.111974     10811 
     583684    16.46      2.937398      0.203742      0.110901     10811 
     307145    16.48      2.940560      0.202198      0.111003     10811 
     414547    16.48      2.938419      0.206184      0.111133     10811 
   2009OH19    16.50      2.938766      0.211264      0.111701     10811 
     334534    16.51      2.919541      0.194469      0.111590     10811 
     342967    16.51      2.936971      0.209494      0.111124     10811 
     504380    16.53      2.924002      0.193458      0.111041     10811 
  2008AL117    16.53      2.917514      0.195368      0.111636     10811 
     334920    16.54      2.917197      0.193403      0.111670     10811 
     576168    16.54      2.935871      0.209810      0.111878     10811 
     548975    16.55      2.936546      0.204877      0.111539     10811 
     299698    16.56      2.924236      0.194429      0.111811     10811 
     469240    16.57      2.926017      0.195302      0.111775     10811 
   2015NL22    16.57      2.914864      0.195841      0.111445     10811 
     430466    16.58      2.936985      0.210653      0.112194     10811 
     407147    16.61      2.931661      0.199309      0.111465     10811 
     431502    16.61      2.920900      0.194396      0.111142     10811 
     202860    16.62      2.934410      0.205203      0.111248     10811 
     436630    16.63      2.936606      0.205765      0.111636     10811 
     334491    16.65      2.919947      0.192375      0.111577     10811 
     473083    16.66      2.932919      0.195445      0.110684     10811 
    2019CB6    16.66      2.926585      0.191402      0.111926     10811 
     361248    16.67      2.919070      0.194965      0.110953     10811 
     475434    16.68      2.915856      0.192901      0.111936     10811 
     357910    16.69      2.937659      0.211501      0.112510     10811 
     198670    16.70      2.914840      0.194117      0.111729     10811 
     340492    16.70      2.916451      0.196302      0.111627     10811 
     455992    16.70      2.936651      0.203622      0.111602     10811 
     489386    16.70      2.915013      0.192737      0.111473     10811 
     539316    16.70      2.916544      0.194184      0.111289     10811 
     412308    16.71      2.921411      0.192348      0.110988     10811 
     595528    16.71      2.920068      0.194012      0.114273     10811 
     377920    16.72      2.927873      0.207380      0.111914     10811 
     407159    16.72      2.942066      0.210968      0.111300     10811 
     446496    16.72      2.919240      0.191895      0.111056     10811 
     544391    16.73      2.921581      0.192289      0.111971     10811 
     238800    16.74      2.939173      0.207073      0.111209     10811 
   2005WU57    16.75      2.921928      0.191509      0.111736     10811 
  2004FP175    16.76      2.918017      0.195634      0.111189     10811 
     474270    16.77      2.915757      0.193597      0.111849     10811 
     412615    16.79      2.943812      0.206044      0.111412     10811 
     434415    16.79      2.916250      0.194377      0.111670     10811 
   2016NS86    16.80      2.925829      0.193593      0.111335     10811 
     568340    16.81      2.923935      0.193849      0.111692     10811 
  2004RU260    16.81      2.938369      0.192279      0.111907     10811 
  2011WR110    16.81      2.920104      0.192745      0.112227     10811 
     549305    16.85      2.915696      0.192264      0.110845     10811 
     611582    16.85      2.940469      0.204276      0.111418     10811 
     275696    16.86      2.934121      0.203236      0.111198     10811 
     453942    16.86      2.944588      0.207915      0.111198     10811 
   2015AH70    16.87      2.941050      0.205528      0.111166     10811 
  2013YV143    16.87      2.922377      0.195070      0.112505     10811 
     505004    16.89      2.931770      0.195822      0.111369     10811 
     519777    16.89      2.918169      0.194570      0.111259     10811 
  2014SJ251    16.89      2.921418      0.195104      0.111576     10811 
     299876    16.90      2.921606      0.193130      0.111727     10811 
     410599    16.90      2.920565      0.194470      0.112011     10811 
     460278    16.90      2.914480      0.194025      0.112017     10811 
     349364    16.91      2.924956      0.192931      0.111685     10811 
     271730    16.93      2.926216      0.192479      0.112722     10811 
     355671    16.93      2.917987      0.192134      0.112882     10811 
     581179    16.93      2.922349      0.191780      0.110370     10811 
     496798    16.96      2.918576      0.194745      0.111854     10811 
   2006EY47    16.96      2.942183      0.210609      0.111772     10811 
   2016WB29    16.96      2.917820      0.193154      0.110324     10811 
     573344    16.97      2.942012      0.205602      0.111826     10811 
   2017HY32    16.98      2.918745      0.192569      0.110051     10811 
     391554    16.99      2.914496      0.193870      0.111510     10811 
   2016UA54    16.99      2.921270      0.193537      0.112058     10811 
  2014QP268    16.99      2.937680      0.211395      0.111566     10811 
    2016XW8    17.00      2.918330      0.194453      0.111028     10811 
   2006KF97    17.01      2.938335      0.204753      0.111615     10811 
  2017UX105    17.01      2.934647      0.207560      0.111353     10811 
     396991    17.03      2.929659      0.195909      0.111854     10811 
     413694    17.03      2.938944      0.206958      0.112195     10811 
     598980    17.03      2.937885      0.206253      0.111067     10811 
     502441    17.04      2.942137      0.203640      0.111132     10811 
     533039    17.04      2.915936      0.195362      0.112311     10811 
     392150    17.05      2.939660      0.208157      0.111836     10811 
     564146    17.05      2.914424      0.194158      0.111352     10811 
     579040    17.05      2.924460      0.194553      0.111951     10811 
   2006AH93    17.05      2.922380      0.193319      0.111295     10811 
  2014SO187    17.06      2.919338      0.193411      0.111016     10811 
     564693    17.07      2.942088      0.202484      0.111584     10811 
  2011UQ268    17.07      2.947654      0.204919      0.111182     10811 
     451948    17.08      2.924821      0.192220      0.111858     10811 
     532667    17.09      2.912812      0.194757      0.111446     10811 
     549255    17.09      2.913827      0.192976      0.111027     10811 
     504326    17.11      2.939827      0.204429      0.111044     10811 
   2012AW25    17.11      2.920476      0.194930      0.113040     10811 
   2017BS20    17.11      2.918075      0.192705      0.111895     10811 
   2007TS85    17.12      2.940363      0.200943      0.110939     10811 
  2007HF110    17.12      2.942655      0.199650      0.111819     10811 
     537536    17.13      2.940137      0.209593      0.111029     10811 
     583940    17.13      2.923271      0.195681      0.112247     10811 
   1997SS14    17.13      2.915156      0.192052      0.110818     10811 
     447256    17.14      2.931634      0.204788      0.111432     10811 
  2007VC147    17.14      2.938003      0.199513      0.111453     10811 
  2011BM168    17.14      2.916153      0.191153      0.111559     10811 
     299825    17.15      2.914948      0.190408      0.110891     10811 
     450028    17.16      2.937061      0.205487      0.111229     10811 
     471839    17.16      2.915318      0.191942      0.110692     10811 
     537464    17.17      2.920649      0.193746      0.110622     10811 
     405405    17.19      2.936798      0.203733      0.112513     10811 
     494248    17.19      2.917861      0.194484      0.111396     10811 
   2014OS25    17.19      2.938221      0.204889      0.110800     10811 
     431917    17.20      2.935446      0.212029      0.111619     10811 
   2008YA35    17.20      2.943154      0.213297      0.111453     10811 
  2004TC374    17.20      2.916263      0.194306      0.111226     10811 
  2021RO177    17.20      2.946934      0.199030      0.110790     10811 
     456049    17.22      2.925406      0.192932      0.111857     10811 
     609750    17.22      2.936472      0.192693      0.111326     10811 
  2002QH150    17.22      2.937394      0.204613      0.111489     10811 
  2006WX215    17.22      2.942774      0.199424      0.111102     10811 
   2017BM60    17.24      2.941064      0.203925      0.111247     10811 
     467464    17.25      2.936006      0.205366      0.111393     10811 
  2006SU224    17.25      2.937007      0.205475      0.112578     10811 
  2013PJ114    17.25      2.943378      0.210310      0.111335     10811 
    2013QW2    17.26      2.924128      0.193918      0.111361     10811 
     557432    17.27      2.938047      0.209296      0.112030     10811 
   2008KS19    17.27      2.915559      0.193682      0.110831     10811 
  2003WQ206    17.27      2.914616      0.192289      0.110882     10811 
   2012PN39    17.28      2.934997      0.206399      0.110980     10811 
   2012SV87    17.28      2.917817      0.194001      0.112146     10811 
   2016VA30    17.28      2.939553      0.211644      0.111789     10811 
  2009SQ313    17.28      2.940148      0.207713      0.111797     10811 
     471177    17.29      2.923210      0.192178      0.111793     10811 
     546117    17.30      2.944644      0.203971      0.111707     10811 
     595527    17.30      2.943030      0.202056      0.111238     10811 
   2019GU17    17.30      2.940438      0.205599      0.111345     10811 
  2015BD575    17.30      2.913273      0.195850      0.112187     10811 
  2021RF148    17.30      2.926406      0.194106      0.111063     10811 
     577764    17.31      2.938749      0.200289      0.111556     10811 
   2007YZ79    17.31      2.920406      0.195112      0.111817     10811 
     473679    17.32      2.934269      0.211297      0.111606     10811 
     550501    17.32      2.920260      0.195443      0.111434     10811 
   2011YV95    17.32      2.939892      0.206751      0.111411     10811 
  2008RH165    17.32      2.916788      0.192719      0.110331     10811 
     450429    17.33      2.939299      0.205831      0.110461     10811 
    2016NN3    17.34      2.940391      0.211836      0.111775     10811 
   2015DX43    17.34      2.936422      0.201494      0.112226     10811 
   2016LX96    17.34      2.911562      0.195244      0.110712     10811 
   2015VD34    17.35      2.945830      0.200237      0.111245     10811 
  2014WK207    17.35      2.944487      0.204775      0.110885     10811 
     384114    17.36      2.942437      0.207473      0.110690     10811 
   2016NS60    17.36      2.918600      0.193868      0.110342     10811 
   2007YU92    17.37      2.921478      0.191514      0.113131     10811 
   2010UO32    17.37      2.907028      0.195401      0.111348     10811 
   2015KD66    17.37      2.941688      0.202784      0.111303     10811 
   2017TY34    17.37      2.935372      0.206413      0.111926     10811 
  2014WU569    17.37      2.925358      0.191382      0.110695     10811 
     467903    17.38      2.940087      0.211256      0.111837     10811 
     547827    17.38      2.907162      0.195748      0.111313     10811 
     571496    17.38      2.921366      0.198185      0.111663     10811 
  2013WM121    17.38      2.942420      0.205989      0.111127     10811 
     573969    17.39      2.923196      0.195234      0.111019     10811 
   2014OX91    17.39      2.937427      0.194114      0.111007     10811 
  2004FN174    17.39      2.931774      0.195225      0.111057     10811 
     593224    17.40      2.942019      0.209679      0.111162     10811 
     389200    17.41      2.929187      0.195012      0.111247     10811 
   2014GD28    17.41      2.943705      0.205660      0.110539     10811 
   2016XP34    17.41      2.915852      0.193599      0.110710     10811 
   2018LH33    17.41      2.932503      0.194479      0.111887     10811 
  2016EG262    17.41      2.920193      0.194676      0.109938     10811 
     516640    17.42      2.938344      0.203449      0.110892     10811 
     519478    17.42      2.947472      0.197649      0.111291     10811 
    2016MB5    17.42      2.932990      0.198704      0.111463     10811 
   2009FQ82    17.42      2.913510      0.195520      0.111859     10811 
   2015GT42    17.42      2.918134      0.196375      0.111169     10811 
   2019AW97    17.42      2.923252      0.190765      0.110849     10811 
   2021PE61    17.42      2.943314      0.197106      0.111343     10811 
     513785    17.43      2.915810      0.193648      0.112092     10811 
    2010FF4    17.43      2.922785      0.198522      0.111195     10811 
  2015BS222    17.43      2.923025      0.192077      0.110678     10811 
     528317    17.44      2.938751      0.205531      0.110991     10811 
   2007SC28    17.44      2.934886      0.206609      0.112385     10811 
   2016AQ90    17.44      2.948326      0.198304      0.111576     10811 
   2016XW18    17.44      2.944694      0.205710      0.111370     10811 
     558648    17.45      2.912845      0.194926      0.111314     10811 
   2008UV66    17.45      2.912851      0.197071      0.112052     10811 
  2015XF415    17.45      2.942504      0.207160      0.110612     10811 
  2015XX391    17.46      2.914806      0.193962      0.111460     10811 
   2007LJ27    17.47      2.916253      0.191513      0.111634     10811 
   2014FS79    17.47      2.914748      0.192201      0.111061     10811 
  2015PP161    17.47      2.916517      0.194187      0.112086     10811 
   2014NZ17    17.48      2.915799      0.195530      0.111909     10811 
   2021NV40    17.48      2.907555      0.194712      0.111265     10811 
  2002QC157    17.48      2.931392      0.192637      0.111459     10811 
  2014ST355    17.48      2.923226      0.192251      0.112564     10811 
  2017SO256    17.48      2.931686      0.194432      0.111379     10811 
     611652    17.49      2.934871      0.203716      0.111168     10811 
   2006CG52    17.49      2.912845      0.194052      0.111013     10811 
  2014UW236    17.49      2.944473      0.202981      0.112619     10811 
  2015BH598    17.49      2.940179      0.205458      0.111928     10811 
   2015LM33    17.50      2.930660      0.192551      0.111372     10811 
   2017DZ31    17.50      2.907159      0.194180      0.111624     10811 
  2011UU485    17.50      2.930030      0.192924      0.110416     10811 
   2013AW78    17.51      2.938613      0.210330      0.110778     10811 
  2015BG588    17.51      2.929028      0.193854      0.110620     10811 
   2013ON18    17.52      2.924939      0.192331      0.113139     10811 
  2010TB193    17.52      2.913147      0.195121      0.111075     10811 
  2015PQ313    17.53      2.913841      0.197392      0.111792     10811 
   2007FC27    17.54      2.941254      0.211480      0.110829     10811 
  2017RA113    17.54      2.912489      0.196561      0.111723     10811 
    2013NB7    17.55      2.939697      0.213022      0.111753     10811 
   2012PQ44    17.55      2.942010      0.200649      0.111678     10811 
   2013XO39    17.55      2.943716      0.210912      0.111507     10811 
  2014QP314    17.55      2.944117      0.207722      0.111543     10811 
     581316    17.56      2.934381      0.203074      0.111186     10811 
   2014TS98    17.56      2.936200      0.208265      0.111343     10811 
     558960    17.57      2.917341      0.192823      0.111461     10811 
   2012WS16    17.57      2.910890      0.192865      0.111739     10811 
  2015TK386    17.57      2.925603      0.191151      0.111625     10811 
     581345    17.58      2.924411      0.191824      0.112110     10811 
    2018AQ7    17.58      2.916471      0.196248      0.112380     10811 
   2012FC87    17.58      2.917679      0.193806      0.111491     10811 
   2016FV31    17.58      2.918622      0.194338      0.111569     10811 
   2011OR21    17.59      2.934815      0.209276      0.111013     10811 
   2013PK81    17.59      2.921301      0.191744      0.112186     10811 
  2012XO161    17.59      2.943046      0.207492      0.111130     10811 
  2016NK125    17.59      2.916211      0.195093      0.111054     10811 
     414589    17.60      2.906995      0.194239      0.111540     10811 
  2013EM165    17.60      2.909549      0.197264      0.111517     10811 
  2014WB544    17.60      2.937988      0.207518      0.111306     10811 
  2015BJ600    17.60      2.922984      0.191933      0.110371     10811 
   2007RE55    17.61      2.919416      0.197099      0.112136     10811 
   2013NO59    17.61      2.943835      0.206836      0.110746     10811 
     554583    17.62      2.937819      0.211176      0.111976     10811 
   2007JQ50    17.62      2.932236      0.194019      0.111944     10811 
   2013YM86    17.62      2.943437      0.205342      0.111502     10811 
   2015OT66    17.62      2.912645      0.191978      0.112565     10811 
     523467    17.63      2.935100      0.194609      0.111682     10811 
     576535    17.63      2.908698      0.196575      0.110939     10811 
   2017AS46    17.63      2.937673      0.203120      0.110931     10811 
   2018PO78    17.63      2.942066      0.194130      0.111132     10811 
   2016WG71    17.64      2.938222      0.203754      0.111638     10811 
   2016XC37    17.64      2.942179      0.205128      0.111181     10811 
   2017BQ64    17.64      2.943361      0.206728      0.110598     10811 
   2019GQ63    17.64      2.920549      0.194306      0.110882     10811 
  2007TO469    17.64      2.906281      0.196151      0.111785     10811 
  2014UB227    17.64      2.944538      0.201009      0.111579     10811 
    2020DM5    17.65      2.935530      0.201811      0.111988     10811 
   2007HC61    17.65      2.931974      0.195862      0.111546     10811 
   2015XZ74    17.65      2.942006      0.201616      0.111583     10811 
  2006WH116    17.65      2.913289      0.193733      0.111938     10811 
  2012UK234    17.65      2.947870      0.207080      0.111847     10811 
     516634    17.66      2.947974      0.206568      0.111303     10811 
   2012FE32    17.66      2.943346      0.207946      0.111582     10811 
   2012HF91    17.66      2.922369      0.195071      0.111205     10811 
   2014MQ88    17.66      2.941147      0.206994      0.111252     10811 
   2015SF13    17.66      2.917221      0.197145      0.111568     10811 
   2016OR13    17.66      2.934353      0.209788      0.111597     10811 
  2006KX154    17.66      2.937815      0.208919      0.111601     10811 
  2012TZ226    17.66      2.913562      0.193902      0.111160     10811 
   2016FE10    17.67      2.942679      0.211830      0.111421     10811 
   2018PV51    17.67      2.940231      0.208072      0.111161     10811 
  2015XL469    17.67      2.907711      0.198385      0.112088     10811 
  2015BN532    17.68      2.909587      0.194056      0.111312     10811 
   2012QZ32    17.69      2.907771      0.196959      0.111976     10811 
     594260    17.70      2.936179      0.205070      0.109869     10811 
   2014PK68    17.70      2.912586      0.196158      0.111023     10811 
   2016AF29    17.70      2.914522      0.192397      0.112728     10811 
  2003YL188    17.70      2.936665      0.211490      0.112029     10811 
  2008WL114    17.70      2.943317      0.209198      0.110967     10811 
     420816    17.71      2.906294      0.195479      0.111001     10811 
     507478    17.71      2.936798      0.210400      0.111043     10811 
   2011LK22    17.71      2.909636      0.192606      0.112392     10811 
   2012SU16    17.71      2.934582      0.207933      0.111328     10811 
   2015MX72    17.71      2.918242      0.192215      0.110231     10811 
  2014SG127    17.71      2.921422      0.193108      0.111075     10811 
     602388    17.72      2.909667      0.194249      0.111093     10811 
   2006RM43    17.72      2.933606      0.197885      0.112560     10811 
   2011BZ67    17.72      2.945607      0.203464      0.111541     10811 
   2011RN24    17.72      2.928437      0.205459      0.112056     10811 
   2014MY88    17.72      2.937033      0.206821      0.111842     10811 
  2002QV103    17.72      2.938773      0.210780      0.111935     10811 
   2015BA31    17.73      2.931345      0.199655      0.112670     10811 
   2015PN36    17.73      2.918361      0.196000      0.111449     10811 
  2010VK196    17.73      2.946003      0.204260      0.111560     10811 
  2014HG119    17.73      2.942944      0.199390      0.110737     10811 
  2014KB103    17.73      2.931464      0.191913      0.110956     10811 
   2004GJ90    17.74      2.937381      0.208882      0.111295     10811 
   2018VX62    17.74      2.944697      0.204906      0.112100     10811 
  2007TC455    17.74      2.906329      0.194871      0.111352     10811 
  2013RR122    17.74      2.916953      0.195594      0.112168     10811 
     461824    17.75      2.933479      0.206993      0.112060     10811 
    2018YL9    17.75      2.943486      0.209263      0.111170     10811 
  2014HR207    17.75      2.909605      0.193802      0.111973     10811 
   2019AB86    17.76      2.944662      0.207693      0.111068     10811 
  2012BS142    17.76      2.914258      0.195763      0.111623     10811 
  2015AA134    17.76      2.919841      0.192290      0.109759     10811 
  2015BH429    17.76      2.912116      0.191073      0.111349     10811 
     528954    17.77      2.912428      0.192014      0.111654     10811 
     579020    17.77      2.930977      0.193191      0.112375     10811 
   2012HC90    17.77      2.915563      0.195180      0.112052     10811 
   2020LZ12    17.77      2.924881      0.205495      0.111831     10811 
  2013CU251    17.77      2.944771      0.211001      0.111142     10811 
  2014QR279    17.77      2.924175      0.194834      0.110874     10811 
   2013BN34    17.78      2.917023      0.190838      0.111112     10811 
   2022AK18    17.78      2.917102      0.193463      0.111423     10811 
  2019UQ127    17.78      2.914715      0.191514      0.111026     10811 
   2013VT43    17.79      2.944643      0.201100      0.110702     10811 
   2014BU73    17.79      2.917423      0.193541      0.111473     10811 
  2008WU165    17.79      2.907930      0.196910      0.111780     10811 
  2016NU146    17.79      2.943101      0.205577      0.110924     10811 
     509547    17.80      2.943735      0.205775      0.111607     10811 
   2006YB69    17.80      2.944558      0.207845      0.111080     10811 
   2014UM64    17.80      2.911382      0.192987      0.111109     10811 
  2007RA337    17.80      2.921886      0.193994      0.111406     10811 
  2011GU106    17.80      2.917185      0.191982      0.111382     10811 
  2012TJ277    17.80      2.934379      0.197059      0.110740     10811 
  2013YE160    17.80      2.948209      0.205034      0.111456     10811 
  2014KQ149    17.80      2.930652      0.191045      0.111716     10811 
  2017FM179    17.80      2.917578      0.194642      0.111322     10811 
    2016RC7    17.81      2.913867      0.192309      0.112017     10811 
   2012XZ64    17.81      2.929791      0.196628      0.111534     10811 
  2014SH307    17.81      2.936938      0.207201      0.111599     10811 
     2008QX    17.82      2.942080      0.207014      0.111456     10811 
  2008ST348    17.82      2.911623      0.195572      0.111241     10811 
  2016CN274    17.82      2.915658      0.194491      0.111502     10811 
  2017SR207    17.82      2.943548      0.203076      0.111272     10811 
     498127    17.83      2.908052      0.193082      0.111075     10811 
   2018FY35    17.83      2.926485      0.193163      0.109977     10811 
  2007TB459    17.83      2.946820      0.208969      0.110955     10811 
  2008CE141    17.83      2.941657      0.204476      0.111076     10811 
  2014UQ264    17.83      2.914246      0.195037      0.111559     10811 
   2008WE22    17.85      2.921701      0.195586      0.110822     10811 
   2020PG26    17.86      2.909637      0.195894      0.111878     10811 
  2012TM326    17.86      2.913352      0.192703      0.111959     10811 
  2015XJ468    17.86      2.939863      0.208022      0.112192     10811 
   2016GJ28    17.87      2.915064      0.192824      0.111179     10811 
  2006US252    17.87      2.909627      0.195873      0.112334     10811 
  2007DS132    17.87      2.917440      0.190614      0.110833     10811 
  2016TH179    17.87      2.944518      0.206621      0.110184     10811 
   2008EY66    17.88      2.939440      0.209788      0.110931     10811 
   2014GY71    17.88      2.939588      0.209455      0.111167     10811 
   2019YJ27    17.88      2.919723      0.195080      0.111416     10811 
   2013YQ19    17.89      2.926786      0.196661      0.111026     10811 
  2012FE114    17.89      2.921347      0.196630      0.111405     10811 
  2015TS439    17.89      2.941008      0.197905      0.111088     10811 
   2010UX75    17.90      2.936500      0.208649      0.111514     10811 
   2011QD87    17.90      2.942489      0.210975      0.111179     10811 
   2007TQ48    17.91      2.932147      0.200843      0.111559     10811 
   2013LA39    17.91      2.931944      0.198179      0.112126     10811 
   2016RU83    17.91      2.948039      0.201222      0.111620     10811 
   2020JK39    17.91      2.943699      0.196849      0.111625     10811 
   2014BD16    17.92      2.913934      0.191934      0.111633     10811 
  2010DE112    17.92      2.925922      0.192067      0.110296     10811 
  2015FF396    17.93      2.940898      0.202523      0.112288     10811 
  2016CL324    17.93      2.945674      0.204519      0.111125     10811 
  2016PR152    17.93      2.913733      0.193667      0.112014     10811 
  2010UK113    17.94      2.916444      0.196580      0.111616     10811 
  2015KH107    17.94      2.938048      0.208436      0.111317     10811 
  2017BQ157    17.94      2.945429      0.200230      0.111199     10811 
   2007WW22    17.95      2.915492      0.193677      0.111382     10811 
   2014GW24    17.95      2.930267      0.192617      0.111318     10811 
   2014WC39    17.95      2.910827      0.194563      0.111073     10811 
  2008UQ414    17.95      2.920713      0.193253      0.108550     10811 
    2004CM9    17.96      2.947256      0.208377      0.110782     10811 
   2005WE22    17.96      2.919868      0.192706      0.110686     10811 
  2015BK349    17.96      2.941994      0.208533      0.111143     10811 
   2005VD46    17.97      2.947137      0.204966      0.112477     10811 
   2019QW32    17.97      2.945686      0.206340      0.110592     10811 
  2017BZ199    17.97      2.942648      0.199923      0.111742     10811 
   2006UO57    17.98      2.923283      0.193906      0.112555     10811 
   2015PL88    17.98      2.930008      0.202924      0.112082     10811 
   2017AQ54    17.98      2.919400      0.204577      0.111867     10811 
  2006HF159    17.98      2.930737      0.194110      0.111183     10811 
  2014WN433    17.98      2.918816      0.193403      0.111782     10811 
   2006UB29    17.99      2.946317      0.202332      0.111665     10811 
   2015KF96    17.99      2.939033      0.206091      0.111808     10811 
  2013PB125    17.99      2.916383      0.191378      0.110403     10811 
    2016AY2    18.00      2.941385      0.201471      0.112286     10811 
    2016CU6    18.00      2.943596      0.209700      0.112399     10811 
   2019AY69    18.00      2.914257      0.195875      0.111759     10811 
   2019KW42    18.00      2.911550      0.193601      0.111049     10811 
  2010RL213    18.00      2.930352      0.196513      0.112277     10811 
  2016EQ313    18.00      2.909627      0.192345      0.112204     10811 
     612133    18.01      2.918174      0.193760      0.111404     10811 
   2013OO16    18.01      2.910616      0.194423      0.110589     10811 
   2014TL99    18.01      2.912148      0.193429      0.111231     10811 
   2015QN12    18.01      2.944512      0.207378      0.111758     10811 
  2006QE201    18.01      2.909652      0.193100      0.111205     10811 
  2016EO305    18.02      2.939572      0.203608      0.111742     10811 
   2006BH88    18.03      2.944590      0.208542      0.111373     10811 
   2013RQ59    18.03      2.908720      0.192882      0.110767     10811 
   2014OY34    18.03      2.912088      0.194412      0.111934     10811 
  2017FJ211    18.03      2.912809      0.194039      0.111540     10811 
   2019RF25    18.04      2.908001      0.194182      0.111870     10811 
  2016NO152    18.04      2.929240      0.193978      0.112360     10811 
   2013UQ38    18.05      2.943317      0.199876      0.112488     10811 
   2014GR70    18.05      2.937985      0.196778      0.110814     10811 
   2021UD98    18.05      2.935883      0.202390      0.110546     10811 
  2005VV131    18.05      2.924746      0.207270      0.111024     10811 
   2013UA41    18.06      2.902893      0.192153      0.112138     10811 
  2016NY138    18.06      2.942791      0.205437      0.111289     10811 
  2020HS142    18.06      2.918502      0.192736      0.112111     10811 
   2015TZ73    18.07      2.921297      0.192829      0.111910     10811 
   2019SO33    18.07      2.908222      0.195679      0.111734     10811 
  2014QD203    18.07      2.938226      0.206823      0.112157     10811 
  2014SE150    18.07      2.917332      0.191986      0.112589     10811 
  2015OH132    18.07      2.917603      0.191897      0.111492     10811 
   2015SU45    18.08      2.932282      0.208952      0.111812     10811 
  2010FP143    18.08      2.909591      0.196608      0.112043     10811 
  2014KM132    18.08      2.945315      0.200022      0.111734     10811 
  2014OX418    18.08      2.915030      0.194644      0.111756     10811 
   2012SO76    18.09      2.918111      0.194654      0.111498     10811 
  2014WQ307    18.09      2.939518      0.210727      0.111752     10811 
     474275    18.10      2.907549      0.192435      0.112348     10811 
   2011UZ10    18.10      2.927992      0.192728      0.110417     10811 
   2016KK13    18.10      2.940805      0.205080      0.111156     10811 
   2017HO93    18.10      2.908692      0.194282      0.111799     10811 
  2015BM554    18.10      2.935865      0.205077      0.111714     10811 
   2014XL49    18.11      2.947052      0.203780      0.111121     10811 
   2019SL18    18.11      2.947328      0.201219      0.111097     10811 
  2014OJ375    18.11      2.907358      0.195108      0.111986     10811 
  2011SG340    18.12      2.909644      0.192899      0.110339     10811 
  2017DC132    18.12      2.937305      0.209786      0.111015     10811 
   2012UM47    18.13      2.911619      0.191276      0.110981     10811 
  2003SD465    18.13      2.908358      0.192331      0.111917     10811 
  2016CE208    18.13      2.911451      0.194883      0.112197     10811 
  2016GV300    18.13      2.912994      0.194105      0.111882     10811 
  2015BH616    18.14      2.916073      0.192895      0.112488     10811 
  2015XP461    18.14      2.923145      0.194787      0.111061     10811 
  2016PW209    18.14      2.939433      0.210258      0.111845     10811 
   2017OS86    18.15      2.945482      0.208601      0.111056     10811 
  2011HN111    18.15      2.939750      0.209581      0.111370     10811 
  2015UZ101    18.15      2.909479      0.190630      0.111869     10811 
  2016GB306    18.15      2.912803      0.192395      0.112307     10811 
   2015LG23    18.16      2.907335      0.193844      0.111740     10811 
  2012UZ100    18.16      2.915711      0.192486      0.112774     10811 
  2014QY247    18.16      2.937018      0.205824      0.111289     10811 
  2015FQ442    18.16      2.942156      0.206652      0.111957     10811 
  2008FE148    18.17      2.943987      0.203553      0.111620     10811 
  2011ER103    18.17      2.946261      0.201419      0.110964     10811 
  2015TG290    18.17      2.917426      0.196317      0.111534     10811 
  2014UA178    18.19      2.944551      0.202658      0.111188     10811 
   2020JH14    18.20      2.911443      0.192292      0.110321     10811 
  2011UO381    18.20      2.907108      0.195963      0.111678     10811 
  2014WS571    18.20      2.909560      0.197209      0.112483     10811 
  2015XV105    18.20      2.921296      0.192403      0.112359     10811 
  2016EP313    18.20      2.926663      0.189216      0.111680     10811 
  2016QU133    18.20      2.934552      0.210344      0.111966     10811 
   2014NW86    18.21      2.911788      0.193066      0.111287     10811 
   2015QX26    18.21      2.931142      0.195173      0.111276     10811 
  2006SF118    18.21      2.913777      0.194589      0.111126     10811 
  2015FZ458    18.21      2.937587      0.201550      0.110880     10811 
  2016CK390    18.21      2.909670      0.193016      0.110965     10811 
  2011SN176    18.22      2.935220      0.204090      0.111265     10811 
  2011UO463    18.23      2.920893      0.193657      0.110727     10811 
  2014WQ323    18.23      2.912825      0.193470      0.112160     10811 
   2019GX72    18.24      2.941784      0.204642      0.111177     10811 
  2011UB232    18.24      2.945493      0.211035      0.110503     10811 
   2020MP27    18.25      2.921906      0.194888      0.111632     10811 
  2014OV289    18.25      2.923291      0.197121      0.111235     10811 
   2016WP14    18.26      2.948222      0.206360      0.111622     10811 
  2015HJ223    18.26      2.909588      0.196813      0.111040     10811 
   2015JX20    18.27      2.913130      0.197001      0.111742     10811 
  2006UG387    18.27      2.937145      0.201540      0.111319     10811 
  2016GL138    18.27      2.940245      0.200269      0.111828     10811 
   2011QB80    18.28      2.944543      0.211300      0.112033     10811 
   2011RU35    18.28      2.940434      0.205809      0.111682     10811 
   2014SM49    18.28      2.921907      0.190359      0.110019     10811 
   2017HK65    18.28      2.909642      0.192805      0.112770     10811 
   2019QF23    18.28      2.937732      0.202370      0.112058     10811 
  1999VS152    18.28      2.917437      0.196911      0.111683     10811 
  2015PJ196    18.29      2.924799      0.192131      0.111993     10811 
   2020TL70    18.30      2.941397      0.204790      0.111370     10811 
  2014JO124    18.30      2.913642      0.190605      0.111717     10811 
  2014OO425    18.30      2.912482      0.190837      0.111035     10811 
  2015XO472    18.30      2.907396      0.193667      0.111671     10811 
  2016ES298    18.30      2.931191      0.191961      0.111843     10811 
  2009DX133    18.31      2.926620      0.198452      0.111785     10811 
  2010RG211    18.31      2.929308      0.195645      0.110879     10811 
  2012UO159    18.32      2.917387      0.190609      0.112416     10811 
  2013AE205    18.32      2.914138      0.192563      0.112295     10811 
  2016AX350    18.32      2.927317      0.193917      0.111139     10811 
  2007TT327    18.34      2.922777      0.208338      0.111090     10811 
  2014KP122    18.34      2.911451      0.192564      0.111983     10811 
  2016QS145    18.35      2.918411      0.194981      0.111860     10811 
   2007QD19    18.36      2.938490      0.210013      0.111425     10811 
   2015BY83    18.37      2.920476      0.192827      0.111519     10811 
   2013HY44    18.38      2.911009      0.198247      0.112589     10811 
  2008TP234    18.39      2.940075      0.195186      0.112190     10811 
  2013PJ118    18.39      2.909655      0.194844      0.111670     10811 
  2016NW148    18.39      2.944768      0.202186      0.110095     10811 
  2017DN148    18.40      2.912743      0.195396      0.112917     10811 
  2008SN349    18.41      2.946246      0.206440      0.111681     10811 
  2015BR108    18.41      2.916170      0.194824      0.112321     10811 
   2021NH38    18.42      2.921797      0.195094      0.111756     10811 
   2021NY51    18.42      2.911695      0.193524      0.112132     10811 
  2003WD214    18.44      2.923056      0.198017      0.111448     10811 
   2005VZ22    18.45      2.944496      0.208735      0.111810     10811 
  2014UJ280    18.45      2.912846      0.193830      0.112125     10811 
  2014WY309    18.45      2.911871      0.195158      0.111293     10811 
   2014RU67    18.47      2.911080      0.194001      0.111850     10811 
  2011UP240    18.47      2.932792      0.198539      0.111321     10811 
  2014QQ506    18.48      2.924820      0.194881      0.111444     10811 
  2014TV101    18.48      2.916627      0.198476      0.111693     10811 
   2011VC35    18.49      2.915559      0.196224      0.111216     10811 
   2013VL57    18.49      2.924984      0.194091      0.110846     10811 
  2015RA361    18.49      2.914278      0.193843      0.111291     10811 
  2015XM473    18.49      2.944458      0.206019      0.111545     10811 
   2010PJ91    18.50      2.930629      0.199493      0.111876     10811 
   2014SP25    18.50      2.940520      0.198356      0.109716     10811 
   2015LX59    18.50      2.912712      0.200208      0.111303     10811 
   2018NT43    18.51      2.936266      0.205214      0.111615     10811 
   2004TG59    18.53      2.916453      0.195752      0.111057     10811 
  2010TN235    18.53      2.932052      0.194246      0.111694     10811 
  2015BS469    18.53      2.916222      0.192772      0.112897     10811 
   2013DY20    18.55      2.929271      0.191131      0.110449     10811 
  2014UN166    18.56      2.921759      0.204533      0.112378     10811 
  2015TX454    18.56      2.912657      0.193353      0.112333     10811 
  2016EO299    18.58      2.912005      0.194397      0.112272     10811 
  2016PA218    18.59      2.913436      0.192625      0.112172     10811 
   2017SM65    18.61      2.916565      0.197590      0.111142     10811 
   2016RE84    18.62      2.940770      0.207750      0.111475     10811 
  2016GZ323    18.63      2.918264      0.193430      0.111764     10811 
   2020PB47    18.64      2.915037      0.192415      0.111236     10811 
  2010TA223    18.64      2.942795      0.199804      0.112414     10811 
   2016FR91    18.65      2.947154      0.207899      0.110926     10811 
  2014QX381    18.68      2.942756      0.208865      0.111425     10811 
  2015TF449    18.68      2.913980      0.196356      0.111495     10811 
   2011RM37    18.72      2.943829      0.204170      0.111568     10811 
   1999WL25    18.73      2.937550      0.208728      0.111569     10811 
  2016QW139    18.75      2.914505      0.199195      0.111825     10811 
  2014QY531    18.77      2.912263      0.196037      0.111637     10811 
  2009UG173    18.80      2.928103      0.196500      0.111831     10811 
  2015RO131    18.84      2.907119      0.192058      0.110825     10811 
  2017BY200    18.84      2.915308      0.195770      0.110965     10811 
   2013NE63    18.88      2.925467      0.195096      0.112020     10811 
  2014KH121    18.89      2.939833      0.207113      0.111811     10811 
  2015BZ363    18.91      2.909516      0.195935      0.111658     10811 
  2011UQ484    18.92      2.917010      0.191903      0.111103     10811 
   2015SS52    18.95      2.943150      0.203019      0.110614     10811 
  2011SL146    19.07      2.933851      0.205765      0.112030     10811 
  2016UG129    19.13      2.919606      0.193473      0.110934     10811 
  2015HS231    19.15      2.947789      0.203726      0.112582     10811 
  2014QL513    19.16      2.927820      0.193405      0.111924     10811 
