       1128    10.88      2.787505      0.048007      0.011484      1128 
       2169    12.59      2.788572      0.047715      0.011899      1128 
       2852    12.70      2.785257      0.048183      0.011978      1128 
      12563    12.89      2.742883      0.049976      0.015547      1128 
       8008    13.13      2.780486      0.047235      0.012412      1128 
       7817    13.28      2.784414      0.046947      0.011536      1128 
      13741    13.66      2.790886      0.048310      0.011663      1128 
      10533    13.67      2.789899      0.048252      0.011712      1128 
       8818    13.82      2.785579      0.048600      0.011800      1128 
      11879    14.14      2.783547      0.047877      0.011702      1128 
      33699    14.21      2.789989      0.049614      0.011724      1128 
      29249    14.28      2.780496      0.048102      0.011679      1128 
      57429    14.32      2.776567      0.048001      0.012571      1128 
      55281    14.50      2.780179      0.047912      0.012120      1128 
      24162    14.55      2.780243      0.047811      0.011501      1128 
      53227    14.66      2.778906      0.048327      0.011504      1128 
      14008    14.67      2.778003      0.048667      0.011910      1128 
      21710    14.68      2.780665      0.048660      0.011907      1128 
      48698    14.68      2.781686      0.048538      0.011312      1128 
      15045    14.69      2.778011      0.048152      0.011597      1128 
      12382    14.70      2.785197      0.048435      0.011559      1128 
      55197    14.71      2.791404      0.047222      0.012275      1128 
      24783    14.72      2.798666      0.049536      0.011378      1128 
      18274    14.77      2.775999      0.047812      0.011756      1128 
      59884    14.80      2.777275      0.047940      0.011979      1128 
      34017    14.84      2.776110      0.047450      0.011576      1128 
      21897    14.85      2.780587      0.048414      0.011475      1128 
      34646    14.93      2.789799      0.046550      0.012199      1128 
     139922    14.93      2.777724      0.047763      0.011659      1128 
      83109    14.97      2.776418      0.047769      0.011294      1128 
      43124    14.98      2.781014      0.047801      0.012504      1128 
      32598    15.00      2.778479      0.047683      0.011398      1128 
      52106    15.03      2.775896      0.047672      0.012244      1128 
      75974    15.12      2.781787      0.048218      0.011084      1128 
      22237    15.13      2.781455      0.048827      0.012343      1128 
      99143    15.16      2.777404      0.047512      0.012737      1128 
      95304    15.21      2.778831      0.047895      0.012210      1128 
      85074    15.22      2.784403      0.050007      0.012387      1128 
      73790    15.24      2.780324      0.049058      0.011284      1128 
     103740    15.24      2.781606      0.049430      0.012448      1128 
      66884    15.25      2.801608      0.049594      0.012516      1128 
      61838    15.29      2.775447      0.047911      0.011325      1128 
      72601    15.31      2.778807      0.048241      0.011087      1128 
      62255    15.36      2.771893      0.047766      0.012524      1128 
      81368    15.39      2.784089      0.049988      0.010987      1128 
     113504    15.39      2.803282      0.049611      0.012303      1128 
      47622    15.40      2.772697      0.047588      0.011910      1128 
     111374    15.40      2.794477      0.048239      0.012941      1128 
      89849    15.43      2.784016      0.047790      0.012571      1128 
      41099    15.46      2.791262      0.046357      0.009133      1128 
      99131    15.49      2.797218      0.047682      0.011558      1128 
      81508    15.51      2.782748      0.050369      0.011421      1128 
     119355    15.56      2.797385      0.047981      0.013395      1128 
      48284    15.57      2.781448      0.049544      0.011696      1128 
     115729    15.58      2.777687      0.048486      0.011292      1128 
      82840    15.60      2.800895      0.048337      0.012751      1128 
     104724    15.60      2.780416      0.050063      0.012387      1128 
      72402    15.61      2.796097      0.047628      0.012346      1128 
     104460    15.61      2.771605      0.047572      0.011142      1128 
      93734    15.62      2.773224      0.048197      0.011957      1128 
     110258    15.63      2.771325      0.047315      0.012030      1128 
     133258    15.63      2.783746      0.050010      0.013638      1128 
     100724    15.67      2.782429      0.045457      0.010293      1128 
      41150    15.68      2.775857      0.048132      0.011829      1128 
     166530    15.69      2.796561      0.048088      0.012347      1128 
      86725    15.72      2.803682      0.049167      0.011171      1128 
     132916    15.75      2.771448      0.054727      0.013345      1128 
     196832    15.76      2.785163      0.049509      0.011649      1128 
     115983    15.77      2.776542      0.048122      0.012709      1128 
     122945    15.80      2.764078      0.054190      0.015904      1128 
     131220    15.81      2.779572      0.050952      0.014857      1128 
     154106    15.82      2.781674      0.048512      0.012633      1128 
     157441    15.82      2.803337      0.048722      0.011873      1128 
      84813    15.84      2.778496      0.049340      0.011962      1128 
     117702    15.85      2.772121      0.047931      0.011606      1128 
     116446    15.86      2.769915      0.047272      0.012050      1128 
      66698    15.87      2.775028      0.048708      0.010477      1128 
     136198    15.87      2.780881      0.049990      0.011466      1128 
      60782    15.89      2.780304      0.047502      0.011581      1128 
      88867    15.89      2.771786      0.047654      0.011643      1128 
     152475    15.89      2.777984      0.048145      0.012305      1128 
     125794    15.91      2.772862      0.049215      0.012428      1128 
     147863    15.91      2.752448      0.045501      0.017598      1128 
      30680    15.92      2.801661      0.048144      0.010728      1128 
     115504    15.94      2.799457      0.048831      0.010911      1128 
     121123    15.94      2.775806      0.047805      0.010300      1128 
     159429    15.94      2.800117      0.047660      0.011364      1128 
     185533    15.94      2.768593      0.047763      0.011621      1128 
     129318    15.95      2.781229      0.048341      0.012153      1128 
     155144    15.95      2.777485      0.048909      0.012514      1128 
      99903    15.96      2.776376      0.048725      0.011235      1128 
      64845    15.97      2.773924      0.048481      0.012315      1128 
      65888    15.97      2.795910      0.046957      0.010383      1128 
     105903    15.98      2.773670      0.048400      0.010858      1128 
      74375    15.99      2.803964      0.049468      0.012405      1128 
      85266    15.99      2.769309      0.047547      0.012195      1128 
      89154    16.02      2.801118      0.047575      0.012253      1128 
     146732    16.03      2.770849      0.048396      0.012198      1128 
     151325    16.03      2.772913      0.048616      0.011444      1128 
     157378    16.03      2.776065      0.049031      0.012590      1128 
     158940    16.03      2.800252      0.050819      0.012788      1128 
     100420    16.04      2.780608      0.050657      0.012111      1128 
     147800    16.04      2.792994      0.046911      0.011348      1128 
     120663    16.06      2.768813      0.047017      0.011596      1128 
     166750    16.06      2.771869      0.048903      0.012752      1128 
     103494    16.07      2.777842      0.049665      0.012474      1128 
     120605    16.09      2.775014      0.048131      0.010939      1128 
     196771    16.11      2.796565      0.047383      0.011998      1128 
     133710    16.13      2.802836      0.049362      0.012260      1128 
     154066    16.13      2.771693      0.048801      0.012906      1128 
     190304    16.13      2.777086      0.050487      0.010961      1128 
     120105    16.14      2.773418      0.047556      0.012451      1128 
     172258    16.14      2.774154      0.047694      0.011500      1128 
     198472    16.14      2.796977      0.047056      0.011870      1128 
     110625    16.15      2.771206      0.049097      0.011312      1128 
     158533    16.15      2.805320      0.049341      0.012498      1128 
     106112    16.16      2.769733      0.049414      0.012222      1128 
     192822    16.17      2.777408      0.049734      0.010862      1128 
     213693    16.17      2.793229      0.047786      0.013033      1128 
     116138    16.18      2.773653      0.048792      0.012314      1128 
     148887    16.18      2.772724      0.047252      0.011268      1128 
     207934    16.18      2.770934      0.047918      0.012153      1128 
     146656    16.19      2.777637      0.049838      0.011896      1128 
     185500    16.19      2.787466      0.051095      0.010486      1128 
     192701    16.19      2.748772      0.051467      0.018976      1128 
     223707    16.19      2.778112      0.049558      0.010963      1128 
     255006    16.20      2.773109      0.047378      0.011028      1128 
     136772    16.21      2.775951      0.047803      0.012869      1128 
     159891    16.22      2.776635      0.049081      0.011679      1128 
     176336    16.23      2.770114      0.048511      0.010833      1128 
     145203    16.25      2.781045      0.049048      0.011362      1128 
     152379    16.25      2.769801      0.047574      0.012028      1128 
     173760    16.25      2.768775      0.047608      0.011255      1128 
     117619    16.26      2.767585      0.047264      0.013058      1128 
     214622    16.26      2.812235      0.050815      0.011473      1128 
     136171    16.27      2.767828      0.047149      0.012646      1128 
     161391    16.27      2.765590      0.050019      0.012666      1128 
     164080    16.27      2.774549      0.046271      0.011644      1128 
     187345    16.27      2.767929      0.047831      0.012916      1128 
     229817    16.27      2.765903      0.048256      0.013697      1128 
     265400    16.27      2.775766      0.050419      0.013531      1128 
     172875    16.28      2.772199      0.049494      0.010928      1128 
     146731    16.29      2.765836      0.047169      0.012831      1128 
     150152    16.30      2.762756      0.047315      0.004751      1128 
     145581    16.31      2.805363      0.048270      0.012897      1128 
     199550    16.31      2.773016      0.047543      0.009917      1128 
     121519    16.32      2.774555      0.047655      0.011236      1128 
     210253    16.33      2.768884      0.048677      0.012855      1128 
     232147    16.33      2.772597      0.047685      0.012381      1128 
     157428    16.35      2.808852      0.049997      0.009235      1128 
     203712    16.35      2.778004      0.049399      0.011915      1128 
     219833    16.35      2.796104      0.050312      0.013166      1128 
     159042    16.36      2.768391      0.047362      0.013642      1128 
     178239    16.36      2.770977      0.048067      0.011073      1128 
     227957    16.36      2.769989      0.048347      0.011280      1128 
     128647    16.37      2.775051      0.048484      0.010952      1128 
     146678    16.38      2.771468      0.048201      0.012634      1128 
     184767    16.38      2.775557      0.048973      0.012344      1128 
     136774    16.39      2.797072      0.049927      0.012052      1128 
     212191    16.39      2.778271      0.050491      0.012713      1128 
     232524    16.39      2.770620      0.048497      0.010984      1128 
     246435    16.39      2.809879      0.049478      0.012268      1128 
     185405    16.40      2.801531      0.047827      0.012121      1128 
     198301    16.40      2.773166      0.047600      0.012548      1128 
     199768    16.40      2.776430      0.049990      0.011816      1128 
     209867    16.40      2.803312      0.048318      0.011421      1128 
     212961    16.40      2.766408      0.046813      0.013412      1128 
     239152    16.40      2.773680      0.049272      0.012958      1128 
     178355    16.41      2.768532      0.048581      0.010723      1128 
     227563    16.41      2.771172      0.047617      0.012426      1128 
     241835    16.41      2.775316      0.048672      0.011621      1128 
     118375    16.42      2.752458      0.056069      0.018405      1128 
     192074    16.42      2.804285      0.048921      0.010976      1128 
     209808    16.42      2.766302      0.049817      0.013148      1128 
     216364    16.42      2.795323      0.047418      0.012637      1128 
     360043    16.42      2.781090      0.047489      0.011607      1128 
     147743    16.43      2.777317      0.050938      0.014184      1128 
     216123    16.43      2.804768      0.049369      0.009106      1128 
     227564    16.43      2.802401      0.046211      0.010532      1128 
     246931    16.43      2.779526      0.049037      0.011879      1128 
     298262    16.43      2.766267      0.047701      0.012802      1128 
     201646    16.44      2.774717      0.050987      0.013468      1128 
     304333    16.44      2.746926      0.049422      0.006383      1128 
     217440    16.45      2.767292      0.047501      0.010750      1128 
     209728    16.46      2.768671      0.049100      0.011677      1128 
     213312    16.46      2.772350      0.049334      0.013959      1128 
     304184    16.46      2.754575      0.051262      0.020342      1128 
     159220    16.47      2.780209      0.051203      0.011803      1128 
     212523    16.47      2.801482      0.048992      0.012877      1128 
     254852    16.47      2.771646      0.047325      0.012469      1128 
     273031    16.47      2.806762      0.049799      0.012620      1128 
     294332    16.47      2.803438      0.047959      0.014523      1128 
     155237    16.48      2.795014      0.046207      0.008928      1128 
     181614    16.48      2.769160      0.049488      0.012996      1128 
     185209    16.48      2.766041      0.047193      0.011358      1128 
     214630    16.48      2.773176      0.048271      0.011177      1128 
     237039    16.48      2.773617      0.048749      0.012151      1128 
     246852    16.48      2.800488      0.047202      0.010376      1128 
     152350    16.49      2.813911      0.051519      0.010261      1128 
     211209    16.49      2.804610      0.051104      0.012467      1128 
     227956    16.49      2.786901      0.048545      0.012438      1128 
     166492    16.50      2.771086      0.047296      0.012974      1128 
     214671    16.50      2.779647      0.048574      0.011052      1128 
     233869    16.50      2.772057      0.047570      0.011656      1128 
     322441    16.50      2.771654      0.050468      0.012392      1128 
     161808    16.51      2.773530      0.050279      0.014050      1128 
     208151    16.51      2.780568      0.048762      0.012142      1128 
     224623    16.51      2.770941      0.048237      0.010203      1128 
     281986    16.51      2.808707      0.048850      0.012045      1128 
     304295    16.52      2.818810      0.047116      0.016712      1128 
     318957    16.52      2.782011      0.048009      0.011208      1128 
     227989    16.53      2.799095      0.046492      0.013305      1128 
     229166    16.53      2.767721      0.047644      0.010466      1128 
     234865    16.53      2.814812      0.050723      0.012401      1128 
     250672    16.53      2.804212      0.048466      0.011624      1128 
     354323    16.53      2.769966      0.048268      0.011656      1128 
     206117    16.54      2.772832      0.047909      0.010132      1128 
     254867    16.54      2.771588      0.048773      0.012110      1128 
     248441    16.55      2.814247      0.050379      0.011409      1128 
     164584    16.56      2.764007      0.046732      0.008532      1128 
     207814    16.56      2.771775      0.048492      0.013250      1128 
     226911    16.56      2.773778      0.049458      0.012857      1128 
     158986    16.57      2.771056      0.048231      0.012663      1128 
     214640    16.57      2.801283      0.048746      0.010774      1128 
     281594    16.57      2.740417      0.050607      0.015324      1128 
     321217    16.57      2.748652      0.055498      0.013983      1128 
     353674    16.57      2.806116      0.047858      0.010322      1128 
   2013QF19    16.57      2.775009      0.049726      0.012405      1128 
     155142    16.58      2.761851      0.047386      0.020251      1128 
     245934    16.58      2.810128      0.050659      0.013128      1128 
  2012TO126    16.58      2.768472      0.048500      0.012698      1128 
     249960    16.59      2.770522      0.049518      0.013621      1128 
     343372    16.59      2.774477      0.051458      0.013750      1128 
     188702    16.60      2.808457      0.047869      0.013668      1128 
     130221    16.61      2.773276      0.050000      0.011389      1128 
     183405    16.61      2.764132      0.046769      0.010644      1128 
     191846    16.61      2.769587      0.048556      0.013387      1128 
     232912    16.61      2.769136      0.048502      0.011057      1128 
     252570    16.61      2.769323      0.047478      0.011626      1128 
     256236    16.61      2.768547      0.049683      0.012028      1128 
     277736    16.61      2.804356      0.047223      0.010573      1128 
     300063    16.61      2.778351      0.048866      0.011522      1128 
     191812    16.62      2.772758      0.051536      0.010889      1128 
     252566    16.62      2.765249      0.047819      0.016032      1128 
     265778    16.62      2.768901      0.049928      0.011884      1128 
     199738    16.63      2.769244      0.048047      0.013199      1128 
     238669    16.63      2.767891      0.049733      0.013312      1128 
     243155    16.63      2.770525      0.049188      0.011744      1128 
     272892    16.63      2.774492      0.051509      0.013001      1128 
     421270    16.63      2.775337      0.051103      0.010752      1128 
     181396    16.64      2.762285      0.047552      0.005583      1128 
     191793    16.64      2.771807      0.049808      0.010795      1128 
     204853    16.64      2.795522      0.046761      0.012687      1128 
     224949    16.64      2.809489      0.047868      0.010864      1128 
     320394    16.64      2.815434      0.050807      0.013592      1128 
     310302    16.65      2.810180      0.049113      0.012086      1128 
     140590    16.66      2.772341      0.048403      0.010584      1128 
     164993    16.66      2.762512      0.047876      0.016585      1128 
     182671    16.66      2.805554      0.047071      0.012204      1128 
     196711    16.66      2.811931      0.049110      0.012096      1128 
     218769    16.66      2.782280      0.047958      0.010090      1128 
     243007    16.66      2.769031      0.049633      0.012273      1128 
     300755    16.66      2.762876      0.048908      0.003868      1128 
     210365    16.67      2.771767      0.047975      0.012952      1128 
     223801    16.67      2.803602      0.047440      0.011236      1128 
     247367    16.67      2.768406      0.048028      0.011011      1128 
     281693    16.67      2.768645      0.048348      0.012906      1128 
     182722    16.68      2.759126      0.047634      0.019713      1128 
     211382    16.68      2.774482      0.048803      0.009659      1128 
     214621    16.68      2.772523      0.049081      0.011975      1128 
     239058    16.68      2.767613      0.048809      0.010909      1128 
     261228    16.68      2.765192      0.049026      0.012914      1128 
     277804    16.68      2.812379      0.050695      0.010942      1128 
     323989    16.68      2.760998      0.047931      0.006234      1128 
     238638    16.69      2.810644      0.047792      0.013047      1128 
     203735    16.70      2.801198      0.047789      0.012658      1128 
     308840    16.70      2.763050      0.046776      0.003591      1128 
     160440    16.71      2.790273      0.050691      0.013233      1128 
     231770    16.71      2.765119      0.049012      0.017284      1128 
     236564    16.71      2.769680      0.048174      0.012141      1128 
     246669    16.71      2.768467      0.049536      0.011991      1128 
     277690    16.71      2.776623      0.051139      0.013664      1128 
     322491    16.71      2.772378      0.049890      0.010583      1128 
     494042    16.71      2.771068      0.048111      0.013005      1128 
     192321    16.72      2.766488      0.048763      0.012370      1128 
     243059    16.72      2.767230      0.048407      0.011258      1128 
     353476    16.72      2.782043      0.052183      0.011810      1128 
     147809    16.73      2.768041      0.047398      0.011347      1128 
     268156    16.73      2.813610      0.047891      0.012398      1128 
     277536    16.73      2.770965      0.049858      0.012355      1128 
     336433    16.73      2.762495      0.046675      0.006731      1128 
     421245    16.73      2.808721      0.047754      0.013030      1128 
     234020    16.74      2.770769      0.049577      0.011288      1128 
     219040    16.75      2.765685      0.048049      0.009207      1128 
     233807    16.75      2.765775      0.047924      0.010502      1128 
     276138    16.75      2.768366      0.049188      0.012775      1128 
     188732    16.76      2.763215      0.048462      0.015330      1128 
     215315    16.76      2.783256      0.048213      0.014724      1128 
     296840    16.76      2.803267      0.051025      0.013344      1128 
     179107    16.77      2.770164      0.048874      0.011038      1128 
     248806    16.77      2.815803      0.049373      0.013175      1128 
     255045    16.77      2.806134      0.048868      0.012942      1128 
     280155    16.77      2.762389      0.047136      0.012312      1128 
     316418    16.77      2.763638      0.047919      0.016681      1128 
     338675    16.77      2.766011      0.050343      0.014060      1128 
     185078    16.78      2.809447      0.047640      0.012920      1128 
     213736    16.78      2.808834      0.048618      0.011432      1128 
     315741    16.78      2.764217      0.047729      0.021957      1128 
     318830    16.78      2.764191      0.047298      0.015126      1128 
     202586    16.79      2.768061      0.045513      0.010048      1128 
     299218    16.79      2.764680      0.047904      0.017957      1128 
     318941    16.79      2.767360      0.048147      0.013822      1128 
     382359    16.79      2.786709      0.047907      0.012815      1128 
     490906    16.79      2.811664      0.050718      0.012919      1128 
     301464    16.80      2.812258      0.048308      0.012289      1128 
     308902    16.80      2.796389      0.045137      0.010715      1128 
     361293    16.81      2.810751      0.048747      0.011905      1128 
     361384    16.81      2.777146      0.051078      0.011267      1128 
     257040    16.82      2.806710      0.047633      0.010094      1128 
     331349    16.82      2.773068      0.050092      0.012454      1128 
     277761    16.83      2.773218      0.050500      0.011406      1128 
     210280    16.84      2.811545      0.048813      0.010364      1128 
     257068    16.84      2.770408      0.049565      0.012452      1128 
     273074    16.84      2.808558      0.049564      0.009753      1128 
     292022    16.84      2.767490      0.049316      0.012672      1128 
     315826    16.84      2.784696      0.047854      0.011436      1128 
     318756    16.84      2.769762      0.049800      0.010312      1128 
     334848    16.84      2.780472      0.049654      0.012103      1128 
   2006AO40    16.84      2.807821      0.046783      0.012011      1128 
     199295    16.85      2.754654      0.043803      0.014008      1128 
     231305    16.85      2.762728      0.048151      0.014301      1128 
     272983    16.85      2.764961      0.048666      0.008727      1128 
     280398    16.85      2.769347      0.049043      0.012635      1128 
     355031    16.85      2.811034      0.049636      0.013784      1128 
     233454    16.86      2.761364      0.047584      0.015853      1128 
     251471    16.86      2.774178      0.050068      0.010772      1128 
     269108    16.86      2.762374      0.047564      0.005161      1128 
     322296    16.86      2.775683      0.050967      0.008548      1128 
     433849    16.86      2.768835      0.048351      0.010478      1128 
     468263    16.86      2.777085      0.050212      0.011530      1128 
     221235    16.87      2.763245      0.049310      0.019835      1128 
     305862    16.87      2.771857      0.049112      0.010507      1128 
     321660    16.87      2.758769      0.045702      0.014018      1128 
     356669    16.87      2.779468      0.051919      0.013340      1128 
     369854    16.87      2.763687      0.048446      0.006895      1128 
     392969    16.87      2.768585      0.051172      0.012828      1128 
     184587    16.88      2.788047      0.048295      0.011216      1128 
     246644    16.89      2.768928      0.047282      0.012714      1128 
     269570    16.89      2.779327      0.051848      0.012182      1128 
     290383    16.89      2.764125      0.047622      0.004677      1128 
     296182    16.89      2.759470      0.055751      0.017408      1128 
     387333    16.89      2.788389      0.049120      0.010510      1128 
     171644    16.90      2.778745      0.051110      0.013659      1128 
     346797    16.90      2.808690      0.047566      0.013879      1128 
     449386    16.90      2.760218      0.046519      0.016644      1128 
   2006BA22    16.90      2.769767      0.049179      0.012072      1128 
     203736    16.91      2.812983      0.048421      0.012118      1128 
     261314    16.91      2.820318      0.047954      0.011789      1128 
     318948    16.91      2.767511      0.046263      0.012609      1128 
     342693    16.91      2.758287      0.045172      0.018169      1128 
   2006CZ76    16.91      2.809401      0.048240      0.011982      1128 
     241450    16.92      2.809846      0.050812      0.011027      1128 
     323951    16.92      2.768684      0.048037      0.012963      1128 
     343478    16.92      2.769431      0.049718      0.010510      1128 
     372707    16.92      2.764657      0.046637      0.017806      1128 
     421265    16.92      2.804927      0.048402      0.009375      1128 
     261043    16.93      2.803136      0.048313      0.009362      1128 
     273081    16.93      2.778029      0.049355      0.010195      1128 
     446205    16.93      2.817019      0.049968      0.011311      1128 
     490987    16.93      2.775520      0.050250      0.012828      1128 
     540182    16.93      2.761799      0.049274      0.011791      1128 
     272936    16.94      2.764511      0.050752      0.013864      1128 
     376172    16.94      2.777090      0.050927      0.011938      1128 
     201672    16.95      2.769634      0.049914      0.012886      1128 
     261155    16.95      2.755136      0.046551      0.008024      1128 
     275013    16.95      2.762596      0.047471      0.009441      1128 
     277549    16.95      2.760005      0.046758      0.015340      1128 
     277656    16.95      2.763800      0.048008      0.008605      1128 
     318488    16.95      2.801460      0.047708      0.014344      1128 
     426687    16.95      2.771064      0.049849      0.011111      1128 
     233361    16.96      2.768376      0.047406      0.009992      1128 
     318745    16.96      2.813525      0.050266      0.009968      1128 
     318923    16.96      2.766233      0.048021      0.009425      1128 
     335177    16.96      2.799802      0.048174      0.012749      1128 
     380915    16.96      2.810556      0.048079      0.012843      1128 
     382221    16.96      2.766049      0.048286      0.012992      1128 
     387640    16.96      2.792113      0.047199      0.011314      1128 
     248798    16.97      2.764577      0.049518      0.009867      1128 
     261308    16.97      2.763533      0.049006      0.019361      1128 
     317205    16.97      2.775615      0.050748      0.010607      1128 
     353679    16.97      2.779343      0.048194      0.011383      1128 
     361290    16.97      2.764423      0.047069      0.007755      1128 
     376249    16.97      2.767072      0.048360      0.010710      1128 
     512532    16.97      2.778249      0.048656      0.011908      1128 
     188768    16.98      2.778455      0.050704      0.012386      1128 
     233850    16.98      2.775718      0.051980      0.013482      1128 
     290516    16.98      2.767626      0.048953      0.009964      1128 
     290645    16.98      2.777391      0.047742      0.011695      1128 
     469239    16.98      2.756947      0.047156      0.003590      1128 
     223729    16.99      2.769883      0.046667      0.011905      1128 
     268080    16.99      2.768637      0.048908      0.010511      1128 
     277552    16.99      2.767182      0.047740      0.014442      1128 
     312933    16.99      2.770533      0.048980      0.012046      1128 
     320028    16.99      2.763079      0.047082      0.008478      1128 
     376278    16.99      2.768968      0.049946      0.011695      1128 
     605695    16.99      2.765156      0.047424      0.019222      1128 
     281878    17.00      2.767885      0.049348      0.010023      1128 
     294768    17.00      2.772948      0.047618      0.011675      1128 
     318302    17.00      2.779093      0.047437      0.010524      1128 
     346019    17.00      2.810434      0.046664      0.010592      1128 
     359447    17.01      2.811470      0.047304      0.012758      1128 
     361281    17.01      2.757754      0.049367      0.013066      1128 
     387054    17.01      2.767015      0.050485      0.013064      1128 
     433791    17.01      2.761944      0.047310      0.015835      1128 
     512795    17.01      2.766361      0.050437      0.014643      1128 
     166496    17.02      2.765623      0.048657      0.010474      1128 
     278906    17.02      2.778325      0.051438      0.013114      1128 
     289970    17.02      2.768751      0.049403      0.013150      1128 
     291682    17.02      2.764411      0.046432      0.017081      1128 
     396014    17.02      2.773068      0.049963      0.011386      1128 
   2016AU33    17.02      2.808865      0.049591      0.012527      1128 
     599837    17.03      2.814780      0.048214      0.011861      1128 
     201948    17.04      2.776995      0.047009      0.012223      1128 
     221383    17.04      2.768102      0.046210      0.014222      1128 
     260980    17.04      2.809956      0.049339      0.011925      1128 
     278850    17.04      2.802231      0.049509      0.010676      1128 
     288598    17.04      2.804739      0.046059      0.011950      1128 
     296761    17.04      2.770897      0.050920      0.013974      1128 
     435269    17.04      2.806053      0.046828      0.010784      1128 
     574107    17.04      2.772044      0.050417      0.011036      1128 
     227457    17.05      2.767754      0.049975      0.011293      1128 
     241156    17.05      2.769978      0.049286      0.010088      1128 
     258140    17.05      2.754863      0.047730      0.006383      1128 
     294770    17.05      2.783087      0.052782      0.012825      1128 
     347442    17.05      2.773511      0.050322      0.012283      1128 
     349350    17.05      2.782723      0.050342      0.012931      1128 
     387158    17.05      2.762284      0.047994      0.017264      1128 
   2012TJ30    17.05      2.757312      0.045988      0.019920      1128 
  2012TA299    17.05      2.779171      0.050075      0.011642      1128 
     290482    17.06      2.779659      0.046379      0.012948      1128 
     454842    17.06      2.814554      0.049338      0.012486      1128 
     558000    17.06      2.800833      0.047489      0.014677      1128 
     210261    17.07      2.799131      0.046327      0.010834      1128 
     311864    17.07      2.773436      0.051103      0.012785      1128 
     346792    17.07      2.759651      0.047878      0.012698      1128 
     348105    17.07      2.805384      0.047091      0.014479      1128 
     364408    17.07      2.760313      0.045041      0.007722      1128 
     237340    17.08      2.761386      0.047869      0.008888      1128 
     282390    17.08      2.767518      0.050572      0.013549      1128 
     295639    17.08      2.799366      0.047237      0.013980      1128 
     296679    17.08      2.760290      0.047205      0.019963      1128 
     308924    17.08      2.767210      0.048031      0.009846      1128 
     311711    17.08      2.760340      0.048193      0.017399      1128 
     330930    17.08      2.809062      0.048947      0.008663      1128 
     346691    17.08      2.817089      0.049650      0.011390      1128 
     421718    17.08      2.802438      0.047293      0.011149      1128 
     426773    17.08      2.804624      0.046989      0.013703      1128 
     460785    17.08      2.813499      0.048326      0.011068      1128 
     468390    17.08      2.760280      0.045776      0.019093      1128 
     514449    17.08      2.761044      0.047598      0.016439      1128 
     535959    17.08      2.770508      0.050552      0.012483      1128 
     290634    17.09      2.768916      0.050638      0.012764      1128 
     304230    17.09      2.796675      0.048756      0.011926      1128 
     388630    17.09      2.790791      0.048375      0.010459      1128 
     435928    17.09      2.814015      0.049262      0.010474      1128 
     444600    17.09      2.805348      0.046548      0.011016      1128 
   2013GC62    17.09      2.791037      0.047590      0.012916      1128 
     464048    17.10      2.804109      0.045921      0.009080      1128 
     488311    17.10      2.817094      0.049341      0.011266      1128 
     309044    17.11      2.818955      0.045729      0.012726      1128 
     316231    17.11      2.800148      0.048740      0.012184      1128 
     331021    17.11      2.765477      0.048739      0.013506      1128 
     428845    17.11      2.818814      0.048677      0.013829      1128 
     446466    17.11      2.769740      0.049816      0.012106      1128 
     448995    17.11      2.816513      0.050628      0.013427      1128 
     535377    17.11      2.808968      0.048343      0.014189      1128 
     261002    17.12      2.792282      0.047568      0.013631      1128 
     285138    17.12      2.777761      0.051186      0.010813      1128 
     288172    17.12      2.767966      0.050030      0.011742      1128 
     295103    17.12      2.766057      0.048348      0.011192      1128 
     308923    17.12      2.814016      0.047367      0.011498      1128 
     377880    17.12      2.773957      0.051933      0.011384      1128 
     438577    17.12      2.818691      0.050676      0.011753      1128 
     444964    17.12      2.780863      0.048436      0.012041      1128 
     476223    17.12      2.771614      0.050471      0.008995      1128 
   2013AB38    17.12      2.761621      0.049135      0.004613      1128 
     279212    17.13      2.770904      0.050470      0.012263      1128 
     290771    17.13      2.777697      0.052420      0.013048      1128 
     402736    17.13      2.762994      0.048410      0.012559      1128 
     318873    17.14      2.760954      0.046884      0.016693      1128 
     427105    17.14      2.770284      0.050199      0.012693      1128 
     502482    17.14      2.789422      0.047925      0.011080      1128 
  2006KH137    17.14      2.807686      0.048119      0.012953      1128 
     275033    17.15      2.766617      0.047680      0.011510      1128 
     375012    17.15      2.769138      0.047708      0.012763      1128 
     398564    17.15      2.762503      0.046051      0.004332      1128 
     407416    17.15      2.756383      0.047656      0.009520      1128 
   2014MM73    17.15      2.763559      0.048355      0.015340      1128 
     260903    17.16      2.756701      0.049997      0.011963      1128 
     288467    17.16      2.760196      0.049581      0.016964      1128 
     300653    17.16      2.767120      0.047661      0.010455      1128 
     316326    17.16      2.758981      0.046705      0.007477      1128 
     464546    17.16      2.769207      0.050393      0.011428      1128 
     309020    17.17      2.766497      0.049216      0.011045      1128 
     320287    17.17      2.762219      0.048645      0.013735      1128 
     405578    17.17      2.760330      0.048274      0.003879      1128 
     614778    17.17      2.771922      0.052115      0.009716      1128 
     205141    17.18      2.754068      0.048720      0.013228      1128 
     290688    17.18      2.762773      0.052987      0.013504      1128 
     336283    17.18      2.776642      0.049478      0.014490      1128 
     369379    17.18      2.769261      0.049940      0.011817      1128 
     419125    17.18      2.765659      0.048780      0.012804      1128 
     540824    17.18      2.773377      0.047549      0.011948      1128 
  2014OU403    17.18      2.756507      0.047336      0.012914      1128 
     331994    17.19      2.764451      0.049101      0.012141      1128 
     342909    17.19      2.766507      0.047084      0.013405      1128 
     347084    17.19      2.800547      0.047623      0.010836      1128 
     374614    17.19      2.807990      0.047560      0.012842      1128 
     403652    17.19      2.779042      0.051822      0.013504      1128 
     431971    17.19      2.763994      0.048031      0.018649      1128 
     441227    17.19      2.769898      0.049174      0.012566      1128 
     540737    17.19      2.771043      0.051477      0.012911      1128 
   2013CU22    17.19      2.756919      0.048413      0.018249      1128 
     338684    17.20      2.808870      0.047766      0.011871      1128 
     343389    17.20      2.761338      0.048554      0.006250      1128 
     454665    17.20      2.815567      0.049819      0.011857      1128 
     540136    17.20      2.812183      0.050740      0.015183      1128 
   2007BJ88    17.20      2.802440      0.047139      0.012811      1128 
     396132    17.21      2.764362      0.051355      0.011487      1128 
     436855    17.21      2.813381      0.047081      0.010755      1128 
     437534    17.21      2.753934      0.048415      0.012025      1128 
     438821    17.21      2.786318      0.050677      0.012284      1128 
     442314    17.21      2.801443      0.044734      0.011406      1128 
     524711    17.21      2.770422      0.050178      0.010697      1128 
     535852    17.21      2.758409      0.047238      0.016912      1128 
     308908    17.22      2.795924      0.045147      0.010336      1128 
     311685    17.22      2.803306      0.049210      0.012896      1128 
     385019    17.22      2.806162      0.047279      0.010267      1128 
     490838    17.22      2.759222      0.048239      0.011241      1128 
     526938    17.22      2.814896      0.048900      0.011467      1128 
   2014JQ52    17.22      2.771918      0.049351      0.011964      1128 
   2016UG75    17.22      2.815312      0.047064      0.011701      1128 
     315827    17.23      2.760858      0.048748      0.012059      1128 
     322059    17.23      2.808258      0.045815      0.009561      1128 
     361426    17.23      2.754885      0.046835      0.012949      1128 
     413687    17.23      2.777782      0.053468      0.015341      1128 
     454588    17.23      2.768903      0.049476      0.014290      1128 
     460814    17.23      2.773926      0.048587      0.011496      1128 
     472190    17.23      2.763564      0.048892      0.007469      1128 
     506005    17.23      2.771910      0.050109      0.011458      1128 
     295892    17.24      2.816660      0.049510      0.011610      1128 
     362512    17.24      2.752494      0.045604      0.015392      1128 
     519929    17.24      2.769878      0.050086      0.013636      1128 
     573200    17.24      2.804499      0.047924      0.009203      1128 
     275378    17.25      2.794417      0.046950      0.011708      1128 
     395566    17.25      2.761364      0.048648      0.014233      1128 
     547779    17.25      2.766116      0.048773      0.014517      1128 
   2015RF12    17.25      2.763381      0.049973      0.018099      1128 
  2015TN165    17.25      2.813479      0.050775      0.011635      1128 
     345972    17.26      2.764936      0.048022      0.019066      1128 
     389538    17.26      2.814716      0.049124      0.011165      1128 
     431919    17.26      2.766607      0.047633      0.015111      1128 
     432006    17.26      2.802447      0.046649      0.012171      1128 
   2004HE81    17.26      2.761337      0.046720      0.015130      1128 
  2008UH285    17.26      2.771272      0.049787      0.012156      1128 
  2009DA113    17.26      2.802452      0.047207      0.011621      1128 
     321753    17.27      2.768821      0.050019      0.011829      1128 
     330679    17.27      2.756883      0.048018      0.013862      1128 
   2016JG23    17.27      2.766666      0.050936      0.011402      1128 
     291697    17.28      2.764880      0.049511      0.011833      1128 
     351877    17.28      2.810273      0.049207      0.013205      1128 
     437805    17.28      2.773164      0.050025      0.012949      1128 
     458456    17.28      2.796642      0.046221      0.010365      1128 
   2016UU77    17.28      2.807223      0.048621      0.011147      1128 
     274971    17.29      2.768590      0.046968      0.010648      1128 
     289932    17.29      2.766027      0.048171      0.009012      1128 
     322916    17.29      2.811339      0.051547      0.009074      1128 
     428818    17.29      2.816261      0.047225      0.012401      1128 
     447615    17.29      2.767902      0.050946      0.012939      1128 
     471144    17.29      2.761403      0.048087      0.012903      1128 
     502394    17.29      2.773738      0.053785      0.013704      1128 
     281681    17.30      2.818641      0.051942      0.012246      1128 
     425217    17.30      2.771105      0.050421      0.013175      1128 
     428830    17.30      2.817366      0.048937      0.012573      1128 
     593294    17.30      2.778024      0.048150      0.011845      1128 
   2017QD22    17.30      2.771027      0.050009      0.011846      1128 
     311679    17.31      2.758827      0.046407      0.013553      1128 
     444542    17.31      2.765204      0.045343      0.003227      1128 
     474715    17.31      2.813435      0.047745      0.013201      1128 
     493088    17.31      2.761979      0.049388      0.016575      1128 
     611449    17.31      2.817986      0.050639      0.011230      1128 
   2017RK34    17.31      2.758567      0.049162      0.007720      1128 
     345914    17.32      2.811456      0.047875      0.011401      1128 
     371239    17.32      2.798973      0.046745      0.012140      1128 
     384110    17.32      2.759725      0.050282      0.015537      1128 
     469456    17.32      2.763202      0.050009      0.008525      1128 
     476256    17.32      2.771772      0.052065      0.009526      1128 
     491672    17.32      2.774757      0.048733      0.012370      1128 
     556835    17.32      2.765446      0.050427      0.011736      1128 
     563838    17.32      2.764859      0.049180      0.013239      1128 
     611084    17.32      2.775076      0.052223      0.013875      1128 
     611348    17.32      2.758432      0.049064      0.010074      1128 
   2006BS37    17.32      2.799743      0.049402      0.011249      1128 
  2005GQ203    17.32      2.759174      0.047996      0.016968      1128 
  2016AA237    17.32      2.760859      0.048691      0.015863      1128 
     225025    17.33      2.754941      0.044372      0.015591      1128 
     243062    17.33      2.761283      0.049089      0.002221      1128 
     398947    17.33      2.760245      0.049679      0.014720      1128 
     431129    17.33      2.771858      0.050474      0.011571      1128 
  2014QP425    17.33      2.816329      0.047651      0.013958      1128 
     395973    17.34      2.758193      0.047009      0.018220      1128 
     403871    17.34      2.766865      0.051883      0.011710      1128 
     409603    17.34      2.761595      0.046185      0.016713      1128 
     438584    17.34      2.767232      0.050455      0.014989      1128 
     461335    17.34      2.743902      0.049636      0.020126      1128 
     486512    17.34      2.798812      0.047577      0.013941      1128 
     489296    17.34      2.775823      0.052145      0.011700      1128 
     540816    17.34      2.767462      0.049819      0.013136      1128 
     558324    17.34      2.773815      0.051209      0.010594      1128 
     578250    17.34      2.808995      0.049091      0.012751      1128 
   2009HK19    17.34      2.763637      0.050469      0.013224      1128 
   2015DE89    17.34      2.766632      0.049795      0.013003      1128 
  2015XG211    17.34      2.791654      0.049049      0.014025      1128 
     407839    17.35      2.772391      0.050358      0.011861      1128 
     480617    17.35      2.760940      0.048095      0.004839      1128 
  2009SC270    17.35      2.815818      0.050030      0.013338      1128 
     341187    17.36      2.812552      0.048029      0.013597      1128 
     380882    17.36      2.779526      0.054268      0.015475      1128 
     403949    17.36      2.767060      0.050400      0.013812      1128 
     419123    17.36      2.758960      0.048116      0.008368      1128 
     439133    17.36      2.762854      0.046815      0.016378      1128 
     451790    17.36      2.765341      0.050648      0.010997      1128 
     504641    17.36      2.805055      0.050311      0.013577      1128 
     573055    17.36      2.762418      0.046692      0.013479      1128 
  2006UT133    17.36      2.765346      0.051897      0.011811      1128 
     293889    17.37      2.766332      0.050066      0.009859      1128 
     346752    17.37      2.776146      0.052696      0.013067      1128 
     431947    17.37      2.762817      0.050350      0.020064      1128 
     483297    17.37      2.764500      0.048413      0.011346      1128 
     496717    17.37      2.767056      0.050785      0.010071      1128 
   2015CL21    17.37      2.810353      0.047755      0.013471      1128 
  2015BY439    17.37      2.772512      0.052116      0.013527      1128 
     369347    17.38      2.760347      0.050672      0.007617      1128 
     472563    17.38      2.762703      0.049626      0.018863      1128 
     537487    17.38      2.815441      0.049936      0.013323      1128 
     593220    17.38      2.763310      0.047409      0.001683      1128 
     597633    17.38      2.762614      0.050609      0.012670      1128 
  2004FT137    17.38      2.760578      0.049716      0.020793      1128 
     411864    17.39      2.753769      0.047350      0.017887      1128 
     430259    17.39      2.750195      0.049453      0.018576      1128 
     450637    17.39      2.765981      0.046056      0.016008      1128 
     450668    17.39      2.757309      0.049637      0.017035      1128 
     533877    17.39      2.814510      0.050507      0.014217      1128 
     553202    17.39      2.768410      0.051164      0.011993      1128 
   2014DP79    17.39      2.762818      0.047575      0.018877      1128 
   2015DW56    17.39      2.750040      0.050889      0.012411      1128 
  2009UZ174    17.39      2.757875      0.045780      0.017298      1128 
     409612    17.40      2.756947      0.049179      0.016750      1128 
     416049    17.40      2.765248      0.050142      0.015656      1128 
     428871    17.40      2.814758      0.047786      0.009396      1128 
     482261    17.40      2.766331      0.049262      0.008446      1128 
     512832    17.40      2.774186      0.050465      0.008880      1128 
     524021    17.40      2.805765      0.048430      0.011065      1128 
     564005    17.40      2.813801      0.050006      0.012189      1128 
     593261    17.40      2.773844      0.053312      0.013312      1128 
   2013YM89    17.40      2.816141      0.046975      0.010528      1128 
     414538    17.41      2.761125      0.050128      0.012591      1128 
     522005    17.41      2.812843      0.047290      0.010660      1128 
     572988    17.41      2.809288      0.047157      0.011561      1128 
   2015BF27    17.41      2.752801      0.047865      0.020584      1128 
  2002RU265    17.41      2.765257      0.049820      0.011283      1128 
     484188    17.42      2.764927      0.047893      0.009986      1128 
   2008GV91    17.42      2.752328      0.045435      0.020020      1128 
  2005WM175    17.42      2.760425      0.053130      0.017639      1128 
  2008UV259    17.42      2.807354      0.046975      0.012067      1128 
  2014SR119    17.42      2.755302      0.049303      0.014811      1128 
     384040    17.43      2.765162      0.049522      0.015531      1128 
     403571    17.43      2.761449      0.049985      0.011255      1128 
     421901    17.43      2.765489      0.050727      0.013585      1128 
     481393    17.43      2.809572      0.048154      0.011921      1128 
     491136    17.43      2.758062      0.050435      0.007918      1128 
     502532    17.43      2.750704      0.057598      0.016209      1128 
     510623    17.43      2.766590      0.048805      0.011699      1128 
     523065    17.43      2.806982      0.047770      0.011564      1128 
     564061    17.43      2.758780      0.050968      0.010400      1128 
     314965    17.44      2.754028      0.048387      0.009248      1128 
     380912    17.44      2.780025      0.051477      0.012281      1128 
     403662    17.44      2.773658      0.051839      0.010501      1128 
     501304    17.44      2.755911      0.047817      0.019176      1128 
     523952    17.44      2.753291      0.046905      0.020019      1128 
     573032    17.44      2.809546      0.046673      0.010104      1128 
     573832    17.44      2.758620      0.048144      0.011347      1128 
   2013AY24    17.44      2.768969      0.048255      0.012044      1128 
   2015DB59    17.44      2.777473      0.051322      0.013872      1128 
  2006UP123    17.44      2.762835      0.050765      0.006429      1128 
     382815    17.45      2.812333      0.046913      0.011456      1128 
     427615    17.45      2.773450      0.051346      0.013818      1128 
     527515    17.45      2.815579      0.047567      0.011915      1128 
     545644    17.45      2.769319      0.050718      0.010654      1128 
     572940    17.45      2.769532      0.049980      0.013859      1128 
     581142    17.45      2.758752      0.049328      0.018508      1128 
   2004TD77    17.45      2.775266      0.053129      0.013297      1128 
   2007VH19    17.45      2.758060      0.045033      0.017260      1128 
  2006BO260    17.45      2.767730      0.050219      0.013529      1128 
     448947    17.46      2.763717      0.048256      0.022017      1128 
   2016AG34    17.46      2.756935      0.049988      0.020732      1128 
  2008SP247    17.46      2.771177      0.051723      0.013132      1128 
  2013AQ185    17.46      2.808699      0.049367      0.013210      1128 
     378771    17.47      2.758797      0.048024      0.016923      1128 
     514472    17.47      2.814262      0.046480      0.011968      1128 
     539349    17.47      2.753240      0.048135      0.009358      1128 
     547865    17.47      2.809225      0.046936      0.010832      1128 
   2016PV95    17.47      2.756169      0.048162      0.018109      1128 
  2017SO278    17.47      2.818052      0.048040      0.013584      1128 
     338792    17.48      2.754995      0.047796      0.008347      1128 
     444534    17.48      2.761901      0.050750      0.008652      1128 
     503587    17.48      2.754703      0.047387      0.008826      1128 
     539309    17.48      2.778065      0.048782      0.011920      1128 
     541832    17.48      2.811578      0.047882      0.010312      1128 
     570747    17.48      2.811462      0.047514      0.010271      1128 
     597845    17.48      2.810018      0.047141      0.011852      1128 
   2016BN64    17.48      2.749564      0.048811      0.005916      1128 
  2011UG310    17.48      2.791794      0.051944      0.013994      1128 
     550452    17.49      2.775254      0.051747      0.011609      1128 
     608833    17.49      2.783969      0.047485      0.012315      1128 
     611019    17.49      2.815202      0.051299      0.013331      1128 
   2008UO41    17.49      2.762599      0.050749      0.018500      1128 
  2008SC339    17.49      2.812336      0.049591      0.011228      1128 
  2008UB379    17.49      2.743315      0.050146      0.012904      1128 
  2011UQ352    17.49      2.756550      0.048059      0.011508      1128 
     327384    17.50      2.757296      0.048712      0.007870      1128 
     564289    17.50      2.811019      0.047493      0.014693      1128 
   2015EC77    17.50      2.817321      0.049617      0.013891      1128 
  2006RH114    17.50      2.764910      0.052321      0.012231      1128 
  2006UH198    17.50      2.754015      0.047037      0.008466      1128 
  2015TM344    17.50      2.773612      0.051977      0.012667      1128 
     492946    17.51      2.747384      0.041891      0.017428      1128 
     494102    17.51      2.778926      0.047984      0.013177      1128 
     558064    17.51      2.777671      0.052046      0.012904      1128 
     576560    17.51      2.772436      0.049744      0.011457      1128 
     611177    17.51      2.804446      0.048218      0.012270      1128 
  2006VF138    17.51      2.763623      0.050724      0.012546      1128 
  2009UJ187    17.51      2.766157      0.049987      0.015373      1128 
  2014OX212    17.51      2.781447      0.048929      0.010548      1128 
     308897    17.52      2.757056      0.046428      0.017665      1128 
     431892    17.52      2.809424      0.047789      0.012323      1128 
     431933    17.52      2.760753      0.049445      0.010335      1128 
     436323    17.52      2.797654      0.045517      0.010894      1128 
     522407    17.52      2.760127      0.048314      0.017744      1128 
     572768    17.52      2.756932      0.049288      0.011541      1128 
   2013EH98    17.52      2.750190      0.041080      0.018246      1128 
  2008WZ104    17.52      2.769303      0.050499      0.011635      1128 
  2015XZ202    17.52      2.749721      0.052067      0.017587      1128 
  2016EY294    17.52      2.774040      0.051227      0.009109      1128 
     521833    17.53      2.764082      0.047294      0.007260      1128 
     558339    17.53      2.769708      0.053148      0.012518      1128 
   2017SR92    17.53      2.761420      0.047425      0.010155      1128 
  2006QQ192    17.53      2.780650      0.052107      0.012779      1128 
  2008AD119    17.53      2.751510      0.043544      0.016656      1128 
  2015TF320    17.53      2.762156      0.047574      0.010548      1128 
     411857    17.54      2.757636      0.046459      0.021673      1128 
     471742    17.54      2.811803      0.047226      0.011866      1128 
     487833    17.54      2.762968      0.049130      0.004566      1128 
     563558    17.54      2.767268      0.050773      0.013551      1128 
   2007BV97    17.54      2.803506      0.052493      0.010965      1128 
   2012TH81    17.54      2.797990      0.047159      0.014166      1128 
   2012VF85    17.54      2.764925      0.051326      0.013685      1128 
   2015RJ79    17.54      2.814990      0.047642      0.010361      1128 
  2001UA234    17.54      2.788534      0.047490      0.010667      1128 
  2006TP128    17.54      2.761972      0.047412      0.020667      1128 
  2011UW230    17.54      2.796261      0.047849      0.011756      1128 
  2015BU494    17.54      2.756941      0.048227      0.016147      1128 
  2015TY294    17.54      2.807291      0.049373      0.012726      1128 
     391637    17.55      2.762044      0.048727      0.014556      1128 
     408472    17.55      2.804829      0.048114      0.015604      1128 
     430656    17.55      2.757791      0.048558      0.017694      1128 
     493917    17.55      2.813010      0.047722      0.013046      1128 
     603036    17.55      2.816057      0.046874      0.011975      1128 
   2014SN14    17.55      2.770461      0.048965      0.013001      1128 
   2021PX75    17.55      2.793965      0.049813      0.011612      1128 
  2014QB308    17.55      2.816357      0.051566      0.010908      1128 
     320161    17.56      2.759829      0.048351      0.015387      1128 
     349195    17.56      2.755045      0.048283      0.016971      1128 
     451825    17.56      2.759410      0.045319      0.008293      1128 
     538771    17.56      2.761121      0.049539      0.007362      1128 
   2011OK50    17.56      2.759259      0.049011      0.016750      1128 
   2014PE10    17.56      2.820032      0.045330      0.011083      1128 
  2014QV459    17.56      2.766208      0.048883      0.014489      1128 
     417161    17.57      2.762291      0.049979      0.013618      1128 
     492894    17.57      2.769250      0.051078      0.015139      1128 
     532394    17.57      2.771726      0.047966      0.010989      1128 
     577936    17.57      2.764338      0.048260      0.016149      1128 
     597925    17.57      2.813773      0.047538      0.013256      1128 
   2015CE21    17.57      2.752309      0.051004      0.019859      1128 
   2017CH16    17.57      2.757948      0.048226      0.018182      1128 
  2006HJ132    17.57      2.812422      0.046958      0.012244      1128 
  2016EC218    17.57      2.816212      0.048484      0.012092      1128 
     419901    17.58      2.749513      0.040760      0.015932      1128 
     467454    17.58      2.776348      0.051329      0.010917      1128 
     538546    17.58      2.762387      0.049946      0.010215      1128 
     558368    17.58      2.819945      0.052782      0.013050      1128 
     558397    17.58      2.818732      0.048972      0.014345      1128 
   2008GR72    17.58      2.752550      0.049539      0.009253      1128 
   2012VV13    17.58      2.810644      0.046979      0.010872      1128 
   2015WT21    17.58      2.791643      0.048264      0.011363      1128 
  2008SH314    17.58      2.807553      0.046157      0.012376      1128 
     521858    17.59      2.799619      0.048656      0.013853      1128 
     549097    17.59      2.755803      0.048500      0.006610      1128 
     555223    17.59      2.807031      0.047808      0.011858      1128 
     557670    17.59      2.759599      0.047935      0.013799      1128 
     576651    17.59      2.758126      0.049971      0.015988      1128 
     592862    17.59      2.768726      0.046897      0.007800      1128 
     609633    17.59      2.762505      0.051421      0.016640      1128 
     616242    17.59      2.773758      0.051236      0.008802      1128 
   2006SF43    17.59      2.757230      0.047385      0.011912      1128 
   2010JR35    17.59      2.779114      0.053632      0.013650      1128 
  2006QW178    17.59      2.758709      0.047435      0.016358      1128 
  2006WM173    17.59      2.752504      0.048745      0.005342      1128 
  2015XT321    17.59      2.752545      0.049819      0.018508      1128 
     346025    17.60      2.762425      0.049396      0.002846      1128 
     507487    17.60      2.765882      0.050851      0.010361      1128 
     607969    17.60      2.754839      0.048827      0.011937      1128 
     608028    17.60      2.765613      0.047305      0.009093      1128 
    2005JK6    17.60      2.768189      0.050389      0.012037      1128 
   2012VC21    17.60      2.765407      0.048323      0.011113      1128 
  2014OO403    17.60      2.749095      0.048545      0.012363      1128 
     330118    17.61      2.759593      0.049364      0.008185      1128 
     431932    17.61      2.763794      0.046339      0.009767      1128 
     566176    17.61      2.753677      0.048751      0.016671      1128 
     609646    17.61      2.764208      0.047789      0.009757      1128 
   2012FF16    17.61      2.756848      0.048383      0.019729      1128 
   2012XH33    17.61      2.769180      0.051789      0.011285      1128 
  2005UQ260    17.61      2.749622      0.052473      0.018967      1128 
  2009WQ239    17.61      2.765261      0.051135      0.013892      1128 
  2011SO280    17.61      2.810723      0.046999      0.012708      1128 
  2014QM425    17.61      2.766344      0.050265      0.012204      1128 
  2015XS195    17.61      2.816203      0.047757      0.012867      1128 
     390209    17.62      2.753717      0.048099      0.014551      1128 
     464978    17.62      2.758068      0.047029      0.008006      1128 
     517944    17.62      2.772149      0.047035      0.012764      1128 
     576496    17.62      2.770533      0.051814      0.011184      1128 
     596020    17.62      2.766428      0.049750      0.010219      1128 
     598715    17.62      2.770007      0.049311      0.012094      1128 
   2009DF25    17.62      2.803834      0.048034      0.012289      1128 
   2014HG15    17.62      2.763340      0.050417      0.008587      1128 
   2015GN19    17.62      2.811286      0.046135      0.011761      1128 
   2016WX56    17.62      2.763493      0.047690      0.001401      1128 
   2017CF20    17.62      2.757785      0.050643      0.009384      1128 
  2006VH131    17.62      2.750323      0.055643      0.014053      1128 
  2014QB460    17.62      2.757389      0.050194      0.013630      1128 
     568121    17.63      2.764563      0.051086      0.009700      1128 
     611119    17.63      2.775278      0.048964      0.012271      1128 
   2010UN18    17.63      2.802457      0.047637      0.011692      1128 
   2010XH92    17.63      2.758112      0.051251      0.016109      1128 
   2012SL67    17.63      2.770686      0.051096      0.012263      1128 
  2005WL139    17.63      2.767486      0.050196      0.011473      1128 
  2007UV156    17.63      2.757423      0.055377      0.016366      1128 
  2015XH321    17.63      2.744070      0.046438      0.006167      1128 
     402675    17.64      2.762631      0.047384      0.016822      1128 
     404417    17.64      2.761558      0.050370      0.008726      1128 
     489005    17.64      2.762962      0.048418      0.016523      1128 
     532375    17.64      2.802456      0.048385      0.013606      1128 
     584890    17.64      2.781744      0.049712      0.011078      1128 
     597880    17.64      2.783251      0.049523      0.011610      1128 
   2016GJ81    17.64      2.753950      0.048131      0.016636      1128 
  2006UB298    17.64      2.778547      0.048156      0.011064      1128 
  2006WT183    17.64      2.815263      0.053453      0.013921      1128 
  2012HJ105    17.64      2.753625      0.046676      0.005777      1128 
  2015PT151    17.64      2.766053      0.049879      0.012133      1128 
     390050    17.65      2.763783      0.049494      0.014244      1128 
     417097    17.65      2.749792      0.053617      0.018058      1128 
     453966    17.65      2.758036      0.050033      0.015165      1128 
     584697    17.65      2.783418      0.050031      0.013666      1128 
   2011FV52    17.65      2.761892      0.051792      0.018647      1128 
   2012CP57    17.65      2.815267      0.047769      0.012216      1128 
   2014OH12    17.65      2.764073      0.050801      0.011701      1128 
   2017HY59    17.65      2.800737      0.048130      0.012917      1128 
  2008WA145    17.65      2.810360      0.048629      0.010666      1128 
     492728    17.66      2.758624      0.049211      0.016968      1128 
     527485    17.66      2.802955      0.048919      0.012589      1128 
     597143    17.66      2.764200      0.046756      0.010662      1128 
   2012FJ17    17.66      2.789432      0.047601      0.012375      1128 
   2014GW28    17.66      2.755906      0.048875      0.003382      1128 
   2015EC68    17.66      2.764038      0.053364      0.010831      1128 
   2015QP38    17.66      2.760409      0.048198      0.017395      1128 
   2018TM38    17.66      2.776747      0.053457      0.012416      1128 
  2004RR202    17.66      2.799012      0.046735      0.011746      1128 
  2017FY143    17.66      2.816536      0.050083      0.011468      1128 
     444531    17.67      2.813116      0.048229      0.012741      1128 
     460660    17.67      2.761633      0.049471      0.004391      1128 
     536596    17.67      2.765708      0.049986      0.008393      1128 
     563419    17.67      2.802773      0.047742      0.010105      1128 
   2006BJ52    17.67      2.784931      0.051744      0.011648      1128 
   2011CZ51    17.67      2.767164      0.050570      0.012313      1128 
  2005UB126    17.67      2.761389      0.049723      0.018174      1128 
  2005YY249    17.67      2.753226      0.047673      0.013155      1128 
  2006UP194    17.67      2.764265      0.051160      0.010592      1128 
  2007RL374    17.67      2.768016      0.050347      0.012592      1128 
     450688    17.68      2.764785      0.051019      0.012551      1128 
     555179    17.68      2.767148      0.050589      0.012256      1128 
    2014NQ9    17.68      2.768588      0.050442      0.014605      1128 
   2000WG53    17.68      2.751708      0.046747      0.017460      1128 
   2010TR22    17.68      2.816240      0.046152      0.011606      1128 
   2013GF39    17.68      2.763340      0.049272      0.018793      1128 
   2014UJ76    17.68      2.748258      0.046957      0.018438      1128 
  2005WB126    17.68      2.754258      0.049034      0.011950      1128 
  2010XU111    17.68      2.809629      0.049644      0.013190      1128 
  2014JR122    17.68      2.819752      0.045100      0.013818      1128 
  2014UV257    17.68      2.765534      0.051331      0.014421      1128 
  2015KS214    17.68      2.754688      0.048350      0.007006      1128 
  2015XG314    17.68      2.759147      0.044251      0.018816      1128 
  2016CB351    17.68      2.754408      0.048374      0.013622      1128 
  2017SV111    17.68      2.811666      0.048337      0.010687      1128 
     527065    17.69      2.765526      0.053220      0.014996      1128 
     609538    17.69      2.765639      0.050589      0.009669      1128 
   2008WN20    17.69      2.816400      0.047299      0.010477      1128 
   2008WZ50    17.69      2.764528      0.049712      0.012167      1128 
   2013VE56    17.69      2.814750      0.048832      0.011422      1128 
  2012TT265    17.69      2.755842      0.047211      0.020184      1128 
     548988    17.70      2.749568      0.048976      0.015112      1128 
     578087    17.70      2.745184      0.046148      0.020006      1128 
     590833    17.70      2.760066      0.049687      0.005144      1128 
     592286    17.70      2.747930      0.048618      0.005478      1128 
     611134    17.70      2.766060      0.048582      0.012840      1128 
   2014UC73    17.70      2.817131      0.045806      0.011389      1128 
   2015CH68    17.70      2.818788      0.048825      0.011676      1128 
   2015UJ20    17.70      2.760340      0.050513      0.008766      1128 
  2007VA319    17.70      2.763342      0.048731      0.003558      1128 
  2008TU211    17.70      2.774676      0.052988      0.010185      1128 
  2015PF322    17.70      2.817718      0.048767      0.011412      1128 
  2015TW451    17.70      2.768148      0.046706      0.014064      1128 
  2016CK151    17.70      2.764200      0.048550      0.016382      1128 
     419149    17.71      2.772896      0.050309      0.010800      1128 
     461302    17.71      2.766684      0.049370      0.013687      1128 
     522762    17.71      2.752547      0.046076      0.008753      1128 
     523470    17.71      2.746666      0.051761      0.016648      1128 
     604092    17.71      2.758009      0.049964      0.017962      1128 
    2015UR9    17.71      2.801610      0.052368      0.012131      1128 
   2013US24    17.71      2.758081      0.048381      0.014181      1128 
  2015AD152    17.71      2.762801      0.050337      0.007273      1128 
  2016AM345    17.71      2.803318      0.044698      0.009273      1128 
     532315    17.72      2.764336      0.050708      0.010216      1128 
   2014HQ48    17.72      2.768952      0.051585      0.013210      1128 
  2008SZ214    17.72      2.791546      0.050313      0.011475      1128 
  2013CZ153    17.72      2.805375      0.047935      0.011097      1128 
  2015XD215    17.72      2.769754      0.046091      0.012177      1128 
     453641    17.73      2.757174      0.047712      0.014477      1128 
   2006WU76    17.73      2.785282      0.047424      0.011242      1128 
  2015AY193    17.73      2.760277      0.048784      0.004384      1128 
  2015RN270    17.73      2.754558      0.049762      0.008263      1128 
     460369    17.74      2.744297      0.050667      0.008934      1128 
     547561    17.74      2.745071      0.049237      0.010958      1128 
     588925    17.74      2.795974      0.047748      0.014113      1128 
     589524    17.74      2.755262      0.048104      0.018289      1128 
     596250    17.74      2.797198      0.047487      0.012492      1128 
     609596    17.74      2.751302      0.049029      0.014590      1128 
     616294    17.74      2.766239      0.051368      0.010231      1128 
   2016PA88    17.74      2.757266      0.048061      0.006823      1128 
  2009SO372    17.74      2.779224      0.053007      0.009338      1128 
  2016UP108    17.74      2.786727      0.047589      0.012064      1128 
     528787    17.75      2.767415      0.050627      0.013885      1128 
     563343    17.75      2.790826      0.047480      0.011411      1128 
     572794    17.75      2.756953      0.045755      0.014956      1128 
     586529    17.75      2.758982      0.048115      0.005568      1128 
   2013UT47    17.75      2.748336      0.042430      0.016219      1128 
   2014SR63    17.75      2.748555      0.046435      0.010757      1128 
  2006BQ291    17.75      2.758166      0.047932      0.008291      1128 
  2006RB126    17.75      2.755954      0.051524      0.019571      1128 
  2011SO318    17.75      2.756332      0.048343      0.010205      1128 
  2011SP317    17.75      2.749068      0.049603      0.012694      1128 
  2012XW177    17.75      2.760028      0.050591      0.005574      1128 
   2008VU94    17.76      2.765384      0.052118      0.008674      1128 
   2015PA99    17.76      2.761340      0.050274      0.017451      1128 
  1999VZ232    17.76      2.759664      0.048580      0.012645      1128 
  2005XL127    17.76      2.814936      0.046118      0.012066      1128 
  2013HK116    17.76      2.756935      0.047682      0.011254      1128 
  2014KE144    17.76      2.757385      0.049981      0.016952      1128 
  2014SV106    17.76      2.808931      0.047267      0.014256      1128 
  2017ST246    17.76      2.818869      0.050640      0.011577      1128 
   2009SV28    17.77      2.792559      0.050402      0.013937      1128 
   2012TR59    17.77      2.779851      0.051700      0.011853      1128 
   2016UW39    17.77      2.758268      0.050934      0.016511      1128 
  2005TJ208    17.77      2.755091      0.051182      0.012476      1128 
  2010GQ144    17.77      2.764000      0.051887      0.013481      1128 
  2011BQ127    17.77      2.801898      0.047278      0.010798      1128 
  2014QX131    17.77      2.786063      0.051460      0.014667      1128 
  2014QZ342    17.77      2.782356      0.049518      0.013482      1128 
  2015TT468    17.77      2.768453      0.051652      0.011566      1128 
  2015XH322    17.77      2.757798      0.047378      0.007874      1128 
  2019GG114    17.77      2.760035      0.047469      0.019229      1128 
     525469    17.78      2.806558      0.044918      0.010206      1128 
     538768    17.78      2.763286      0.051682      0.012667      1128 
     595603    17.78      2.765721      0.050888      0.011988      1128 
     598479    17.78      2.768613      0.049834      0.011763      1128 
     609594    17.78      2.760924      0.048131      0.016583      1128 
   2007AX36    17.78      2.800600      0.047970      0.011819      1128 
   2013BE57    17.78      2.764365      0.048916      0.017641      1128 
   2016DH33    17.78      2.784795      0.051168      0.011885      1128 
   2017HO83    17.78      2.759905      0.048039      0.006914      1128 
   2017RO58    17.78      2.766489      0.052046      0.010627      1128 
  2011UC374    17.78      2.799286      0.047386      0.012538      1128 
  2013EA172    17.78      2.760712      0.050737      0.017638      1128 
  2014QM388    17.78      2.815576      0.047126      0.013883      1128 
  2016UL109    17.78      2.753603      0.048148      0.017829      1128 
     564282    17.79      2.810748      0.048353      0.012423      1128 
     597789    17.79      2.764280      0.050894      0.013564      1128 
   2007CU77    17.79      2.773899      0.049609      0.014944      1128 
   2014DZ91    17.79      2.744082      0.052805      0.008476      1128 
   2014RL55    17.79      2.762710      0.049382      0.005820      1128 
  2007VU344    17.79      2.756328      0.046149      0.008719      1128 
  2011UR220    17.79      2.745273      0.047593      0.005471      1128 
  2014HT136    17.79      2.774043      0.050059      0.010832      1128 
  2015PO321    17.79      2.765583      0.049183      0.012889      1128 
  2015XX213    17.79      2.751773      0.049521      0.018538      1128 
     507044    17.80      2.755062      0.048141      0.007489      1128 
     557998    17.80      2.761643      0.048228      0.011385      1128 
     564251    17.80      2.743771      0.049120      0.014594      1128 
   2008CK40    17.80      2.760415      0.048032      0.015357      1128 
   2020MC36    17.80      2.793217      0.047792      0.013270      1128 
     522994    17.81      2.770972      0.051248      0.014084      1128 
     553057    17.81      2.741289      0.049155      0.014488      1128 
    2009UO6    17.81      2.809285      0.047981      0.012164      1128 
    2015UG8    17.81      2.817864      0.048175      0.012988      1128 
    2018DF9    17.81      2.764338      0.051665      0.013447      1128 
   2016AP88    17.81      2.764180      0.050575      0.011082      1128 
   2016UW81    17.81      2.760168      0.047811      0.015409      1128 
  1999VF132    17.81      2.755457      0.051091      0.014916      1128 
  2005TE220    17.81      2.756915      0.047033      0.017506      1128 
  2007ET128    17.81      2.762160      0.051547      0.016904      1128 
  2010UN109    17.81      2.745699      0.051724      0.008683      1128 
  2014TT111    17.81      2.769228      0.050596      0.012224      1128 
  2015BU496    17.81      2.759959      0.049090      0.014975      1128 
  2015PF111    17.81      2.764189      0.047618      0.013189      1128 
     451821    17.82      2.802169      0.047400      0.015858      1128 
     456496    17.82      2.759620      0.050561      0.018392      1128 
   2009UC43    17.82      2.809191      0.047569      0.015576      1128 
   2012TM50    17.82      2.750832      0.046201      0.018261      1128 
   2015JB26    17.82      2.753500      0.048372      0.013682      1128 
   2019KQ50    17.82      2.759757      0.051802      0.005134      1128 
  2007UE165    17.82      2.761998      0.051769      0.020970      1128 
  2007VD358    17.82      2.766571      0.049307      0.013908      1128 
  2009VB130    17.82      2.808610      0.047135      0.016126      1128 
  2011UU312    17.82      2.746166      0.054728      0.007484      1128 
  2014HN126    17.82      2.765124      0.051566      0.009502      1128 
  2015RA258    17.82      2.790512      0.048511      0.012972      1128 
  2015VD154    17.82      2.758665      0.050732      0.015579      1128 
     557583    17.83      2.782705      0.050994      0.015870      1128 
   2003BB94    17.83      2.749097      0.044665      0.017815      1128 
   2012XO86    17.83      2.742569      0.047935      0.017966      1128 
   2014BY86    17.83      2.809712      0.048334      0.013918      1128 
   2019AE70    17.83      2.787515      0.044628      0.010522      1128 
   2020HU84    17.83      2.783073      0.050945      0.010903      1128 
  2005SV227    17.83      2.758980      0.051036      0.010646      1128 
  2005UB503    17.83      2.806078      0.050714      0.011804      1128 
  2015AJ183    17.83      2.745992      0.047032      0.004634      1128 
  2016SX109    17.83      2.815069      0.047062      0.012590      1128 
     446042    17.84      2.755415      0.046677      0.012843      1128 
     568179    17.84      2.764038      0.050139      0.013139      1128 
     586568    17.84      2.760008      0.051074      0.009054      1128 
     594755    17.84      2.764463      0.051780      0.013219      1128 
   2012AL30    17.84      2.758763      0.047941      0.018346      1128 
   2016SF82    17.84      2.747080      0.057010      0.014942      1128 
   2019KW19    17.84      2.806859      0.047911      0.011302      1128 
  2010CD168    17.84      2.770323      0.047896      0.012299      1128 
  2015PD129    17.84      2.814846      0.049743      0.013510      1128 
     547654    17.85      2.762724      0.049497      0.015063      1128 
     564343    17.85      2.759940      0.048015      0.004917      1128 
     590776    17.85      2.771370      0.047246      0.012805      1128 
   2007VN68    17.85      2.756968      0.050293      0.018858      1128 
  2014JG115    17.85      2.795138      0.047785      0.012816      1128 
  2015RD302    17.85      2.798286      0.045330      0.009297      1128 
  2017RL132    17.85      2.816154      0.047531      0.011412      1128 
   2007PF55    17.86      2.755563      0.048294      0.011731      1128 
   2020SN76    17.86      2.752521      0.054691      0.018920      1128 
  2006UP253    17.86      2.768419      0.049294      0.011646      1128 
  2007TP284    17.86      2.814753      0.048293      0.012080      1128 
  2013CZ248    17.86      2.757794      0.048638      0.006039      1128 
  2014UD255    17.86      2.753696      0.048072      0.018299      1128 
  2016CV371    17.86      2.767116      0.048866      0.014368      1128 
     561178    17.87      2.753905      0.049876      0.011530      1128 
   2014RU58    17.87      2.752442      0.050287      0.018377      1128 
  2015MN198    17.87      2.789102      0.048202      0.012466      1128 
     487042    17.88      2.771791      0.051933      0.015146      1128 
     558156    17.88      2.754671      0.046702      0.006401      1128 
   2017CS17    17.88      2.759558      0.047885      0.015921      1128 
   2020QV15    17.88      2.759562      0.046851      0.013609      1128 
  2008YX114    17.88      2.762130      0.049265      0.013444      1128 
  2010TW193    17.88      2.762118      0.048472      0.011244      1128 
  2011SP314    17.88      2.756620      0.048637      0.007377      1128 
  2014UQ104    17.88      2.815376      0.047922      0.012516      1128 
   2017CN19    17.89      2.762502      0.050156      0.009978      1128 
  2005TM212    17.89      2.781383      0.052508      0.012232      1128 
  2009UN133    17.89      2.766915      0.051820      0.010819      1128 
  2011UR347    17.89      2.758735      0.048068      0.018617      1128 
  2014QQ564    17.89      2.766054      0.051769      0.015468      1128 
  2015MT171    17.89      2.749667      0.050117      0.014716      1128 
  2016UA279    17.89      2.814762      0.047582      0.011093      1128 
  2017UV105    17.89      2.764206      0.049390      0.014138      1128 
     553150    17.90      2.754482      0.047480      0.013815      1128 
     558607    17.90      2.811323      0.046806      0.012553      1128 
     574140    17.90      2.781236      0.048333      0.011424      1128 
     587689    17.90      2.762698      0.050675      0.017546      1128 
   2011WH24    17.90      2.754354      0.049251      0.008289      1128 
  2007VH376    17.90      2.781091      0.047885      0.010560      1128 
  2015XV214    17.90      2.748113      0.050342      0.008728      1128 
  2016AT340    17.90      2.817131      0.047274      0.012847      1128 
     588756    17.91      2.743066      0.050647      0.016015      1128 
   2014RM58    17.91      2.762348      0.048802      0.015829      1128 
   2015GG64    17.91      2.757277      0.052569      0.015897      1128 
   2017DB39    17.91      2.769231      0.050850      0.009634      1128 
  2006WQ154    17.91      2.785816      0.049186      0.010059      1128 
  2014WE141    17.91      2.757638      0.043120      0.013999      1128 
  2015AD183    17.91      2.765725      0.052303      0.014079      1128 
     598690    17.92      2.744812      0.051742      0.008351      1128 
   2015HG15    17.92      2.759281      0.047417      0.019156      1128 
   2017BC73    17.92      2.737765      0.051008      0.017590      1128 
  2005VL150    17.92      2.787710      0.047370      0.011877      1128 
  2013HQ108    17.92      2.798426      0.046914      0.013160      1128 
  2014QJ147    17.92      2.760590      0.047915      0.020190      1128 
  2016UC137    17.92      2.765638      0.051486      0.012013      1128 
     547606    17.93      2.762621      0.051475      0.015105      1128 
     572980    17.93      2.766052      0.050831      0.010460      1128 
   2011CV51    17.93      2.758183      0.049238      0.014371      1128 
   2014GE91    17.93      2.793098      0.051793      0.014368      1128 
   2015BE32    17.93      2.756313      0.049292      0.006449      1128 
  2005GJ189    17.93      2.767965      0.052014      0.011598      1128 
  2006HA133    17.93      2.787192      0.047505      0.011558      1128 
  2014OL117    17.93      2.766573      0.047277      0.023514      1128 
  2014QQ521    17.93      2.770604      0.052476      0.014287      1128 
   2005PL30    17.94      2.752582      0.056395      0.015956      1128 
   2014XW15    17.94      2.775390      0.047264      0.012275      1128 
  2003UA445    17.94      2.775815      0.048608      0.013168      1128 
  2006UB307    17.94      2.757449      0.048546      0.014686      1128 
  2011UW124    17.94      2.760105      0.048266      0.009570      1128 
  2012TB158    17.94      2.758282      0.050108      0.007095      1128 
  2014KD135    17.94      2.787146      0.047275      0.011088      1128 
  2015RZ155    17.94      2.747573      0.045828      0.010060      1128 
  2016UW110    17.94      2.774505      0.050871      0.010502      1128 
  2017SS254    17.94      2.812352      0.047593      0.014950      1128 
   2013AD86    17.95      2.817127      0.048729      0.013778      1128 
   2014HA50    17.95      2.757277      0.051345      0.011596      1128 
  2004RY274    17.95      2.805074      0.050345      0.011926      1128 
  2005TR207    17.95      2.769266      0.046756      0.010894      1128 
  2007UX111    17.95      2.774670      0.047255      0.013152      1128 
  2008RY152    17.95      2.758276      0.048834      0.005828      1128 
  2010VK246    17.95      2.751807      0.046334      0.016848      1128 
  2014DL187    17.95      2.777554      0.047011      0.011454      1128 
   2012GY51    17.96      2.809753      0.047473      0.014887      1128 
   2013EM70    17.96      2.767068      0.050020      0.012251      1128 
   2014OA52    17.96      2.774664      0.049660      0.011414      1128 
  2011US222    17.96      2.755473      0.053488      0.015769      1128 
  2014QG129    17.96      2.758375      0.048756      0.020284      1128 
  2015HR139    17.96      2.758413      0.048596      0.017196      1128 
  2015TR403    17.96      2.785391      0.048935      0.012017      1128 
  2017SF197    17.96      2.756194      0.047617      0.009390      1128 
   2012YT21    17.97      2.800960      0.043954      0.011952      1128 
   2015BF95    17.97      2.809497      0.047706      0.012332      1128 
   2017RP61    17.97      2.758727      0.048481      0.016671      1128 
   2019GL83    17.97      2.820175      0.045817      0.016751      1128 
  2002TY393    17.97      2.808351      0.047807      0.012914      1128 
  2011BP201    17.97      2.796142      0.049062      0.012249      1128 
  2013HJ105    17.97      2.774111      0.049973      0.014133      1128 
  2013HK106    17.97      2.766195      0.051444      0.012209      1128 
   2015US38    17.98      2.765008      0.050385      0.010958      1128 
   2017SC24    17.98      2.758411      0.051020      0.016485      1128 
   2020FF36    17.98      2.813583      0.047323      0.011782      1128 
  2001UG239    17.98      2.754982      0.049464      0.011434      1128 
  2006UH195    17.98      2.755069      0.047857      0.018122      1128 
  2010CF167    17.98      2.803846      0.050248      0.012935      1128 
  2014QH231    17.98      2.765485      0.053888      0.013176      1128 
  2015AL105    17.98      2.765148      0.051476      0.010064      1128 
  2015PC241    17.98      2.760988      0.051325      0.014941      1128 
   2012WJ44    17.99      2.742568      0.048406      0.010180      1128 
   2015TC96    17.99      2.748118      0.050611      0.014831      1128 
   2016NP88    17.99      2.814571      0.046585      0.013787      1128 
   2018TW25    17.99      2.742491      0.056863      0.014130      1128 
  2012TV164    17.99      2.749078      0.046190      0.016688      1128 
  2017SF305    17.99      2.748891      0.048157      0.004774      1128 
  2021GE166    17.99      2.745153      0.055230      0.005866      1128 
   2015DS90    18.00      2.756593      0.047295      0.016986      1128 
   2019AQ34    18.00      2.747058      0.047861      0.015471      1128 
   2021SY43    18.00      2.745992      0.050563      0.016706      1128 
  2003SR410    18.00      2.761888      0.047345      0.016417      1128 
  2006HG133    18.00      2.820272      0.046108      0.012481      1128 
  2015KY214    18.00      2.798156      0.045026      0.009658      1128 
  2015RN359    18.00      2.774335      0.052542      0.014172      1128 
  2016EW304    18.00      2.749740      0.050305      0.013124      1128 
  2016GG265    18.00      2.755755      0.049644      0.015904      1128 
  2020BG101    18.00      2.765129      0.052601      0.011779      1128 
  2001TQ268    18.01      2.777636      0.049792      0.012304      1128 
  2002PC150    18.01      2.748071      0.048443      0.008905      1128 
  2014TL102    18.01      2.816019      0.048093      0.014933      1128 
   2004HL77    18.02      2.752506      0.046979      0.011483      1128 
   2020HW69    18.02      2.779532      0.046478      0.010419      1128 
  2015AP166    18.02      2.746523      0.045645      0.015005      1128 
  2015XO147    18.02      2.767921      0.050213      0.011627      1128 
  2016CT352    18.02      2.759078      0.048873      0.009756      1128 
   2014EB20    18.03      2.743983      0.049627      0.017945      1128 
   2015QQ27    18.03      2.813111      0.051185      0.015816      1128 
  2014QY342    18.03      2.750016      0.051634      0.015378      1128 
   2019AN60    18.04      2.752516      0.045316      0.015378      1128 
   2020KS40    18.04      2.753947      0.049360      0.016845      1128 
  2015TV368    18.04      2.761425      0.052091      0.017281      1128 
  2016GK105    18.04      2.750351      0.042556      0.017012      1128 
  2017SR195    18.04      2.767309      0.049601      0.011097      1128 
   2012QG66    18.05      2.757379      0.046323      0.018991      1128 
   2017FG22    18.05      2.790084      0.047991      0.011867      1128 
   2017PH64    18.05      2.762183      0.052315      0.014445      1128 
   2021VN42    18.05      2.760962      0.050410      0.016503      1128 
  2006SR251    18.05      2.759287      0.050763      0.017859      1128 
    2022CX7    18.06      2.754729      0.047739      0.012488      1128 
  2010VO269    18.06      2.818062      0.047150      0.013482      1128 
  2014OG368    18.06      2.758126      0.049726      0.014164      1128 
  2015PX339    18.06      2.747523      0.050373      0.020608      1128 
  2015TA224    18.06      2.814996      0.052103      0.017075      1128 
    2014PB4    18.07      2.761022      0.048495      0.006341      1128 
   2009DW29    18.07      2.778325      0.047226      0.012046      1128 
   2012VE66    18.07      2.808476      0.048905      0.013617      1128 
   2020SA37    18.07      2.762227      0.052738      0.014783      1128 
  2006HM125    18.07      2.749448      0.051360      0.008600      1128 
  2009DQ158    18.07      2.765986      0.052232      0.011251      1128 
  2015KC216    18.07      2.741217      0.050330      0.016959      1128 
  2013EH146    18.08      2.750827      0.048497      0.017889      1128 
  2013HO140    18.08      2.787809      0.047193      0.011067      1128 
  2014QO211    18.08      2.764531      0.049622      0.009232      1128 
  2015RP325    18.08      2.745137      0.046452      0.018308      1128 
  2007RR375    18.09      2.783915      0.048953      0.015123      1128 
  2014OY207    18.09      2.812380      0.048930      0.011573      1128 
  2015RG112    18.09      2.774812      0.052826      0.014415      1128 
  2015TU319    18.09      2.764830      0.047105      0.016010      1128 
   2017XV13    18.10      2.755491      0.050847      0.018716      1128 
   2021QA67    18.10      2.768378      0.047281      0.012474      1128 
  2011UM488    18.10      2.761382      0.051425      0.012963      1128 
  2021GZ159    18.10      2.818052      0.046172      0.011568      1128 
   2004HH84    18.11      2.748932      0.051930      0.009030      1128 
   2007RX61    18.11      2.744649      0.051359      0.016027      1128 
  2006SG191    18.11      2.760807      0.051763      0.014009      1128 
  2006UY340    18.11      2.761341      0.052220      0.016255      1128 
  2012UX242    18.11      2.765910      0.049811      0.011049      1128 
  2014KR123    18.11      2.768151      0.047887      0.010010      1128 
  2019UB116    18.11      2.746592      0.055777      0.016953      1128 
    2012BE5    18.12      2.758479      0.046384      0.007528      1128 
   2014XR34    18.12      2.746692      0.053539      0.013015      1128 
   2017WS70    18.12      2.738981      0.047762      0.014093      1128 
   2020SG55    18.12      2.744175      0.052019      0.009971      1128 
  2006SQ454    18.12      2.766647      0.049303      0.011409      1128 
  2010VZ131    18.12      2.741327      0.053942      0.010716      1128 
  2012TB377    18.12      2.768509      0.050911      0.008573      1128 
  2016TA193    18.12      2.768749      0.056041      0.013438      1128 
    2021TO7    18.14      2.757836      0.049315      0.013936      1128 
   2007BX88    18.14      2.784377      0.050871      0.012916      1128 
   2015XY12    18.14      2.751062      0.054942      0.007631      1128 
  2015PR241    18.14      2.750654      0.056278      0.014323      1128 
   2010WJ30    18.15      2.757313      0.051839      0.004267      1128 
   2020PZ16    18.15      2.756902      0.049788      0.016765      1128 
  2007RU378    18.15      2.765116      0.054191      0.013810      1128 
  2012VH138    18.15      2.762344      0.050257      0.018762      1128 
  2014QF481    18.15      2.793654      0.046774      0.011525      1128 
  2015MB161    18.15      2.758008      0.050063      0.016997      1128 
  2015PY133    18.15      2.745980      0.052370      0.019519      1128 
    2010TL6    18.16      2.750173      0.055084      0.015365      1128 
   2016HZ37    18.16      2.813259      0.048552      0.014680      1128 
   2017YX51    18.16      2.813162      0.047298      0.009857      1128 
   2019NC38    18.16      2.739555      0.045468      0.006613      1128 
  2014OB368    18.16      2.755471      0.049305      0.017331      1128 
  2014QN554    18.16      2.751470      0.052142      0.007474      1128 
   2015RF73    18.17      2.754013      0.049985      0.017066      1128 
  2011SY303    18.17      2.768493      0.049769      0.015449      1128 
  2015XL214    18.17      2.761071      0.051783      0.016056      1128 
  2018VS155    18.18      2.756110      0.050891      0.015104      1128 
   2019OD39    18.19      2.760857      0.049712      0.004219      1128 
   2019RJ31    18.19      2.759946      0.050820      0.013874      1128 
   2020OK93    18.19      2.788104      0.047786      0.011741      1128 
   2020PA81    18.19      2.759007      0.045741      0.016987      1128 
  2011SF151    18.19      2.742439      0.056624      0.017086      1128 
  2013HH109    18.19      2.755079      0.047141      0.008363      1128 
  2013HM116    18.19      2.762458      0.052078      0.009994      1128 
  2015RX334    18.19      2.744629      0.048072      0.008690      1128 
  2017SY261    18.19      2.755023      0.047152      0.004532      1128 
   2012SR75    18.20      2.754701      0.051252      0.016305      1128 
   2015SX53    18.20      2.787509      0.047033      0.014237      1128 
    2017VX8    18.21      2.747873      0.053427      0.017957      1128 
   2010TU79    18.21      2.763225      0.050135      0.014279      1128 
   2020BW82    18.21      2.777161      0.047023      0.010755      1128 
   2020LO14    18.21      2.754316      0.050533      0.013633      1128 
   2020TK85    18.21      2.765192      0.050910      0.011626      1128 
  2014QQ139    18.21      2.747855      0.055648      0.008422      1128 
  2015TB320    18.21      2.796890      0.047171      0.010726      1128 
  2006UN339    18.22      2.755680      0.047786      0.016691      1128 
   2016GU61    18.23      2.782965      0.048954      0.011677      1128 
  2015RQ316    18.23      2.756449      0.051551      0.011147      1128 
  2021GS124    18.23      2.774026      0.055633      0.014575      1128 
   2017YP55    18.24      2.767075      0.045994      0.019600      1128 
  2015RO272    18.24      2.752496      0.051245      0.015262      1128 
  2016PM234    18.24      2.815302      0.047357      0.015268      1128 
  2015TH402    18.25      2.779209      0.049154      0.015228      1128 
  2015TP458    18.25      2.748186      0.054198      0.007204      1128 
   2009BD84    18.26      2.749790      0.049535      0.018382      1128 
   2017RO96    18.26      2.746453      0.053236      0.012696      1128 
  2020HQ119    18.26      2.782122      0.049302      0.010662      1128 
   2019AR95    18.27      2.771743      0.050560      0.012736      1128 
   2021FX38    18.27      2.759198      0.050102      0.017733      1128 
  2015TP371    18.27      2.746851      0.048189      0.007466      1128 
  2016GK107    18.27      2.785708      0.051221      0.012640      1128 
  2012UW239    18.28      2.753921      0.044929      0.018903      1128 
  2013TG225    18.28      2.762335      0.053140      0.020230      1128 
  2014OG313    18.28      2.759541      0.043548      0.008126      1128 
  2017FM178    18.28      2.746970      0.054629      0.016382      1128 
  2006RE112    18.29      2.740611      0.051055      0.014123      1128 
  2015KR216    18.29      2.758447      0.046732      0.013087      1128 
  2015RU216    18.29      2.750667      0.046693      0.009823      1128 
     612453    18.30      2.777668      0.055292      0.013384      1128 
  2005VM155    18.30      2.742391      0.041687      0.017420      1128 
  2009VP130    18.30      2.753692      0.049768      0.010807      1128 
   2017RG99    18.31      2.753869      0.047340      0.017635      1128 
   2008VF65    18.32      2.742427      0.048734      0.018788      1128 
  2015KV219    18.33      2.818846      0.047245      0.011658      1128 
  2020RY128    18.34      2.759688      0.051728      0.009523      1128 
   2014ON51    18.35      2.758743      0.049064      0.018574      1128 
  2006SL209    18.35      2.752394      0.048407      0.008983      1128 
  2017RJ133    18.35      2.776755      0.052144      0.008691      1128 
   2017YU50    18.36      2.750247      0.052907      0.010001      1128 
  2006UQ320    18.36      2.788805      0.046860      0.011555      1128 
  2016PB245    18.36      2.750258      0.052335      0.008004      1128 
   2005PP22    18.38      2.742248      0.050656      0.018537      1128 
   2017WW60    18.38      2.749703      0.052178      0.012717      1128 
  2017UA154    18.38      2.759109      0.052599      0.014307      1128 
   2020BS79    18.39      2.755968      0.054539      0.017467      1128 
  2015XT340    18.39      2.786300      0.048961      0.013111      1128 
  2015MX173    18.40      2.744101      0.050633      0.017362      1128 
  2015OJ137    18.40      2.758904      0.051033      0.012517      1128 
  2017UJ182    18.40      2.760404      0.051493      0.018409      1128 
   2020PD86    18.41      2.750571      0.051771      0.009930      1128 
   2022AV36    18.44      2.753772      0.044195      0.016005      1128 
  2016UP190    18.44      2.765904      0.047381      0.009710      1128 
  2000QR259    18.45      2.785810      0.046501      0.011882      1128 
  2006VN180    18.45      2.769837      0.052646      0.011770      1128 
  2016PN234    18.46      2.755134      0.050574      0.018831      1128 
  2017UV181    18.46      2.742230      0.051313      0.015192      1128 
  2021PR148    18.49      2.749580      0.043150      0.014186      1128 
  2015RT361    18.56      2.742786      0.049035      0.019482      1128 
   2017XF33    18.58      2.761350      0.048105      0.019067      1128 
  2015TW151    18.59      2.754769      0.055732      0.019877      1128 
   2021GZ80    18.64      2.751742      0.054734      0.008061      1128 
  2005EK299    18.72      2.739344      0.049623      0.017635      1128 
   2017RA49    18.73      2.745363      0.052862      0.007842      1128 
   2021RD68    18.77      2.748371      0.050137      0.006404      1128 
  2015HF247    18.83      2.740674      0.052386      0.010880      1128 
  2013HC112    18.99      2.789230      0.046770      0.011564      1128 
