       1189     9.92      2.931683      0.072761      0.193273      1189 
      42710    14.08      2.939919      0.070409      0.192183      1189 
      12986    14.18      2.930526      0.071569      0.193170      1189 
      37420    14.20      2.945188      0.071133      0.192985      1189 
     120043    14.95      2.927114      0.070956      0.193570      1189 
     143135    15.15      2.922251      0.071765      0.193274      1189 
     172754    15.15      2.923475      0.072377      0.193217      1189 
     308067    15.24      2.922656      0.073120      0.193291      1189 
     173849    15.26      2.919039      0.072938      0.193114      1189 
     165103    15.27      2.929144      0.071846      0.192822      1189 
     232599    15.38      2.925040      0.071635      0.193516      1189 
     154119    15.40      2.923398      0.072312      0.193186      1189 
     292551    15.44      2.905499      0.068030      0.192953      1189 
     217715    15.51      2.947629      0.070600      0.192379      1189 
     197205    15.52      2.924399      0.070555      0.193783      1189 
     276642    15.52      2.946283      0.071506      0.192462      1189 
     258381    15.55      2.928858      0.075645      0.194357      1189 
     281007    15.62      2.935513      0.072095      0.193534      1189 
     250689    15.63      2.945097      0.071245      0.191739      1189 
     242797    15.68      2.944902      0.070355      0.192446      1189 
     334529    15.71      2.921817      0.071221      0.192583      1189 
   2003UT57    15.72      2.945156      0.070609      0.192990      1189 
     241575    15.73      2.920696      0.071436      0.192950      1189 
     247118    15.73      2.926639      0.071833      0.193166      1189 
     232907    15.74      2.941994      0.072125      0.193092      1189 
     288686    15.74      2.939185      0.073622      0.194989      1189 
     323546    15.74      2.920776      0.073017      0.193505      1189 
     159437    15.75      2.945137      0.071377      0.192769      1189 
     244482    15.75      2.904182      0.080727      0.194643      1189 
  2016AE216    15.75      2.949271      0.070791      0.192112      1189 
     371282    15.76      2.945658      0.072924      0.193085      1189 
     411128    15.77      2.929469      0.075992      0.192766      1189 
     308080    15.78      2.918279      0.073385      0.193347      1189 
     308320    15.80      2.921630      0.072549      0.193259      1189 
     386548    15.83      2.918521      0.072862      0.193274      1189 
     386189    15.84      2.917879      0.072470      0.193039      1189 
     475444    15.84      2.922098      0.072444      0.193351      1189 
     197086    15.85      2.947449      0.072705      0.193253      1189 
     244066    15.88      2.916026      0.073975      0.193894      1189 
     328832    15.89      2.922296      0.071055      0.193091      1189 
     420625    15.91      2.916845      0.071864      0.192992      1189 
     231348    15.96      2.920115      0.071170      0.192817      1189 
   2014SU76    15.96      2.921255      0.071493      0.193033      1189 
     412872    16.00      2.924198      0.073718      0.192915      1189 
     410948    16.02      2.949113      0.073271      0.192951      1189 
     244031    16.03      2.908511      0.075227      0.193601      1189 
     487499    16.03      2.944444      0.071820      0.193057      1189 
     367825    16.04      2.922111      0.073329      0.193462      1189 
     352449    16.06      2.914825      0.072872      0.192959      1189 
     263030    16.07      2.942432      0.069568      0.191530      1189 
     421940    16.08      2.941076      0.072123      0.193771      1189 
     393294    16.09      2.915993      0.073174      0.193566      1189 
     140845    16.10      2.914467      0.072130      0.193193      1189 
  2017FT120    16.10      2.951497      0.070402      0.192987      1189 
     236601    16.11      2.915589      0.071907      0.193713      1189 
     245894    16.11      2.948585      0.072312      0.192884      1189 
     437727    16.11      2.915396      0.071922      0.193541      1189 
     297686    16.12      2.921997      0.072082      0.192832      1189 
  2015FN114    16.12      2.928059      0.071154      0.192999      1189 
     277826    16.14      2.921177      0.072234      0.193106      1189 
   2013FU25    16.14      2.921456      0.071560      0.193069      1189 
     362856    16.15      2.938044      0.073915      0.193373      1189 
     381608    16.15      2.918758      0.070672      0.193165      1189 
     392079    16.15      2.916522      0.071934      0.193203      1189 
     273195    16.16      2.945876      0.074506      0.193676      1189 
     297598    16.16      2.916863      0.071906      0.193633      1189 
   2017DQ58    16.18      2.946961      0.070036      0.192032      1189 
  2010DW108    16.18      2.918507      0.073274      0.193400      1189 
     393237    16.19      2.919237      0.071639      0.193347      1189 
   2017DD61    16.20      2.942636      0.070987      0.192602      1189 
     282296    16.22      2.916540      0.072403      0.192930      1189 
     254970    16.26      2.930084      0.071946      0.194075      1189 
     290713    16.28      2.909665      0.075514      0.192304      1189 
     458485    16.28      2.951152      0.074394      0.193528      1189 
     541062    16.29      2.918688      0.070834      0.193526      1189 
     505615    16.30      2.944772      0.072255      0.192997      1189 
   2018XB18    16.30      2.920890      0.071403      0.192915      1189 
  2017FZ102    16.30      2.925816      0.073936      0.193705      1189 
     386778    16.31      2.949829      0.072573      0.192804      1189 
     466863    16.32      2.905358      0.080047      0.191840      1189 
   2009YP32    16.32      2.915880      0.071654      0.193146      1189 
     448949    16.33      2.919706      0.071964      0.193133      1189 
     336718    16.34      2.917344      0.072740      0.193259      1189 
  2015KZ107    16.34      2.913534      0.073061      0.193205      1189 
     367022    16.35      2.911083      0.072913      0.193477      1189 
     452277    16.36      2.909695      0.072982      0.193627      1189 
   2017BG87    16.39      2.939322      0.072702      0.193029      1189 
  2014QV261    16.39      2.915809      0.073212      0.193087      1189 
     249326    16.40      2.911418      0.072385      0.193298      1189 
     333219    16.41      2.919109      0.072756      0.193569      1189 
     590928    16.41      2.912842      0.071863      0.192739      1189 
  2011SX204    16.41      2.911176      0.072352      0.193489      1189 
     334506    16.43      2.912332      0.074235      0.193187      1189 
     474097    16.43      2.916943      0.070178      0.193430      1189 
     466350    16.45      2.937489      0.074262      0.192316      1189 
    2012TE3    16.45      2.902927      0.079706      0.193434      1189 
     276648    16.48      2.921746      0.075385      0.193946      1189 
     362365    16.48      2.913227      0.073183      0.193110      1189 
     398839    16.48      2.911226      0.072548      0.193424      1189 
     460603    16.48      2.906476      0.070852      0.192934      1189 
   2011TK14    16.48      2.913058      0.073410      0.193339      1189 
  2015PM284    16.48      2.915628      0.073406      0.193007      1189 
     535737    16.50      2.920832      0.072973      0.193123      1189 
     590166    16.50      2.915657      0.070065      0.193587      1189 
     427540    16.52      2.906143      0.080596      0.197756      1189 
  2014QS255    16.52      2.942904      0.073441      0.193522      1189 
   2014RL26    16.54      2.951013      0.073315      0.190294      1189 
     318955    16.55      2.909588      0.065290      0.193016      1189 
     381956    16.55      2.918540      0.073310      0.193500      1189 
     528325    16.55      2.913056      0.071321      0.193190      1189 
  2010LV116    16.55      2.917203      0.071150      0.193245      1189 
     190708    16.57      2.922716      0.073000      0.193148      1189 
     477121    16.57      2.934173      0.077589      0.192466      1189 
   2016BO11    16.57      2.924104      0.071358      0.192612      1189 
     328858    16.58      2.914844      0.071624      0.193216      1189 
   2016EA57    16.58      2.909656      0.070068      0.193253      1189 
   2010MU35    16.61      2.913478      0.072722      0.193226      1189 
     379055    16.62      2.945321      0.071815      0.192384      1189 
     459380    16.62      2.914441      0.072682      0.193230      1189 
     301783    16.64      2.916805      0.071736      0.193216      1189 
  2016AC127    16.64      2.906511      0.071106      0.193247      1189 
     364325    16.65      2.948802      0.070573      0.193091      1189 
     568447    16.65      2.950333      0.072403      0.192981      1189 
     349889    16.66      2.919216      0.072637      0.193223      1189 
     559593    16.66      2.914261      0.071813      0.193174      1189 
     328747    16.67      2.908526      0.076762      0.192824      1189 
     400424    16.67      2.925932      0.073403      0.192839      1189 
  2011SF275    16.67      2.946972      0.073400      0.193010      1189 
     479056    16.68      2.917090      0.071033      0.192927      1189 
     514030    16.69      2.913711      0.071228      0.193271      1189 
   2015FR53    16.69      2.919436      0.074117      0.192935      1189 
  2015XW144    16.69      2.907472      0.075079      0.193549      1189 
     464187    16.70      2.945279      0.072572      0.193161      1189 
   2014GY87    16.70      2.925115      0.073964      0.193065      1189 
     448526    16.71      2.916007      0.073359      0.193580      1189 
     469226    16.71      2.950632      0.072347      0.192930      1189 
     476424    16.71      2.949751      0.073744      0.192422      1189 
     520688    16.71      2.920283      0.072077      0.193308      1189 
     521891    16.71      2.918153      0.073235      0.193612      1189 
     597173    16.71      2.946752      0.071967      0.192653      1189 
   2011JA25    16.72      2.896031      0.079362      0.197243      1189 
   2018TF36    16.72      2.912564      0.071862      0.194119      1189 
     403615    16.73      2.911767      0.072253      0.193557      1189 
     465005    16.73      2.921614      0.072057      0.193150      1189 
  2008SD169    16.73      2.920851      0.071401      0.193253      1189 
     467684    16.74      2.904109      0.066267      0.192331      1189 
  2015DE187    16.74      2.896299      0.079987      0.196017      1189 
     355686    16.75      2.917050      0.074155      0.193273      1189 
  2010BC118    16.75      2.949228      0.072596      0.192814      1189 
     470437    16.76      2.910590      0.070737      0.193819      1189 
     499441    16.76      2.922853      0.072468      0.193260      1189 
     449023    16.77      2.917847      0.072327      0.193320      1189 
     589688    16.77      2.917080      0.073020      0.193301      1189 
   2016UD17    16.77      2.915727      0.070927      0.193741      1189 
     559225    16.78      2.909678      0.072594      0.193468      1189 
     504317    16.79      2.899314      0.080918      0.197185      1189 
     303611    16.80      2.945378      0.072587      0.193095      1189 
     388673    16.80      2.944960      0.071686      0.192840      1189 
     544056    16.80      2.909613      0.069366      0.193204      1189 
    2014SP5    16.80      2.920207      0.072856      0.193503      1189 
   2014KG96    16.80      2.914781      0.072444      0.193537      1189 
     485324    16.81      2.915227      0.073075      0.193152      1189 
     444299    16.83      2.907455      0.069715      0.193594      1189 
  2010AP127    16.83      2.940831      0.071351      0.192181      1189 
  2010JL104    16.83      2.914560      0.071372      0.193454      1189 
  2016CJ394    16.83      2.915179      0.071277      0.193504      1189 
  2016CO216    16.83      2.916347      0.071367      0.193137      1189 
     475610    16.84      2.909607      0.075759      0.192598      1189 
     520656    16.84      2.901030      0.071552      0.195607      1189 
  2015FR240    16.84      2.941448      0.072644      0.192410      1189 
  2016AC263    16.84      2.917284      0.071553      0.193260      1189 
     520217    16.85      2.903422      0.070916      0.193566      1189 
  2014QO255    16.87      2.910945      0.071767      0.193348      1189 
     338279    16.88      2.922406      0.071446      0.193778      1189 
     549192    16.88      2.901081      0.079460      0.193740      1189 
   2012TV76    16.88      2.911175      0.071621      0.193043      1189 
     420216    16.89      2.899489      0.067634      0.192132      1189 
    2017FB5    16.89      2.927318      0.075726      0.193694      1189 
     500018    16.90      2.934775      0.073564      0.193723      1189 
     594279    16.90      2.923038      0.069478      0.192818      1189 
    2009RJ6    16.90      2.916544      0.072204      0.193701      1189 
     360941    16.91      2.926664      0.072796      0.193472      1189 
  2014OF173    16.91      2.944757      0.072779      0.191626      1189 
  2015BS568    16.91      2.915780      0.072466      0.193378      1189 
     528944    16.92      2.911711      0.071907      0.193321      1189 
  2017DE110    16.92      2.911074      0.071618      0.192996      1189 
     492804    16.93      2.913479      0.071712      0.193227      1189 
     548393    16.93      2.922499      0.073935      0.193134      1189 
  2010XH108    16.93      2.902907      0.077295      0.193294      1189 
  2014QV453    16.93      2.951538      0.071695      0.192910      1189 
     415198    16.94      2.907056      0.069770      0.193430      1189 
   2003ST28    16.94      2.949472      0.070834      0.192466      1189 
     566972    16.95      2.950870      0.073325      0.192280      1189 
     585920    16.95      2.945452      0.073385      0.192189      1189 
   2016FT66    16.96      2.913295      0.074626      0.193354      1189 
  2016AE188    16.97      2.910646      0.072454      0.193164      1189 
     457263    16.98      2.915014      0.072966      0.193729      1189 
     563441    16.99      2.914436      0.072287      0.193510      1189 
     587737    16.99      2.921114      0.070549      0.193533      1189 
   2020OV77    16.99      2.908012      0.075574      0.192657      1189 
     435279    17.00      2.911774      0.071208      0.193658      1189 
   2015FK89    17.00      2.939525      0.074913      0.192590      1189 
  2017DL142    17.00      2.919025      0.073369      0.193250      1189 
  2015PW218    17.02      2.905725      0.073933      0.193974      1189 
   2017YO41    17.03      2.909606      0.074770      0.192864      1189 
  2010NM112    17.03      2.921842      0.072436      0.194056      1189 
  2016QG138    17.03      2.918697      0.070944      0.193335      1189 
     535528    17.04      2.914478      0.073810      0.193805      1189 
   1995SQ51    17.05      2.948878      0.074886      0.193798      1189 
   2016WA48    17.05      2.909631      0.070404      0.193446      1189 
  2009WE280    17.05      2.951398      0.075284      0.193914      1189 
  2010GA199    17.05      2.917087      0.075585      0.194528      1189 
     452958    17.06      2.902545      0.069596      0.191389      1189 
     558112    17.06      2.894793      0.069792      0.193336      1189 
     564417    17.06      2.934978      0.071520      0.193144      1189 
   2014AL78    17.06      2.934201      0.072024      0.193283      1189 
  2007RO112    17.06      2.913841      0.072161      0.193363      1189 
     607388    17.07      2.934602      0.070393      0.192391      1189 
  2007VK285    17.07      2.911748      0.074201      0.193081      1189 
     605998    17.08      2.907862      0.070628      0.193822      1189 
  2017RQ145    17.08      2.908800      0.073589      0.194282      1189 
     559284    17.09      2.941217      0.072112      0.192788      1189 
     574439    17.09      2.907005      0.070785      0.193357      1189 
   2011WG99    17.09      2.932336      0.072824      0.192767      1189 
   2012VW29    17.09      2.912188      0.072054      0.193119      1189 
   2017UF96    17.09      2.908472      0.075152      0.192820      1189 
   2018TA27    17.09      2.908586      0.074768      0.193411      1189 
  2008UG400    17.09      2.951598      0.071788      0.193053      1189 
   2019MU29    17.10      2.896793      0.076611      0.193564      1189 
  2014DU104    17.10      2.920034      0.072028      0.194013      1189 
  2014QN465    17.10      2.941958      0.073808      0.192950      1189 
  2014WM319    17.10      2.907028      0.074225      0.192945      1189 
     500337    17.11      2.944795      0.072727      0.193050      1189 
   2015FY10    17.11      2.940957      0.073658      0.193570      1189 
  2007TO474    17.11      2.907189      0.070601      0.192818      1189 
  2011UZ125    17.11      2.940983      0.072472      0.192922      1189 
  2015FK105    17.11      2.915893      0.070378      0.193529      1189 
  2019GN128    17.11      2.940687      0.072125      0.193763      1189 
     604578    17.12      2.902811      0.077395      0.194273      1189 
  2010TW208    17.12      2.949337      0.070622      0.192015      1189 
  2013CO227    17.12      2.901083      0.072434      0.193658      1189 
  2014OB332    17.12      2.949563      0.072355      0.191639      1189 
     599544    17.13      2.905739      0.072630      0.193816      1189 
   2008FF43    17.14      2.910449      0.072803      0.193420      1189 
  2007HG109    17.14      2.905971      0.072398      0.193467      1189 
  2008UN280    17.14      2.914372      0.072407      0.193230      1189 
     605865    17.15      2.885669      0.075432      0.195641      1189 
     464778    17.16      2.921175      0.072644      0.192902      1189 
   2016FY24    17.16      2.916142      0.068382      0.193736      1189 
  2016EW166    17.16      2.904343      0.072433      0.195001      1189 
   2013EZ63    17.17      2.927227      0.072157      0.193558      1189 
   2018VH38    17.17      2.906899      0.073748      0.193698      1189 
  2014OM126    17.17      2.907601      0.074662      0.193803      1189 
     428761    17.18      2.910499      0.071888      0.193255      1189 
  2015TU278    17.18      2.892167      0.071621      0.194455      1189 
     442865    17.19      2.950655      0.075910      0.194075      1189 
   2009BF49    17.21      2.916918      0.071376      0.193056      1189 
   2014QP37    17.21      2.904174      0.072046      0.192634      1189 
   2016YC33    17.21      2.910898      0.071206      0.193063      1189 
   2019SH84    17.21      2.905234      0.073667      0.193584      1189 
   2019SY87    17.21      2.931971      0.071707      0.192737      1189 
  2006UL389    17.21      2.905496      0.073657      0.193467      1189 
     537137    17.22      2.904143      0.071754      0.194159      1189 
     578424    17.22      2.911447      0.071463      0.193895      1189 
  2015XH404    17.22      2.923888      0.071658      0.193575      1189 
     600462    17.24      2.922783      0.071641      0.193024      1189 
  2011HT109    17.24      2.898669      0.068387      0.193490      1189 
  2016UY276    17.24      2.945090      0.076159      0.194388      1189 
  2017QF105    17.24      2.910851      0.071225      0.193888      1189 
   2013RH81    17.25      2.909701      0.072065      0.192909      1189 
   2010KC23    17.26      2.899266      0.079576      0.192269      1189 
  2000YX140    17.26      2.918493      0.070931      0.192918      1189 
     559516    17.27      2.906162      0.074303      0.193313      1189 
  2010GQ206    17.27      2.918847      0.070099      0.192281      1189 
  2014WU227    17.28      2.919617      0.072220      0.193120      1189 
   2010BO98    17.29      2.906062      0.069100      0.193984      1189 
     573354    17.30      2.909126      0.068622      0.192909      1189 
  2006WR234    17.30      2.903998      0.071348      0.193172      1189 
  2014QJ216    17.30      2.907256      0.073267      0.193426      1189 
  2014QT256    17.30      2.915021      0.070617      0.192647      1189 
  2016AL264    17.30      2.900831      0.079880      0.193783      1189 
  2016CA104    17.30      2.901782      0.080374      0.194034      1189 
   2014QR88    17.32      2.949832      0.076384      0.194458      1189 
   2020AN23    17.32      2.937476      0.071017      0.192747      1189 
  2021PH124    17.32      2.920666      0.070472      0.193237      1189 
   2019NY53    17.33      2.905490      0.074162      0.193484      1189 
  2014QE454    17.33      2.908702      0.073232      0.193831      1189 
  2016TD150    17.33      2.914591      0.072159      0.193491      1189 
     528409    17.34      2.903251      0.076185      0.194744      1189 
     573261    17.34      2.914903      0.076965      0.193828      1189 
    2014BA5    17.34      2.900061      0.076741      0.194516      1189 
  2007RY356    17.34      2.940903      0.070592      0.192091      1189 
     522717    17.35      2.914857      0.072610      0.193310      1189 
     575299    17.35      2.917539      0.071143      0.192593      1189 
   2010NG31    17.35      2.914823      0.071970      0.193371      1189 
  2010BR113    17.35      2.950847      0.070886      0.192077      1189 
  2011BN150    17.35      2.909647      0.072860      0.193345      1189 
  2015KH200    17.35      2.910541      0.072870      0.193711      1189 
  2015TB143    17.35      2.896082      0.075504      0.192602      1189 
   2014OK82    17.36      2.907866      0.071852      0.192990      1189 
   2018TP14    17.36      2.903469      0.065387      0.192911      1189 
   2021EQ12    17.36      2.907018      0.069371      0.192913      1189 
   2021UQ47    17.36      2.915655      0.070395      0.192832      1189 
     581727    17.37      2.903322      0.068015      0.192423      1189 
   2018FN38    17.37      2.913023      0.072653      0.193158      1189 
  2015MS190    17.37      2.927666      0.072985      0.193052      1189 
     580714    17.38      2.896880      0.079035      0.194495      1189 
   2014BT10    17.38      2.911417      0.074544      0.193874      1189 
  2014ER232    17.38      2.899092      0.065722      0.193380      1189 
  2014HZ114    17.38      2.901288      0.070161      0.191892      1189 
    2019JT8    17.39      2.911313      0.072182      0.192976      1189 
  2008SE279    17.39      2.900955      0.074422      0.192772      1189 
  2011UM444    17.39      2.935292      0.072656      0.192975      1189 
   2018CK23    17.40      2.935917      0.070215      0.192092      1189 
  2014SD381    17.40      2.903893      0.064729      0.192038      1189 
  2015PX148    17.40      2.903315      0.080314      0.194439      1189 
  2019GF137    17.40      2.903065      0.068393      0.192767      1189 
  2006SK309    17.41      2.908475      0.070172      0.193341      1189 
  2016PK152    17.41      2.904184      0.071584      0.193074      1189 
  2016TQ192    17.41      2.905923      0.072166      0.193284      1189 
   2017DF93    17.42      2.907002      0.070881      0.192895      1189 
  2010VJ278    17.42      2.925955      0.072725      0.193318      1189 
  2008RB170    17.43      2.909663      0.077948      0.192761      1189 
   2020RF80    17.45      2.907833      0.069445      0.193515      1189 
  2009SC396    17.45      2.905883      0.074089      0.193734      1189 
  2016GR301    17.45      2.910832      0.069554      0.192767      1189 
   2013UQ44    17.46      2.898921      0.080194      0.193987      1189 
  2005YF198    17.46      2.947731      0.073601      0.192660      1189 
  2015FF253    17.46      2.932490      0.070212      0.192460      1189 
     593202    17.48      2.899203      0.075338      0.194580      1189 
    2016DZ2    17.48      2.923972      0.072553      0.192744      1189 
  2014UD247    17.48      2.905496      0.072437      0.192203      1189 
  2015VC183    17.48      2.894799      0.078001      0.194052      1189 
     531541    17.49      2.914257      0.069793      0.193673      1189 
   2016YR29    17.49      2.906677      0.072820      0.193927      1189 
   2013NW45    17.50      2.916421      0.071284      0.194030      1189 
  2014WA613    17.50      2.900335      0.070329      0.192863      1189 
  2015HF242    17.50      2.930229      0.071875      0.192649      1189 
  2021TE142    17.50      2.946267      0.074666      0.191506      1189 
   2016NW94    17.51      2.949693      0.077439      0.193269      1189 
  2009UJ167    17.52      2.909803      0.074669      0.192213      1189 
   2010KE21    17.53      2.911259      0.071393      0.193308      1189 
  2010LX118    17.53      2.892718      0.074877      0.194186      1189 
  2016QQ136    17.53      2.888087      0.076400      0.193887      1189 
    2016YO5    17.54      2.907513      0.072862      0.193145      1189 
   2015MS95    17.56      2.908658      0.070042      0.193149      1189 
   2020OK49    17.56      2.921244      0.071958      0.193385      1189 
  2005WR128    17.56      2.911748      0.073565      0.193501      1189 
   2006XE82    17.57      2.916271      0.071044      0.192805      1189 
  2013RP154    17.57      2.905323      0.074348      0.193859      1189 
  2014WC109    17.57      2.889666      0.071489      0.193968      1189 
  2015RL346    17.57      2.933762      0.077161      0.192216      1189 
  2019UN100    17.57      2.917511      0.070047      0.193235      1189 
  2008FC145    17.58      2.943617      0.069736      0.193035      1189 
  2016NE154    17.58      2.897903      0.079411      0.193427      1189 
   2017VU62    17.59      2.901353      0.081628      0.197266      1189 
  2020RZ121    17.59      2.903379      0.072732      0.194823      1189 
    2012CU1    17.60      2.913165      0.072885      0.193292      1189 
   2014EO69    17.61      2.902650      0.063988      0.191894      1189 
  2006VF186    17.62      2.916615      0.071011      0.192617      1189 
   2017PE36    17.63      2.917226      0.071500      0.192922      1189 
   2019KT33    17.63      2.914003      0.069012      0.191942      1189 
  2015DW292    17.63      2.893296      0.074278      0.194108      1189 
  2015HM156    17.63      2.946200      0.072942      0.192544      1189 
  2013GH163    17.64      2.902828      0.073941      0.193831      1189 
   2020QZ25    17.65      2.897299      0.080570      0.193269      1189 
   2020SS82    17.65      2.906233      0.073421      0.192918      1189 
   2021TH56    17.65      2.891214      0.075827      0.193531      1189 
   2013ES99    17.66      2.924032      0.070884      0.192596      1189 
   2015DE20    17.66      2.903044      0.071375      0.192898      1189 
  2016NA104    17.66      2.900883      0.069974      0.192836      1189 
  2019SR185    17.66      2.901730      0.070027      0.192424      1189 
  2020HZ102    17.67      2.911329      0.072375      0.192896      1189 
  2014HZ254    17.68      2.891603      0.077184      0.194880      1189 
  2015HL216    17.68      2.905887      0.072767      0.193120      1189 
  2017BM203    17.68      2.894963      0.073702      0.194387      1189 
     604451    17.69      2.933590      0.073181      0.193942      1189 
   2020SF78    17.69      2.909439      0.073838      0.192928      1189 
   2009CG24    17.70      2.910499      0.071475      0.193285      1189 
   2020LO17    17.70      2.910058      0.073721      0.193090      1189 
  2015ON160    17.70      2.897462      0.072600      0.194334      1189 
  2020RZ123    17.70      2.908222      0.071267      0.193800      1189 
   2016JR62    17.71      2.942836      0.072538      0.192634      1189 
   2017CT29    17.72      2.923739      0.073676      0.193227      1189 
  2021RS175    17.72      2.906750      0.067882      0.194174      1189 
   2007YD86    17.73      2.895323      0.077513      0.195053      1189 
   2015LY53    17.73      2.942692      0.074593      0.192304      1189 
  2015KX234    17.73      2.912313      0.072627      0.193516      1189 
  2019GB136    17.73      2.899209      0.073686      0.191872      1189 
  2019JN107    17.73      2.896151      0.076643      0.194389      1189 
  2013RS150    17.74      2.892232      0.070735      0.192756      1189 
  2015PQ333    17.74      2.909124      0.073015      0.193414      1189 
  2016GD302    17.74      2.910695      0.075075      0.193446      1189 
   2018AJ48    17.76      2.897288      0.073180      0.193283      1189 
  2021PR113    17.77      2.909629      0.072536      0.193458      1189 
     547950    17.79      2.891096      0.075710      0.195359      1189 
  2014ES127    17.79      2.899453      0.071480      0.192872      1189 
  2021TD116    17.79      2.899280      0.077101      0.192014      1189 
  2012FG114    17.80      2.919709      0.071230      0.193225      1189 
  2014QV248    17.80      2.895932      0.073016      0.194868      1189 
  2016GH315    17.81      2.905362      0.072749      0.193015      1189 
  2010TH107    17.82      2.938581      0.073806      0.192690      1189 
   2016RM84    17.83      2.895765      0.072380      0.191593      1189 
   2016FJ78    17.84      2.894270      0.074005      0.193546      1189 
   2021TB77    17.84      2.932020      0.071782      0.192470      1189 
  2011HP109    17.84      2.896335      0.075146      0.193686      1189 
   2020PA24    17.86      2.901279      0.067974      0.191890      1189 
   2019AB61    17.87      2.893005      0.076093      0.193341      1189 
   2016CR90    17.89      2.895860      0.074549      0.192080      1189 
  2015HW249    17.89      2.901049      0.071962      0.193384      1189 
  2020RF123    17.89      2.898006      0.068707      0.193108      1189 
  2015TF403    17.93      2.892881      0.074016      0.192908      1189 
   2021UR40    17.94      2.891931      0.074295      0.195228      1189 
   2015QP28    18.00      2.903611      0.076934      0.192172      1189 
   2018AN61    18.01      2.942191      0.071388      0.193020      1189 
  2020RY125    18.02      2.897015      0.072716      0.193444      1189 
   2020SC90    18.07      2.933389      0.072004      0.193017      1189 
   2014HQ85    18.10      2.903192      0.070387      0.193179      1189 
  2019SV156    18.16      2.895328      0.079994      0.194472      1189 
  2015TJ284    18.25      2.950596      0.070597      0.193094      1189 
   2014PW86    18.28      2.894874      0.078296      0.195550      1189 
