       1222    11.24      2.792728      0.088114      0.354579      1222 
      21653    13.59      2.787363      0.088089      0.352214      1222 
      99244    14.09      2.795678      0.080315      0.353080      1222 
     104771    14.33      2.796451      0.108408      0.355169      1222 
     177528    14.35      2.786161      0.087677      0.354291      1222 
      83920    14.54      2.786443      0.063164      0.350921      1222 
     138437    14.60      2.787356      0.086504      0.354277      1222 
     121488    14.63      2.796923      0.081345      0.353067      1222 
     135026    14.69      2.782656      0.097073      0.355260      1222 
     162119    14.70      2.782733      0.088078      0.354749      1222 
      43552    14.71      2.795066      0.079945      0.352861      1222 
      81986    14.73      2.779002      0.097369      0.356524      1222 
     185932    14.78      2.785152      0.073617      0.351632      1222 
      87629    14.80      2.787143      0.072821      0.353811      1222 
     218050    14.88      2.797851      0.074710      0.352193      1222 
     129723    14.96      2.798907      0.092200      0.354468      1222 
     243193    15.02      2.782953      0.083285      0.355300      1222 
      82013    15.07      2.798027      0.116113      0.357727      1222 
     285267    15.07      2.794966      0.104347      0.355222      1222 
     291832    15.13      2.797492      0.114081      0.362171      1222 
     243946    15.15      2.782074      0.089977      0.353815      1222 
     129038    15.20      2.793487      0.077747      0.353100      1222 
     344453    15.20      2.798406      0.086304      0.353394      1222 
     232336    15.22      2.794199      0.085092      0.352728      1222 
     325445    15.24      2.792469      0.098005      0.353922      1222 
     133091    15.25      2.796214      0.077711      0.352834      1222 
     164506    15.27      2.795680      0.090580      0.355499      1222 
     215209    15.32      2.780394      0.099193      0.356189      1222 
     139462    15.34      2.783923      0.090140      0.355789      1222 
     112983    15.36      2.795427      0.073091      0.353414      1222 
     108959    15.39      2.797821      0.123150      0.357904      1222 
     243596    15.39      2.796184      0.078949      0.354617      1222 
     338031    15.39      2.779364      0.083608      0.353814      1222 
     235136    15.40      2.798773      0.128593      0.358325      1222 
     175980    15.42      2.779063      0.091113      0.356106      1222 
     211412    15.42      2.800777      0.076917      0.350602      1222 
     278433    15.43      2.773241      0.093692      0.356839      1222 
     208158    15.44      2.798968      0.094443      0.354274      1222 
     288701    15.44      2.783175      0.062724      0.351194      1222 
     278432    15.46      2.801061      0.076224      0.350437      1222 
     243727    15.49      2.781040      0.095172      0.353812      1222 
     380429    15.49      2.795065      0.075960      0.352060      1222 
     334744    15.50      2.782986      0.072818      0.352489      1222 
     248943    15.51      2.797031      0.082987      0.353454      1222 
     317672    15.53      2.799411      0.128474      0.359207      1222 
     303548    15.55      2.783765      0.092297      0.355859      1222 
     255364    15.58      2.798850      0.068375      0.352760      1222 
     195387    15.59      2.778877      0.094567      0.356407      1222 
     245862    15.60      2.796520      0.079237      0.352569      1222 
     176181    15.61      2.800342      0.129656      0.358461      1222 
     334772    15.62      2.799100      0.081571      0.352538      1222 
     542996    15.65      2.800407      0.083449      0.351567      1222 
     390936    15.67      2.777428      0.109946      0.358054      1222 
     505921    15.69      2.796183      0.075786      0.351626      1222 
     243942    15.70      2.798161      0.123035      0.358159      1222 
     301631    15.70      2.794827      0.076528      0.352324      1222 
     247065    15.71      2.785041      0.074402      0.351614      1222 
     427726    15.71      2.770880      0.063696      0.356382      1222 
     472269    15.73      2.803173      0.084741      0.350251      1222 
     263771    15.74      2.801171      0.068582      0.350400      1222 
     431497    15.74      2.779485      0.094705      0.355571      1222 
     239211    15.75      2.780785      0.094351      0.355834      1222 
     293705    15.75      2.774712      0.100174      0.355800      1222 
     296961    15.77      2.794472      0.089921      0.354868      1222 
     378890    15.78      2.779719      0.081909      0.356163      1222 
     177618    15.80      2.798028      0.068434      0.349238      1222 
     226816    15.80      2.800331      0.125322      0.358928      1222 
     271213    15.80      2.798541      0.073032      0.352293      1222 
     320767    15.82      2.773848      0.098896      0.356710      1222 
     296558    15.83      2.788772      0.081705      0.351995      1222 
     217585    15.85      2.800377      0.084773      0.351974      1222 
     397245    15.85      2.801500      0.075364      0.352211      1222 
     345953    15.89      2.779038      0.109143      0.357572      1222 
     554139    15.90      2.801300      0.119838      0.358448      1222 
     455575    15.91      2.774265      0.102874      0.357382      1222 
     545413    15.92      2.803872      0.093087      0.350152      1222 
     184631    15.94      2.798660      0.076800      0.352193      1222 
     472116    15.94      2.777660      0.090807      0.356542      1222 
     323544    15.95      2.779860      0.086242      0.355117      1222 
     375421    15.96      2.799242      0.077903      0.352189      1222 
     291910    15.97      2.801874      0.122532      0.357799      1222 
     364892    15.97      2.800458      0.080506      0.351733      1222 
     467649    15.97      2.807339      0.095404      0.351957      1222 
     376567    15.98      2.791409      0.072224      0.351552      1222 
     306230    16.01      2.799632      0.083183      0.354446      1222 
     421518    16.01      2.780629      0.074983      0.353109      1222 
     318148    16.04      2.768721      0.099002      0.355943      1222 
     373377    16.04      2.779419      0.053046      0.350614      1222 
     521680    16.05      2.800055      0.076521      0.351700      1222 
     243941    16.07      2.780944      0.092268      0.354308      1222 
     463626    16.07      2.797594      0.121508      0.357570      1222 
     510662    16.07      2.799145      0.079767      0.352211      1222 
   2006RQ33    16.07      2.782040      0.099559      0.354977      1222 
     345866    16.09      2.775520      0.066699      0.352977      1222 
     308794    16.10      2.776903      0.090076      0.356587      1222 
     492193    16.10      2.798480      0.077218      0.351798      1222 
     395570    16.11      2.785976      0.103224      0.353739      1222 
     359415    16.12      2.802294      0.136721      0.362237      1222 
     370753    16.12      2.764625      0.093322      0.358182      1222 
     399424    16.12      2.778306      0.098420      0.354896      1222 
     363619    16.13      2.769929      0.100131      0.357679      1222 
     491572    16.13      2.804228      0.140697      0.358005      1222 
     333430    16.14      2.775433      0.101291      0.357461      1222 
     409641    16.14      2.794450      0.137065      0.358679      1222 
     600383    16.15      2.800077      0.091798      0.352504      1222 
     466959    16.18      2.781294      0.116192      0.355927      1222 
     457782    16.19      2.800176      0.066834      0.350577      1222 
     424681    16.20      2.800731      0.074690      0.351606      1222 
     494884    16.20      2.781549      0.090746      0.356865      1222 
     430599    16.24      2.779469      0.094844      0.355950      1222 
   2015FB54    16.24      2.779258      0.081139      0.353745      1222 
     403588    16.26      2.776473      0.102685      0.356222      1222 
     563459    16.26      2.802850      0.080153      0.350045      1222 
     329824    16.28      2.774084      0.091593      0.357290      1222 
     278465    16.29      2.770954      0.105584      0.357066      1222 
     483011    16.29      2.781581      0.088139      0.352972      1222 
     490474    16.29      2.773787      0.113714      0.357613      1222 
  2015XX363    16.29      2.777217      0.090426      0.354312      1222 
     469205    16.30      2.794198      0.097131      0.354854      1222 
     401077    16.31      2.805359      0.102492      0.343876      1222 
     466478    16.32      2.773375      0.073090      0.353802      1222 
     505157    16.32      2.784798      0.118282      0.357025      1222 
     306254    16.33      2.773462      0.097163      0.356514      1222 
     405583    16.34      2.783334      0.093635      0.355488      1222 
     430810    16.34      2.804437      0.066030      0.350166      1222 
     445344    16.35      2.802285      0.086657      0.353025      1222 
     474416    16.35      2.795553      0.071216      0.351730      1222 
     573206    16.35      2.801560      0.076070      0.352399      1222 
   2015MD55    16.35      2.796876      0.105992      0.352735      1222 
     282967    16.36      2.778033      0.053643      0.350354      1222 
     567868    16.36      2.801064      0.063084      0.350366      1222 
     595709    16.36      2.799304      0.120945      0.357980      1222 
     382385    16.37      2.798484      0.127398      0.358547      1222 
     395212    16.37      2.774266      0.105765      0.357677      1222 
     539076    16.37      2.795996      0.057575      0.352726      1222 
     503017    16.38      2.804412      0.088957      0.352477      1222 
     426442    16.39      2.800421      0.070280      0.349313      1222 
     518865    16.39      2.799098      0.088913      0.352668      1222 
     545421    16.39      2.794174      0.078524      0.352728      1222 
     247250    16.40      2.771792      0.092474      0.357418      1222 
     460147    16.40      2.779138      0.096850      0.354823      1222 
  2011QH103    16.40      2.779723      0.089148      0.356295      1222 
     382156    16.41      2.804444      0.077281      0.350748      1222 
     402268    16.41      2.793417      0.087341      0.352028      1222 
    2015NR5    16.41      2.792236      0.096359      0.353814      1222 
     462392    16.43      2.775309      0.097907      0.357739      1222 
     525084    16.43      2.801739      0.090963      0.352934      1222 
     304168    16.44      2.778822      0.082099      0.353641      1222 
     493436    16.44      2.799306      0.071061      0.351585      1222 
   2010HD29    16.44      2.774095      0.101567      0.358003      1222 
     554105    16.47      2.791649      0.094886      0.353592      1222 
   2009VV58    16.47      2.779987      0.101142      0.353533      1222 
     365269    16.48      2.780542      0.099845      0.356288      1222 
     404996    16.48      2.772633      0.084606      0.355847      1222 
     484496    16.48      2.800325      0.132089      0.361009      1222 
     577777    16.48      2.778881      0.056183      0.350486      1222 
     601901    16.48      2.771672      0.105358      0.357317      1222 
     608938    16.48      2.779660      0.061473      0.350633      1222 
  2013HU158    16.48      2.807543      0.078825      0.349995      1222 
     465444    16.49      2.799757      0.078534      0.351359      1222 
     490480    16.49      2.808390      0.076282      0.349767      1222 
     519098    16.49      2.777749      0.093016      0.355988      1222 
   2013VL30    16.49      2.772154      0.103787      0.357009      1222 
     461818    16.50      2.794944      0.108929      0.355944      1222 
     467553    16.50      2.773027      0.096574      0.355280      1222 
     547345    16.50      2.806381      0.115182      0.352622      1222 
     446691    16.51      2.778068      0.096587      0.356735      1222 
     600339    16.51      2.804305      0.075838      0.349984      1222 
  2012BL101    16.51      2.804870      0.070485      0.351067      1222 
     304232    16.52      2.779359      0.120214      0.358686      1222 
     449670    16.52      2.799486      0.128260      0.360044      1222 
     488725    16.52      2.769395      0.092693      0.357064      1222 
     551526    16.52      2.805983      0.129520      0.358125      1222 
   2014LC24    16.52      2.806210      0.118275      0.358924      1222 
     311311    16.53      2.804381      0.102166      0.355676      1222 
     270585    16.55      2.801890      0.118453      0.361668      1222 
     327007    16.55      2.802909      0.072423      0.349683      1222 
     551900    16.55      2.806521      0.084479      0.349474      1222 
     608020    16.56      2.775907      0.083117      0.355503      1222 
    2007NT7    16.56      2.792330      0.091431      0.354897      1222 
     456611    16.57      2.775515      0.110429      0.358168      1222 
     602180    16.57      2.794824      0.082404      0.352716      1222 
   1999FT67    16.57      2.803547      0.087811      0.354521      1222 
   2010FY36    16.57      2.794936      0.114812      0.355311      1222 
  2015DL138    16.57      2.781910      0.055860      0.350959      1222 
     485133    16.58      2.806042      0.079755      0.349967      1222 
     615563    16.58      2.782415      0.068753      0.351124      1222 
   2015GB27    16.58      2.776168      0.091362      0.357420      1222 
     427608    16.59      2.804882      0.078474      0.350199      1222 
     604249    16.59      2.809037      0.116874      0.355085      1222 
   2015NO28    16.59      2.803600      0.080736      0.353951      1222 
     559992    16.60      2.802464      0.139003      0.359366      1222 
     593023    16.60      2.771594      0.099974      0.358190      1222 
  2015VU121    16.60      2.778979      0.106371      0.357083      1222 
     438357    16.61      2.775325      0.083856      0.356035      1222 
     498828    16.61      2.802476      0.114306      0.355090      1222 
     508363    16.61      2.810086      0.093065      0.348979      1222 
     549826    16.61      2.780227      0.090511      0.354037      1222 
     555368    16.61      2.802751      0.128678      0.359858      1222 
     576785    16.61      2.772648      0.046931      0.354007      1222 
  2012UZ169    16.61      2.799974      0.079755      0.352708      1222 
  2014WK142    16.61      2.803538      0.100818      0.352967      1222 
     2015BW    16.62      2.765650      0.117811      0.359075      1222 
     566004    16.62      2.784894      0.072622      0.351581      1222 
     532313    16.63      2.775645      0.092625      0.356191      1222 
   2017WU24    16.63      2.778298      0.079137      0.352836      1222 
     365084    16.64      2.776947      0.097488      0.355514      1222 
     564074    16.64      2.802478      0.066424      0.349992      1222 
   2009AB53    16.64      2.773130      0.108553      0.358206      1222 
  2015TB389    16.64      2.807391      0.068063      0.349240      1222 
    2017GB1    16.65      2.801968      0.072798      0.352580      1222 
     438399    16.66      2.773184      0.105474      0.358485      1222 
     500313    16.67      2.803138      0.078285      0.351317      1222 
   2015ED76    16.67      2.777690      0.100632      0.356563      1222 
  2014QC328    16.67      2.780174      0.100156      0.353066      1222 
     485106    16.68      2.770852      0.099184      0.358233      1222 
     525032    16.68      2.801131      0.123299      0.357158      1222 
     525096    16.68      2.776321      0.099114      0.356215      1222 
     550414    16.68      2.804284      0.105171      0.355486      1222 
     328418    16.69      2.769799      0.105484      0.358513      1222 
     578408    16.69      2.813811      0.102951      0.347364      1222 
   2016EH18    16.69      2.804514      0.108440      0.356165      1222 
     453617    16.70      2.803201      0.080791      0.350565      1222 
     516813    16.70      2.799186      0.063081      0.352231      1222 
     521935    16.70      2.799191      0.083585      0.354608      1222 
     554116    16.70      2.805009      0.086708      0.355683      1222 
   2016BJ27    16.70      2.806427      0.081737      0.350091      1222 
  2004TH347    16.70      2.801878      0.084323      0.352642      1222 
  2013GE141    16.70      2.784580      0.102860      0.354460      1222 
     576759    16.71      2.803409      0.071467      0.349672      1222 
   2005WL62    16.72      2.779448      0.092073      0.356735      1222 
     448513    16.73      2.803379      0.140401      0.362916      1222 
     488913    16.73      2.778143      0.089209      0.354764      1222 
     500287    16.73      2.769247      0.102147      0.358476      1222 
     523399    16.73      2.804071      0.079681      0.349822      1222 
     585230    16.74      2.800279      0.129209      0.360671      1222 
   2015FG64    16.74      2.770118      0.099691      0.356978      1222 
  2015HQ155    16.74      2.794071      0.076510      0.351449      1222 
    2017HE3    16.75      2.769626      0.109635      0.358512      1222 
   2009HJ42    16.75      2.804877      0.087590      0.355522      1222 
   2014NH40    16.75      2.779392      0.097270      0.356969      1222 
     585090    16.76      2.802049      0.069467      0.350769      1222 
   2010OJ23    16.76      2.802467      0.093962      0.353301      1222 
  2000AR258    16.76      2.806730      0.106563      0.353077      1222 
     485635    16.77      2.778885      0.108313      0.356962      1222 
     493320    16.77      2.774996      0.095742      0.356078      1222 
   2006UA99    16.77      2.774923      0.100249      0.355980      1222 
   2015PH33    16.77      2.776844      0.095813      0.358005      1222 
     544063    16.78      2.804711      0.106051      0.355764      1222 
     581301    16.78      2.776599      0.088660      0.356493      1222 
     545455    16.79      2.777501      0.086297      0.354657      1222 
   2001OQ78    16.79      2.789451      0.086438      0.352322      1222 
   2011GY91    16.79      2.770904      0.099724      0.355841      1222 
  2001DE111    16.79      2.802488      0.062655      0.350157      1222 
  2011SL283    16.79      2.802200      0.116119      0.350353      1222 
     506852    16.80      2.810910      0.107364      0.355191      1222 
     597020    16.80      2.787887      0.097666      0.354129      1222 
     600287    16.80      2.807530      0.083697      0.350445      1222 
  2010TK147    16.80      2.808990      0.087937      0.349014      1222 
  2016AN121    16.80      2.782254      0.118096      0.356920      1222 
     598704    16.81      2.803604      0.083699      0.354083      1222 
     461509    16.82      2.774215      0.103990      0.357228      1222 
    2003SZ6    16.82      2.768404      0.093962      0.358274      1222 
   2009OX14    16.82      2.770965      0.090313      0.355803      1222 
     549018    16.84      2.803068      0.090409      0.353753      1222 
    2013TJ2    16.84      2.806161      0.063348      0.350526      1222 
   2013VW34    16.84      2.774392      0.085679      0.356473      1222 
   2015LD14    16.84      2.778443      0.097133      0.355619      1222 
     547397    16.85      2.785145      0.087119      0.353589      1222 
  2011WK169    16.85      2.780011      0.095342      0.352557      1222 
     484880    16.86      2.769447      0.091057      0.354579      1222 
     512302    16.86      2.800764      0.068735      0.350315      1222 
     539779    16.86      2.781654      0.116006      0.355210      1222 
     551874    16.86      2.770152      0.103799      0.356857      1222 
     597204    16.86      2.774251      0.089755      0.354945      1222 
   2016NM31    16.86      2.764770      0.087199      0.357788      1222 
     467678    16.87      2.774227      0.091973      0.355545      1222 
  2005GH234    16.87      2.806473      0.060938      0.349786      1222 
     555325    16.88      2.799352      0.124086      0.357853      1222 
    2015KP3    16.88      2.770834      0.060341      0.352925      1222 
   2016PC74    16.88      2.806482      0.119082      0.359552      1222 
   2022AX15    16.88      2.766605      0.049325      0.355016      1222 
  2007HD103    16.88      2.776808      0.104372      0.355401      1222 
  2008TZ179    16.88      2.768546      0.098776      0.357336      1222 
   2017HB63    16.89      2.772482      0.066269      0.351773      1222 
   2012FK81    16.90      2.799019      0.068771      0.351936      1222 
   2012QU54    16.90      2.796844      0.080858      0.352120      1222 
   2021FH36    16.90      2.777444      0.076408      0.352686      1222 
     581437    16.91      2.799693      0.069157      0.352520      1222 
    2014MT8    16.91      2.807398      0.076441      0.351978      1222 
   2007PG30    16.91      2.759375      0.082476      0.359661      1222 
  2017DO101    16.91      2.811223      0.118211      0.355284      1222 
     271183    16.92      2.770888      0.102676      0.356217      1222 
   2010KN26    16.93      2.764708      0.082630      0.357471      1222 
   2017KK35    16.93      2.769295      0.083525      0.357242      1222 
  2005EW228    16.93      2.779747      0.089258      0.355878      1222 
  2012VV129    16.93      2.773800      0.105879      0.356313      1222 
   2010LX64    16.94      2.804934      0.076909      0.352642      1222 
     452936    16.95      2.808412      0.085193      0.351388      1222 
    2016MZ6    16.95      2.764336      0.095736      0.358599      1222 
  2009DZ155    16.95      2.798891      0.089541      0.353954      1222 
   2015HR79    16.96      2.776936      0.090942      0.354532      1222 
    2015HJ5    16.97      2.776311      0.095295      0.357590      1222 
   2012SP19    16.97      2.773247      0.098800      0.358843      1222 
  2008UC381    16.97      2.782262      0.095440      0.356181      1222 
    2011XH3    16.98      2.806421      0.070893      0.350035      1222 
   2008PA23    16.98      2.772161      0.092196      0.354146      1222 
   2015DM99    16.98      2.765011      0.087748      0.357643      1222 
   2015MM31    16.98      2.797712      0.080687      0.353321      1222 
  2016AS292    16.98      2.806255      0.078644      0.349008      1222 
   2007YU86    16.99      2.769492      0.095512      0.357195      1222 
   2011YR16    16.99      2.803201      0.113009      0.357672      1222 
   2016NX33    16.99      2.775544      0.096922      0.355843      1222 
     515933    17.00      2.784381      0.083958      0.355704      1222 
   2021MK11    17.00      2.774117      0.088425      0.355747      1222 
  2016CH324    17.00      2.792420      0.102682      0.355243      1222 
     492175    17.01      2.769353      0.052074      0.352246      1222 
     545400    17.01      2.764861      0.089397      0.358777      1222 
   2020BD66    17.01      2.803820      0.077174      0.350266      1222 
   2015FZ32    17.02      2.802319      0.070434      0.350635      1222 
  2015MF176    17.02      2.807870      0.108172      0.353453      1222 
  2015RW244    17.02      2.785115      0.079094      0.353720      1222 
   2015OZ31    17.03      2.772270      0.097050      0.358271      1222 
  2013TO168    17.03      2.795604      0.097836      0.352379      1222 
  2014WC555    17.03      2.806310      0.108974      0.353310      1222 
     436632    17.04      2.780251      0.100699      0.354641      1222 
     459884    17.04      2.793030      0.092666      0.355893      1222 
    2012RB8    17.04      2.771606      0.108015      0.355598      1222 
   2001WF97    17.04      2.806330      0.084596      0.349021      1222 
  2002RY180    17.04      2.802512      0.060189      0.350839      1222 
  2008TK195    17.04      2.808644      0.077390      0.349940      1222 
     607533    17.05      2.769480      0.100556      0.357962      1222 
  2007BK111    17.05      2.802770      0.089829      0.353492      1222 
  2015KZ190    17.05      2.811164      0.081034      0.347321      1222 
     564702    17.06      2.773191      0.094008      0.357590      1222 
   2000RU56    17.06      2.790825      0.090263      0.353272      1222 
   2014PL99    17.06      2.772529      0.056590      0.349684      1222 
  2007EV168    17.06      2.802267      0.085684      0.353794      1222 
  2010GU206    17.06      2.807837      0.069389      0.345677      1222 
  2010OB120    17.06      2.803127      0.091401      0.353863      1222 
     492145    17.07      2.770148      0.098630      0.359188      1222 
   2015LO47    17.07      2.787050      0.104372      0.353857      1222 
  2015TX322    17.07      2.800873      0.085136      0.352084      1222 
  2003SX232    17.08      2.768756      0.078875      0.355609      1222 
  2015FX162    17.08      2.777373      0.100206      0.355321      1222 
   2012FS54    17.09      2.806498      0.118445      0.361606      1222 
   2013QW69    17.09      2.762467      0.093339      0.358959      1222 
  2013GO143    17.09      2.794392      0.102823      0.353839      1222 
   2013QC31    17.10      2.805145      0.082645      0.353058      1222 
     594348    17.11      2.793000      0.085094      0.352102      1222 
     595119    17.11      2.775563      0.105001      0.356875      1222 
   2012JT25    17.11      2.773486      0.107898      0.356184      1222 
   2015MA56    17.11      2.773394      0.080366      0.354139      1222 
  2006US201    17.11      2.813365      0.095154      0.353305      1222 
   2011OW52    17.12      2.806277      0.067527      0.350557      1222 
   2016DC33    17.12      2.804201      0.067372      0.350426      1222 
   2016UR32    17.12      2.808368      0.073040      0.348617      1222 
   2017MU25    17.13      2.768918      0.106103      0.357018      1222 
  2016EQ106    17.13      2.808372      0.144671      0.358649      1222 
  2016GB274    17.13      2.806196      0.099448      0.350689      1222 
     570311    17.14      2.808206      0.102908      0.346945      1222 
   2015KN11    17.14      2.767425      0.101522      0.356131      1222 
   2019NT75    17.14      2.769437      0.089986      0.357845      1222 
  2008SE113    17.14      2.770143      0.109136      0.357160      1222 
     529110    17.15      2.770913      0.127941      0.357782      1222 
   2005TA34    17.15      2.803237      0.072925      0.350774      1222 
   2017TQ14    17.15      2.771686      0.075813      0.355701      1222 
   2018PN15    17.15      2.770970      0.099339      0.356874      1222 
   2014RC76    17.16      2.780906      0.113191      0.357023      1222 
  2005YR268    17.16      2.801863      0.083169      0.349159      1222 
  2011WE131    17.16      2.768530      0.089000      0.357270      1222 
  2005TU199    17.17      2.769818      0.070593      0.354995      1222 
   2004GQ67    17.18      2.786350      0.084080      0.353697      1222 
  2004FV157    17.18      2.804636      0.087653      0.353834      1222 
  2010MD148    17.18      2.808990      0.087866      0.350262      1222 
  2014QD307    17.18      2.764812      0.088905      0.359256      1222 
     500235    17.19      2.774792      0.084118      0.354866      1222 
     515687    17.19      2.769468      0.080796      0.356209      1222 
     606457    17.19      2.808635      0.068904      0.347204      1222 
   2012FU87    17.19      2.774871      0.106730      0.357034      1222 
   2005BH45    17.20      2.772012      0.097679      0.357121      1222 
   2018NA29    17.20      2.765287      0.104215      0.357312      1222 
  2015XU259    17.20      2.770105      0.068170      0.355480      1222 
  2011BE181    17.21      2.773683      0.095931      0.356329      1222 
     604716    17.23      2.798985      0.065742      0.352657      1222 
    2008XJ1    17.23      2.793910      0.131607      0.360106      1222 
   2006RM64    17.23      2.773072      0.069060      0.351895      1222 
   2007FL52    17.23      2.760970      0.092472      0.358504      1222 
   2008EP50    17.23      2.788122      0.101952      0.353319      1222 
   2010MV19    17.23      2.803396      0.089008      0.353996      1222 
   2013BV89    17.23      2.791361      0.112389      0.355192      1222 
   2014KQ43    17.23      2.780497      0.095102      0.355606      1222 
   2014YX78    17.23      2.807553      0.106087      0.349420      1222 
  2010KX100    17.23      2.810067      0.096116      0.349665      1222 
  2014QO275    17.23      2.811065      0.063564      0.355915      1222 
   2014LG15    17.24      2.770821      0.099573      0.357566      1222 
   2016WC15    17.24      2.773813      0.083719      0.357448      1222 
   2018PC37    17.24      2.806467      0.102614      0.351357      1222 
  2005NN131    17.25      2.791567      0.100970      0.354285      1222 
  2005UM115    17.25      2.769510      0.096440      0.358180      1222 
   2014KN44    17.26      2.790756      0.087389      0.353303      1222 
   2014WA28    17.26      2.776683      0.101272      0.357120      1222 
   2015WG34    17.26      2.800276      0.081622      0.351739      1222 
  2007TP407    17.26      2.803283      0.070891      0.349917      1222 
  2013SE105    17.26      2.774233      0.096192      0.356262      1222 
    2015KY9    17.27      2.808267      0.067921      0.348377      1222 
   2012JL20    17.27      2.768529      0.100257      0.358387      1222 
   2016LP62    17.27      2.767790      0.084200      0.358193      1222 
   2020GE28    17.27      2.770754      0.092472      0.354794      1222 
  2008SX132    17.27      2.794115      0.078100      0.351151      1222 
  2010VH241    17.27      2.806236      0.077075      0.348265      1222 
    2013SJ7    17.28      2.765595      0.121868      0.358728      1222 
  2014UE220    17.28      2.803231      0.085387      0.350138      1222 
  2014UK160    17.28      2.802023      0.060012      0.350782      1222 
    2018MQ9    17.29      2.806522      0.116897      0.356169      1222 
   2009WJ82    17.29      2.771472      0.087051      0.354580      1222 
   2014NQ46    17.29      2.787324      0.094552      0.353895      1222 
   2017GF30    17.29      2.788694      0.122881      0.357343      1222 
  2015RU209    17.29      2.796060      0.080706      0.352610      1222 
  2015TH125    17.29      2.780154      0.096749      0.355404      1222 
  2016NZ111    17.29      2.783373      0.088189      0.354437      1222 
   2006OS17    17.30      2.773220      0.092817      0.356917      1222 
   2016HW35    17.30      2.804776      0.111336      0.356404      1222 
  2015XC125    17.30      2.801974      0.089286      0.352898      1222 
  2015XV256    17.30      2.782458      0.095857      0.354992      1222 
  2019GS118    17.30      2.806097      0.065157      0.353199      1222 
     587626    17.31      2.806278      0.099035      0.357527      1222 
  2006BT289    17.31      2.806447      0.113065      0.358897      1222 
  2015FZ424    17.31      2.765618      0.093878      0.356680      1222 
  2015XO270    17.31      2.811876      0.098311      0.349366      1222 
  2016GO303    17.31      2.766989      0.105822      0.359006      1222 
   2007PX51    17.32      2.794820      0.079273      0.353970      1222 
   2017QQ78    17.32      2.813479      0.101334      0.349224      1222 
  2015ME125    17.32      2.768574      0.079603      0.357084      1222 
     537406    17.33      2.774026      0.084122      0.354590      1222 
     598207    17.33      2.769395      0.087658      0.358025      1222 
   2010PG44    17.33      2.799704      0.095800      0.353123      1222 
   2012JU46    17.33      2.759200      0.097756      0.358784      1222 
   2016KK11    17.33      2.795231      0.090766      0.353362      1222 
   2019LW10    17.33      2.807711      0.075311      0.351450      1222 
  2011SU126    17.33      2.770958      0.098159      0.357314      1222 
  2014KF111    17.33      2.767323      0.102433      0.357852      1222 
   2016EO54    17.34      2.769448      0.081040      0.357120      1222 
  2015KR179    17.34      2.761516      0.090799      0.358203      1222 
     452875    17.35      2.788017      0.080045      0.351496      1222 
     545545    17.35      2.773989      0.094553      0.355185      1222 
  2013GM160    17.35      2.810248      0.062371      0.348729      1222 
  2014JA101    17.35      2.766411      0.075627      0.358189      1222 
  2014TN117    17.35      2.806415      0.106473      0.348131      1222 
     596291    17.36      2.770937      0.103598      0.356023      1222 
    2018SF5    17.36      2.800758      0.076636      0.352853      1222 
   2009QA15    17.36      2.773877      0.085041      0.355853      1222 
   2016UZ17    17.36      2.766669      0.112371      0.359249      1222 
   2014JH91    17.38      2.757216      0.102463      0.359364      1222 
   2017FH67    17.38      2.808822      0.144680      0.360329      1222 
  2011QK106    17.38      2.806568      0.117868      0.351945      1222 
    2015OK8    17.39      2.802820      0.080691      0.353207      1222 
   2005WW52    17.39      2.804888      0.115868      0.358757      1222 
   2014TJ97    17.39      2.805189      0.072293      0.349362      1222 
   2019GS65    17.39      2.806292      0.133071      0.361011      1222 
  2010VS259    17.39      2.808907      0.096913      0.354598      1222 
  2015DX277    17.39      2.806300      0.070032      0.348529      1222 
     545469    17.40      2.813357      0.088284      0.355274      1222 
  2015DR292    17.40      2.809914      0.076031      0.351702      1222 
  2015RZ268    17.40      2.770963      0.100347      0.357340      1222 
  2016NE106    17.40      2.807838      0.113041      0.355600      1222 
   2013SW75    17.41      2.804262      0.142730      0.355984      1222 
  2014SC221    17.41      2.774912      0.084013      0.354071      1222 
  2015MN125    17.41      2.785731      0.101649      0.356293      1222 
  2016TG143    17.41      2.804242      0.105426      0.350725      1222 
  2021RC151    17.41      2.770834      0.099621      0.357169      1222 
    2011XU5    17.42      2.767076      0.105581      0.358478      1222 
  2009HC115    17.42      2.806456      0.088506      0.351660      1222 
  2010MS136    17.42      2.773562      0.093843      0.357127      1222 
  2011UX262    17.42      2.778192      0.084644      0.355455      1222 
   2015MD41    17.43      2.808826      0.087683      0.351287      1222 
  2015TO244    17.43      2.768388      0.075454      0.352696      1222 
  2017SP115    17.43      2.755466      0.087738      0.358641      1222 
     604665    17.45      2.767757      0.058569      0.354293      1222 
   2008VE86    17.45      2.771672      0.077704      0.355144      1222 
   2010RR11    17.45      2.793636      0.077545      0.353064      1222 
   2016FZ68    17.45      2.811069      0.093169      0.349228      1222 
   2016NF77    17.45      2.811147      0.085479      0.349536      1222 
   2016RX66    17.45      2.806459      0.082096      0.350923      1222 
   2018YS12    17.45      2.802196      0.092752      0.356080      1222 
     602853    17.46      2.801741      0.083968      0.349299      1222 
    2012KS1    17.46      2.768233      0.098182      0.358999      1222 
   2006QH79    17.46      2.763097      0.095875      0.358462      1222 
   2013PH79    17.46      2.765011      0.083401      0.353765      1222 
   2016LG87    17.46      2.806272      0.100735      0.356862      1222 
   2021EF43    17.46      2.769858      0.070360      0.352869      1222 
  2004RX366    17.46      2.762735      0.103884      0.360027      1222 
  2008SF349    17.46      2.782766      0.126334      0.356756      1222 
  2014SS239    17.46      2.762284      0.098893      0.358642      1222 
     604869    17.47      2.806409      0.076907      0.348624      1222 
   2015TS18    17.47      2.766505      0.102301      0.358659      1222 
  2008SY354    17.47      2.807323      0.075554      0.349230      1222 
  2015VP211    17.47      2.761861      0.089702      0.358357      1222 
   2015OP48    17.48      2.813510      0.075727      0.347906      1222 
   2018UM24    17.48      2.781719      0.059490      0.350948      1222 
  2011BN177    17.48      2.799803      0.130891      0.360393      1222 
  2017UO146    17.48      2.814692      0.071289      0.341998      1222 
   2013NU12    17.49      2.778365      0.092448      0.355797      1222 
   2016LN78    17.49      2.813706      0.095981      0.358037      1222 
   2018GW12    17.49      2.773206      0.105032      0.356581      1222 
  2006QA205    17.49      2.808134      0.091724      0.352023      1222 
  2014DD192    17.49      2.809723      0.084681      0.348478      1222 
  2016GB278    17.49      2.766553      0.102861      0.357339      1222 
     574400    17.50      2.767904      0.079028      0.357096      1222 
    2020NT2    17.50      2.802840      0.091831      0.353603      1222 
   2011KP51    17.50      2.780919      0.107979      0.356353      1222 
   2020WV12    17.50      2.782789      0.076524      0.351305      1222 
  2011UE440    17.50      2.810792      0.086749      0.350421      1222 
   2000RP57    17.51      2.807574      0.092766      0.356222      1222 
   2016HL33    17.51      2.766362      0.084814      0.358110      1222 
   2016SK77    17.51      2.762993      0.075475      0.357079      1222 
   2020WV10    17.51      2.807496      0.079025      0.350112      1222 
  2009WM193    17.51      2.764969      0.116512      0.359083      1222 
  2016AU292    17.51      2.812326      0.080710      0.343780      1222 
     592919    17.52      2.781654      0.089291      0.354404      1222 
   2014KY72    17.52      2.763074      0.101660      0.359158      1222 
  2011UZ435    17.52      2.808230      0.105731      0.350708      1222 
   2017KY40    17.53      2.808210      0.096711      0.352191      1222 
   2020MO44    17.53      2.803565      0.089668      0.354074      1222 
   2010TE97    17.54      2.799055      0.128078      0.359243      1222 
    2005PK4    17.55      2.775024      0.089617      0.355805      1222 
    2011PG4    17.55      2.783901      0.088685      0.353564      1222 
   2003TL62    17.55      2.778924      0.119699      0.359288      1222 
   2009OV19    17.55      2.760958      0.129367      0.360148      1222 
   2013OV10    17.55      2.770317      0.106193      0.356025      1222 
   2016PP81    17.55      2.777689      0.098309      0.355370      1222 
   2018NO36    17.55      2.772376      0.099756      0.357397      1222 
  2014QV338    17.55      2.791736      0.097528      0.352749      1222 
  2015TR342    17.55      2.765602      0.081736      0.359233      1222 
  2009WG281    17.56      2.807524      0.072811      0.351889      1222 
  2016GP272    17.56      2.807825      0.104997      0.354650      1222 
   2011US11    17.57      2.766562      0.080164      0.357623      1222 
   2014XE47    17.57      2.786486      0.090149      0.352127      1222 
   2017PE31    17.57      2.766192      0.089161      0.358394      1222 
   2008XZ59    17.58      2.766463      0.095319      0.356646      1222 
   2015PK60    17.58      2.789886      0.092232      0.354096      1222 
   2015XF34    17.58      2.762749      0.080111      0.357401      1222 
   2016PU84    17.58      2.774543      0.094976      0.356507      1222 
   2016UQ38    17.58      2.761985      0.087125      0.353613      1222 
  2009SO415    17.58      2.784907      0.089176      0.354205      1222 
  2015KF133    17.58      2.764942      0.080690      0.355446      1222 
  2016GZ114    17.58      2.809023      0.105824      0.352322      1222 
    2005OK2    17.59      2.765603      0.125062      0.358537      1222 
   2015UK46    17.59      2.769329      0.116692      0.355494      1222 
  2015TD402    17.59      2.762720      0.097482      0.358250      1222 
   2020SA42    17.60      2.790206      0.086233      0.350837      1222 
  2007RV371    17.60      2.796558      0.077772      0.353759      1222 
  2015TU327    17.60      2.772597      0.103355      0.357183      1222 
  2016PU191    17.60      2.811053      0.091152      0.347862      1222 
   2011RJ31    17.61      2.792422      0.082137      0.351665      1222 
  2007TC384    17.61      2.759192      0.080491      0.358026      1222 
  2012VN131    17.61      2.809948      0.072239      0.345791      1222 
  2015DE296    17.61      2.774135      0.122524      0.358157      1222 
  2016CO386    17.61      2.771583      0.101107      0.355922      1222 
   2014KF62    17.62      2.776172      0.096169      0.358062      1222 
  2015PB337    17.62      2.805141      0.098645      0.347548      1222 
   2021QU10    17.63      2.810246      0.084507      0.350386      1222 
  2014QX277    17.63      2.807653      0.076605      0.347910      1222 
     602471    17.64      2.773987      0.122626      0.356698      1222 
   2009QL59    17.64      2.758240      0.094559      0.359998      1222 
   2014LH27    17.64      2.757060      0.089181      0.357527      1222 
   2020HJ66    17.64      2.810232      0.069956      0.342274      1222 
  2014QL504    17.64      2.772190      0.083029      0.358820      1222 
  2014QS157    17.64      2.769981      0.092256      0.355406      1222 
  2016PN145    17.64      2.794779      0.098034      0.355197      1222 
     599705    17.65      2.751708      0.078386      0.356722      1222 
   2017HB66    17.65      2.775182      0.084081      0.354592      1222 
   2017TV22    17.65      2.764591      0.099892      0.358314      1222 
   2020PD31    17.65      2.793733      0.109788      0.354909      1222 
   2020RL82    17.65      2.810401      0.084809      0.351318      1222 
   2015LK34    17.66      2.781296      0.094425      0.354193      1222 
  2015TX292    17.66      2.809661      0.080137      0.351091      1222 
    2016PH2    17.67      2.776275      0.100336      0.356736      1222 
     586308    17.68      2.792971      0.136830      0.360147      1222 
    2020LK3    17.68      2.769957      0.100996      0.356325      1222 
  2016QL120    17.68      2.782404      0.082807      0.351177      1222 
  2016QZ106    17.68      2.756651      0.108507      0.360965      1222 
   2011PX18    17.69      2.781223      0.078989      0.355090      1222 
   2013MF13    17.69      2.764427      0.109422      0.359002      1222 
   2013PR71    17.69      2.780730      0.072881      0.350812      1222 
   2019PB15    17.69      2.772105      0.111967      0.358082      1222 
   2019RG41    17.69      2.764364      0.106177      0.357770      1222 
   2019JQ53    17.70      2.770902      0.094838      0.357179      1222 
   2019SV13    17.70      2.768140      0.085149      0.354908      1222 
  2012UF222    17.70      2.761588      0.082926      0.358067      1222 
  2015TK271    17.70      2.809011      0.089445      0.350777      1222 
  2015XG364    17.70      2.813756      0.095289      0.349944      1222 
   2012TH62    17.71      2.771860      0.107108      0.353230      1222 
  2010LW108    17.71      2.759069      0.111769      0.360440      1222 
  2016GQ299    17.71      2.801223      0.067076      0.349630      1222 
   2014MC39    17.72      2.776817      0.095380      0.355432      1222 
  2010MB149    17.72      2.799702      0.079963      0.351155      1222 
   2014FR80    17.73      2.776016      0.099795      0.357131      1222 
   2010TO62    17.74      2.789730      0.095589      0.354576      1222 
  2006SY338    17.74      2.759668      0.106606      0.359433      1222 
  2015KK197    17.75      2.760355      0.085228      0.356345      1222 
   2020OG33    17.76      2.797679      0.086620      0.350624      1222 
   2007LH25    17.77      2.770900      0.084846      0.356217      1222 
   2019GW82    17.77      2.773484      0.088914      0.355725      1222 
   2019GX50    17.77      2.775655      0.118704      0.355983      1222 
   2021KV15    17.77      2.764430      0.113762      0.358348      1222 
  2009HN120    17.78      2.763143      0.097896      0.357345      1222 
    2011NX5    17.79      2.757988      0.085108      0.360945      1222 
    2021QU1    17.79      2.804526      0.077057      0.350713      1222 
   2007RN74    17.79      2.766701      0.091179      0.355532      1222 
  2011UY432    17.79      2.758566      0.113494      0.357771      1222 
   2014ND19    17.80      2.769394      0.089164      0.356039      1222 
   2016UQ37    17.80      2.759178      0.108153      0.360035      1222 
  2005TG103    17.80      2.804311      0.066580      0.350515      1222 
   2006RJ50    17.81      2.768449      0.103484      0.357795      1222 
  2012UJ222    17.81      2.806344      0.101181      0.352913      1222 
   2010MD52    17.82      2.760682      0.099041      0.358550      1222 
   2012PP47    17.82      2.800361      0.102029      0.353815      1222 
  2006SR451    17.82      2.781764      0.092933      0.355775      1222 
     2020LP    17.83      2.763327      0.101422      0.358829      1222 
   2007LK35    17.83      2.793176      0.077984      0.351454      1222 
   2007SN29    17.83      2.811438      0.066502      0.349660      1222 
  2004RF181    17.84      2.767151      0.107113      0.356108      1222 
  2005UN452    17.84      2.762680      0.074015      0.357794      1222 
  2014QN280    17.84      2.760074      0.111260      0.359149      1222 
   2020OE88    17.85      2.806326      0.103334      0.360799      1222 
  2005VD146    17.85      2.762755      0.089724      0.358266      1222 
  2011QU111    17.85      2.768676      0.052316      0.355280      1222 
    2020JM9    17.86      2.763517      0.106575      0.351304      1222 
   2005BZ56    17.86      2.804433      0.074083      0.351637      1222 
   2016FF78    17.86      2.779496      0.117430      0.358757      1222 
   2021GR74    17.86      2.771802      0.110361      0.355055      1222 
   2021HH11    17.86      2.811156      0.110065      0.350110      1222 
  2014OZ107    17.86      2.812288      0.083955      0.347003      1222 
  2015MT173    17.86      2.758839      0.091150      0.357672      1222 
  2016SY115    17.86      2.773423      0.104138      0.356983      1222 
   2017NK24    17.87      2.761546      0.090483      0.356257      1222 
  2016PC125    17.88      2.806349      0.116291      0.361152      1222 
  2006UZ243    17.89      2.750372      0.101395      0.363720      1222 
   2018NR42    17.90      2.774134      0.105121      0.360090      1222 
   2012LD11    17.91      2.763317      0.112888      0.358561      1222 
   2017WQ61    17.91      2.767889      0.098291      0.357263      1222 
  2014QB521    17.91      2.810717      0.127246      0.358384      1222 
  2016UQ248    17.91      2.773673      0.088941      0.355675      1222 
  2017FR169    17.92      2.771589      0.090864      0.355116      1222 
   2014QH38    17.93      2.765362      0.104112      0.358191      1222 
   2016RU60    17.93      2.777739      0.082588      0.356207      1222 
   2017HL70    17.93      2.781599      0.102472      0.354952      1222 
   2012KQ54    17.95      2.749978      0.127850      0.361060      1222 
  2012TN239    17.95      2.760776      0.102450      0.356063      1222 
  2014OO273    17.95      2.808363      0.108555      0.351250      1222 
  2013TR104    17.97      2.772587      0.101523      0.357168      1222 
  2015KD133    17.98      2.764211      0.110450      0.357199      1222 
  2020HB100    17.98      2.778907      0.098831      0.357115      1222 
   2020GM28    17.99      2.788219      0.085629      0.354044      1222 
   2021TO56    18.00      2.770099      0.104333      0.356038      1222 
  2016NB116    18.00      2.764128      0.088953      0.358105      1222 
   2016PO13    18.01      2.745068      0.065563      0.360002      1222 
  2017SJ261    18.01      2.784358      0.099784      0.356131      1222 
   2016RU53    18.02      2.758353      0.100517      0.359301      1222 
   2017RS27    18.02      2.813250      0.114026      0.353372      1222 
  2012TW159    18.02      2.751632      0.084334      0.356054      1222 
   2017OF46    18.04      2.796810      0.095257      0.352078      1222 
  2016PE160    18.04      2.746717      0.100727      0.356476      1222 
   2011VM31    18.05      2.774051      0.113261      0.356405      1222 
   2013RT10    18.05      2.760976      0.093971      0.356446      1222 
   2016LN73    18.05      2.765538      0.106388      0.357805      1222 
   2020QL18    18.05      2.762324      0.099900      0.354563      1222 
   2021TU18    18.06      2.771741      0.097415      0.354022      1222 
  2016UV282    18.06      2.766529      0.083767      0.355030      1222 
   2016UD50    18.07      2.754723      0.072745      0.360564      1222 
  2009SU217    18.07      2.757953      0.089642      0.359289      1222 
  2015MV160    18.07      2.764020      0.101653      0.356884      1222 
   2015HG55    18.09      2.757737      0.090672      0.359858      1222 
   2020JD12    18.11      2.764736      0.106270      0.356967      1222 
  2016GB308    18.11      2.760429      0.080616      0.357466      1222 
  2006SO450    18.12      2.804779      0.090791      0.353019      1222 
  2015PC191    18.12      2.764704      0.104234      0.353076      1222 
  2006SM431    18.13      2.751944      0.065624      0.360563      1222 
  2001RZ112    18.15      2.761882      0.116004      0.359335      1222 
   2016LP73    18.16      2.784439      0.135648      0.357759      1222 
   2021QW67    18.16      2.762042      0.103917      0.358229      1222 
  2015OM147    18.16      2.799256      0.085178      0.351999      1222 
  2019GX126    18.16      2.763121      0.096272      0.357760      1222 
   2006WH87    18.17      2.759702      0.069379      0.361043      1222 
  2020HA149    18.17      2.801761      0.079492      0.348656      1222 
   2016LB51    18.18      2.766980      0.106247      0.359651      1222 
  2012TG376    18.18      2.769417      0.109260      0.356198      1222 
   2015SH35    18.19      2.754850      0.102229      0.360583      1222 
  2014QJ347    18.19      2.790651      0.109348      0.351721      1222 
  2016GL308    18.20      2.760911      0.093361      0.356971      1222 
   2016LZ96    18.21      2.807526      0.111618      0.351755      1222 
   2011PL11    18.22      2.757022      0.072926      0.358122      1222 
   2015MG98    18.22      2.792058      0.074248      0.348647      1222 
  2015OQ162    18.24      2.793981      0.142551      0.362514      1222 
   2016JH52    18.25      2.757477      0.088433      0.360482      1222 
  2014QX341    18.26      2.775230      0.092085      0.355561      1222 
    2011RM6    18.27      2.768798      0.092560      0.355346      1222 
   2016JE56    18.27      2.767341      0.103977      0.357513      1222 
   2016PD34    18.28      2.762132      0.092444      0.358853      1222 
  2007RO373    18.28      2.772192      0.090210      0.356792      1222 
   2019JY77    18.33      2.773996      0.083474      0.353966      1222 
  2016PG220    18.33      2.807648      0.099754      0.362112      1222 
  2021TP107    18.34      2.773940      0.103083      0.356083      1222 
   2018FV47    18.37      2.765981      0.131324      0.358646      1222 
   2016FZ83    18.39      2.773778      0.088327      0.354699      1222 
    2020GQ6    18.43      2.757765      0.094712      0.361380      1222 
   2005SJ80    18.45      2.755483      0.106684      0.359207      1222 
  2015TB396    18.47      2.772610      0.098752      0.357581      1222 
  2016PH160    18.48      2.776267      0.089516      0.357453      1222 
   2012KK62    18.53      2.756411      0.092633      0.357735      1222 
   2014QL12    18.55      2.751105      0.110251      0.362305      1222 
  2015TF354    18.62      2.767384      0.093174      0.358386      1222 
  2012UA240    18.63      2.757836      0.092461      0.361476      1222 
  2014HE262    18.64      2.788962      0.097376      0.355966      1222 
  2016PC227    18.66      2.787211      0.091700      0.352311      1222 
   2016JG59    18.67      2.764410      0.101237      0.358677      1222 
  2014HZ237    18.77      2.756167      0.102080      0.360514      1222 
   2016LQ93    18.93      2.767903      0.084163      0.355874      1222 
  2015KY240    19.28      2.763643      0.082064      0.359941      1222 
