       1270    12.48      2.234703      0.154412      0.093835      1270 
      90265    15.99      2.234872      0.154463      0.094045      1270 
      60151    16.10      2.234877      0.154497      0.093976      1270 
     215619    17.00      2.234622      0.154361      0.093707      1270 
     203370    17.17      2.234836      0.154558      0.094073      1270 
     338309    17.67      2.234942      0.154711      0.094421      1270 
  2002RH291    17.95      2.234990      0.154642      0.094351      1270 
     433382    18.02      2.234702      0.154297      0.093688      1270 
   2006KA77    18.27      2.234380      0.154001      0.093341      1270 
   2015DY94    18.27      2.234941      0.154737      0.094407      1270 
  2007RM332    18.47      2.234763      0.154284      0.093736      1270 
   2015XK88    18.48      2.234414      0.154121      0.093402      1270 
  2015TL455    18.56      2.235031      0.154704      0.094533      1270 
     585600    18.61      2.234918      0.154227      0.093776      1270 
   2008YV51    18.65      2.234905      0.154503      0.094120      1270 
  2015PR301    18.71      2.234819      0.154332      0.093830      1270 
   2016TW15    18.72      2.234955      0.154279      0.093940      1270 
    2018TM7    18.76      2.234910      0.154207      0.093685      1270 
  2014OR378    18.79      2.234703      0.154218      0.093639      1270 
  2016TR115    18.85      2.234924      0.154381      0.094027      1270 
   2014OA86    18.89      2.234557      0.153911      0.093321      1270 
    2017SU3    18.91      2.234914      0.154579      0.094140      1270 
   2014WT96    18.93      2.235091      0.154909      0.094840      1270 
   2019QA14    18.95      2.234906      0.154345      0.093893      1270 
  2021RB114    19.00      2.234946      0.154738      0.094417      1270 
   2014NZ88    19.02      2.234951      0.154422      0.094079      1270 
   2015WQ25    19.02      2.234935      0.154645      0.094301      1270 
  2006WV222    19.04      2.234917      0.154607      0.094337      1270 
  2015XK452    19.07      2.234931      0.154522      0.094200      1270 
  2015XQ432    19.08      2.234927      0.154658      0.094202      1270 
   2015PQ47    19.11      2.234782      0.154376      0.093844      1270 
  2015XX321    19.20      2.235093      0.154860      0.094806      1270 
   2020PM28    19.24      2.235042      0.154754      0.094646      1270 
  2010VB265    19.25      2.234865      0.154400      0.093976      1270 
  2010VN260    19.25      2.235052      0.154745      0.094604      1270 
   2015QW31    19.26      2.234586      0.154188      0.093482      1270 
  2014OE206    19.31      2.235079      0.154745      0.094608      1270 
  2010VU261    19.36      2.234757      0.154403      0.093849      1270 
   2017WC50    19.51      2.235061      0.154766      0.094603      1270 
   2020OS89    19.54      2.234652      0.154710      0.094127      1270 
   2017VP37    19.73      2.234938      0.154547      0.094247      1270 
