       1303     9.48      3.219248      0.121842      0.322276      1303 
      11911    11.80      3.210027      0.132169      0.330567      1303 
      65871    12.31      3.221049      0.122196      0.322120      1303 
      17840    12.46      3.227073      0.122213      0.322861      1303 
      33292    12.99      3.227360      0.129485      0.326713      1303 
      26558    13.15      3.194646      0.115763      0.319342      1303 
      50976    13.15      3.218005      0.123416      0.323058      1303 
      56297    13.22      3.225172      0.123665      0.323738      1303 
      34984    13.42      3.219456      0.111955      0.316190      1303 
      48296    13.44      3.224273      0.128330      0.326302      1303 
      16794    13.45      3.229767      0.120773      0.321221      1303 
      86403    13.56      3.216252      0.124616      0.323556      1303 
      51058    13.59      3.228220      0.126665      0.327507      1303 
      69083    13.63      3.214227      0.120712      0.321966      1303 
      51119    13.68      3.220235      0.121456      0.321559      1303 
      44492    13.69      3.220273      0.123425      0.324298      1303 
     117224    13.70      3.230243      0.121548      0.321043      1303 
     165899    13.74      3.227022      0.123757      0.322495      1303 
     160263    13.79      3.230538      0.118014      0.320729      1303 
      77720    13.80      3.227337      0.126495      0.325745      1303 
      84680    13.81      3.223917      0.113624      0.312222      1303 
      97293    13.81      3.216002      0.116248      0.317469      1303 
      42076    13.86      3.201856      0.126266      0.323857      1303 
      69133    13.90      3.222828      0.120399      0.319301      1303 
     124097    13.91      3.217389      0.132009      0.329634      1303 
      91778    13.94      3.223978      0.121141      0.319755      1303 
     111276    14.00      3.224539      0.118995      0.318532      1303 
      96289    14.07      3.199464      0.135888      0.330244      1303 
      72710    14.09      3.188714      0.117765      0.317275      1303 
     143486    14.12      3.217933      0.112075      0.318999      1303 
     133780    14.15      3.218397      0.118919      0.320118      1303 
      63891    14.16      3.204577      0.126978      0.322805      1303 
     136084    14.17      3.224353      0.114694      0.316284      1303 
     133199    14.20      3.228117      0.116025      0.318355      1303 
      78362    14.22      3.203191      0.115880      0.321063      1303 
     179524    14.22      3.202203      0.128230      0.325823      1303 
     167665    14.23      3.219263      0.112214      0.315815      1303 
     128898    14.26      3.228027      0.119083      0.318974      1303 
     197256    14.28      3.224944      0.117047      0.319765      1303 
      88032    14.29      3.224523      0.121456      0.322126      1303 
      90480    14.29      3.229239      0.124225      0.324408      1303 
     135370    14.29      3.215728      0.111045      0.314488      1303 
     130287    14.32      3.182787      0.118723      0.322233      1303 
     107448    14.33      3.224410      0.122044      0.321678      1303 
      95518    14.35      3.211013      0.123655      0.327216      1303 
      97624    14.35      3.190814      0.111055      0.318344      1303 
     138809    14.39      3.225697      0.124172      0.320956      1303 
      92259    14.40      3.225048      0.116275      0.318546      1303 
     204144    14.40      3.221903      0.115718      0.319574      1303 
     141252    14.42      3.224709      0.126641      0.326836      1303 
     128027    14.45      3.217247      0.123105      0.323721      1303 
      82807    14.46      3.223274      0.118735      0.320709      1303 
     113406    14.47      3.220233      0.110842      0.314819      1303 
     143605    14.47      3.227405      0.107547      0.315489      1303 
      84881    14.48      3.216996      0.118992      0.321585      1303 
     174038    14.51      3.236134      0.110449      0.317734      1303 
     197276    14.53      3.224164      0.119980      0.320796      1303 
     223475    14.54      3.218338      0.111910      0.315868      1303 
     195625    14.55      3.209293      0.122966      0.325585      1303 
      79347    14.56      3.213217      0.135775      0.332053      1303 
     138865    14.58      3.210698      0.125885      0.325498      1303 
     104287    14.63      3.224722      0.128055      0.325334      1303 
     248529    14.63      3.218097      0.140876      0.336981      1303 
      80095    14.64      3.233023      0.121860      0.325264      1303 
     129146    14.64      3.206831      0.135652      0.330130      1303 
      69155    14.65      3.226844      0.123386      0.325110      1303 
     165918    14.65      3.229665      0.126059      0.325695      1303 
     151504    14.67      3.224051      0.118939      0.319983      1303 
     255400    14.67      3.227970      0.116361      0.320194      1303 
     121831    14.68      3.232302      0.123285      0.323235      1303 
     169410    14.69      3.211565      0.136795      0.333309      1303 
  2002RH295    14.69      3.231910      0.121080      0.322552      1303 
     111798    14.70      3.222048      0.115641      0.318373      1303 
     154245    14.71      3.222246      0.114683      0.317063      1303 
     241076    14.71      3.230099      0.126136      0.326777      1303 
     241859    14.71      3.217670      0.142129      0.336207      1303 
     195765    14.72      3.224014      0.132299      0.329308      1303 
     291494    14.73      3.227011      0.117896      0.320030      1303 
     209029    14.74      3.218168      0.125416      0.324392      1303 
     138826    14.76      3.230142      0.116718      0.319926      1303 
     244270    14.78      3.203204      0.114333      0.315229      1303 
     290165    14.79      3.219984      0.120543      0.320095      1303 
     235306    14.80      3.231628      0.118815      0.322237      1303 
     164596    14.81      3.220533      0.125911      0.326910      1303 
     196151    14.81      3.220246      0.122018      0.322975      1303 
     249219    14.81      3.231233      0.119894      0.321412      1303 
     196066    14.82      3.228003      0.119255      0.321817      1303 
     226572    14.82      3.231790      0.112489      0.317547      1303 
     220382    14.83      3.203589      0.135548      0.332223      1303 
     243241    14.83      3.216937      0.130281      0.327327      1303 
     186389    14.84      3.215382      0.122602      0.322354      1303 
      91996    14.85      3.223356      0.123508      0.324076      1303 
     168022    14.85      3.224514      0.124167      0.321869      1303 
     233037    14.85      3.214149      0.109475      0.315475      1303 
     244334    14.88      3.207403      0.127440      0.326233      1303 
     238318    14.89      3.207483      0.112754      0.312694      1303 
     294596    14.89      3.224445      0.125896      0.325720      1303 
     182930    14.90      3.208766      0.129422      0.326048      1303 
     218889    14.90      3.211407      0.143182      0.340954      1303 
     244183    14.90      3.218010      0.113338      0.314650      1303 
     169322    14.92      3.200651      0.116800      0.321364      1303 
     340624    14.92      3.232811      0.122582      0.324119      1303 
     152512    14.94      3.231751      0.109062      0.317699      1303 
     250567    14.95      3.230178      0.119918      0.321386      1303 
     257373    14.96      3.216087      0.120212      0.320154      1303 
     247466    14.97      3.213676      0.120815      0.321125      1303 
     248226    14.97      3.207551      0.109601      0.315923      1303 
     143461    14.98      3.222153      0.121516      0.323076      1303 
     160496    14.98      3.216924      0.130368      0.328451      1303 
     182942    14.98      3.221001      0.128447      0.327120      1303 
     302475    14.99      3.204398      0.117774      0.319547      1303 
     216875    15.00      3.208245      0.108694      0.312600      1303 
     259394    15.00      3.209784      0.129352      0.328293      1303 
     291511    15.01      3.217393      0.121608      0.321094      1303 
     304720    15.01      3.210713      0.127307      0.325771      1303 
     167662    15.02      3.227506      0.122965      0.323865      1303 
     250084    15.02      3.217898      0.116556      0.316756      1303 
     355241    15.02      3.227873      0.123155      0.321615      1303 
     234897    15.03      3.224793      0.117064      0.318976      1303 
     325386    15.03      3.220458      0.111453      0.314769      1303 
     390412    15.03      3.228698      0.109798      0.313506      1303 
     238008    15.05      3.216482      0.133840      0.331971      1303 
     362402    15.05      3.223760      0.117503      0.317856      1303 
     112842    15.07      3.215212      0.125597      0.324748      1303 
     237128    15.08      3.197300      0.111565      0.320120      1303 
     318431    15.09      3.232206      0.121257      0.321927      1303 
     337247    15.09      3.222112      0.116462      0.316098      1303 
     359451    15.09      3.219564      0.106420      0.315022      1303 
     215141    15.11      3.227364      0.125671      0.322162      1303 
     287044    15.11      3.234315      0.117895      0.320991      1303 
     362293    15.11      3.209574      0.129239      0.326323      1303 
     454767    15.11      3.218938      0.126433      0.324878      1303 
   2005TJ30    15.11      3.204937      0.123100      0.325992      1303 
     352091    15.13      3.205124      0.129877      0.326536      1303 
     399016    15.13      3.221981      0.112128      0.312705      1303 
     441005    15.13      3.225008      0.113672      0.315559      1303 
     452244    15.13      3.227710      0.108306      0.313782      1303 
     360706    15.14      3.202928      0.112869      0.318003      1303 
     149680    15.15      3.211613      0.128275      0.327084      1303 
     399907    15.15      3.224278      0.127072      0.324956      1303 
     247568    15.16      3.218441      0.131288      0.329829      1303 
     389802    15.16      3.224342      0.119607      0.321027      1303 
     332922    15.17      3.230133      0.116811      0.317569      1303 
     215479    15.18      3.230998      0.117869      0.317175      1303 
     236986    15.18      3.211664      0.139642      0.334996      1303 
     317467    15.18      3.213155      0.121559      0.321667      1303 
     226546    15.19      3.215523      0.119901      0.319856      1303 
     248504    15.19      3.183414      0.137118      0.330416      1303 
     159455    15.20      3.210391      0.132992      0.329549      1303 
     313753    15.20      3.225076      0.122728      0.322559      1303 
     213465    15.21      3.232884      0.117557      0.321759      1303 
     473827    15.21      3.216937      0.119931      0.323784      1303 
     540230    15.21      3.231301      0.125132      0.323944      1303 
     325491    15.22      3.192531      0.131431      0.325021      1303 
     240739    15.23      3.233149      0.118265      0.322098      1303 
     258782    15.23      3.213545      0.112216      0.312940      1303 
     297907    15.23      3.212435      0.109490      0.313842      1303 
     290303    15.24      3.230144      0.123346      0.321050      1303 
     272081    15.26      3.221337      0.122453      0.323406      1303 
     319355    15.26      3.203578      0.117198      0.321658      1303 
     248427    15.27      3.230372      0.128314      0.326047      1303 
     267571    15.29      3.218108      0.111467      0.318411      1303 
     481359    15.29      3.232989      0.116056      0.323333      1303 
     445256    15.30      3.223281      0.124671      0.325020      1303 
     337944    15.31      3.194885      0.119327      0.321698      1303 
     409828    15.31      3.212877      0.134797      0.331857      1303 
     416836    15.31      3.217640      0.129107      0.326910      1303 
     224747    15.32      3.230714      0.112708      0.314236      1303 
     226547    15.32      3.230229      0.121502      0.319762      1303 
     414553    15.32      3.217014      0.130057      0.328158      1303 
     288585    15.33      3.211024      0.138767      0.334350      1303 
     312673    15.34      3.230431      0.114642      0.318644      1303 
     297509    15.35      3.200858      0.143636      0.336322      1303 
     393223    15.35      3.207341      0.120986      0.321661      1303 
     401735    15.35      3.217034      0.126104      0.327184      1303 
     226506    15.36      3.221726      0.113382      0.314151      1303 
     412556    15.36      3.219967      0.120995      0.321427      1303 
     247896    15.37      3.212030      0.136455      0.332687      1303 
     391734    15.37      3.227767      0.109837      0.316987      1303 
     310097    15.38      3.198241      0.124992      0.325409      1303 
     423165    15.38      3.219416      0.120748      0.321784      1303 
     439179    15.38      3.211248      0.110116      0.312111      1303 
     356198    15.39      3.217532      0.110541      0.315813      1303 
     247883    15.40      3.221836      0.111183      0.314427      1303 
     295307    15.40      3.212427      0.125704      0.325424      1303 
     444127    15.40      3.197866      0.118991      0.319684      1303 
     568783    15.40      3.204339      0.135697      0.326505      1303 
     288808    15.41      3.236359      0.116029      0.322373      1303 
     419423    15.41      3.234978      0.107961      0.315306      1303 
     515704    15.42      3.204729      0.127457      0.324998      1303 
     266924    15.43      3.235318      0.117205      0.322794      1303 
  2015DC130    15.43      3.233643      0.123922      0.322545      1303 
     188729    15.45      3.211101      0.132960      0.330122      1303 
     589842    15.45      3.227105      0.124252      0.324049      1303 
     321449    15.46      3.211374      0.133237      0.331164      1303 
     330823    15.47      3.178524      0.124519      0.325508      1303 
     350201    15.47      3.220014      0.117192      0.318846      1303 
     379521    15.47      3.194218      0.128267      0.323450      1303 
     310006    15.48      3.229206      0.121759      0.320544      1303 
     356364    15.48      3.216749      0.135214      0.332028      1303 
     602702    15.48      3.207263      0.134654      0.327822      1303 
     309665    15.50      3.217613      0.129132      0.326331      1303 
  2011UG271    15.50      3.227387      0.130242      0.326188      1303 
     347753    15.51      3.210965      0.123839      0.323396      1303 
     359936    15.51      3.207661      0.120172      0.321639      1303 
    2009QD9    15.51      3.222145      0.123977      0.324140      1303 
     278475    15.52      3.196712      0.123967      0.325758      1303 
     321990    15.52      3.188092      0.124654      0.323058      1303 
     560195    15.52      3.200515      0.121020      0.323760      1303 
     340805    15.54      3.229592      0.119968      0.320679      1303 
     433144    15.54      3.220762      0.111731      0.317101      1303 
  2014OE393    15.54      3.222037      0.122286      0.323132      1303 
     317752    15.55      3.204579      0.135146      0.327287      1303 
     408092    15.55      3.202485      0.115626      0.317346      1303 
     352611    15.58      3.222038      0.119367      0.322427      1303 
     458159    15.58      3.207060      0.116753      0.315272      1303 
     332432    15.59      3.224532      0.124464      0.325709      1303 
     279585    15.62      3.213992      0.112638      0.313132      1303 
     305940    15.62      3.200185      0.120318      0.320678      1303 
     393169    15.62      3.236109      0.113722      0.318492      1303 
    2010FB7    15.62      3.224300      0.114240      0.316335      1303 
     261691    15.63      3.198997      0.126067      0.323189      1303 
     348821    15.63      3.216350      0.120556      0.323503      1303 
     306229    15.64      3.207430      0.118342      0.315234      1303 
     424987    15.64      3.212116      0.131447      0.329288      1303 
     448096    15.64      3.225595      0.118173      0.320122      1303 
     386250    15.65      3.199991      0.132622      0.329891      1303 
     402441    15.65      3.198292      0.126978      0.324953      1303 
     468602    15.65      3.231152      0.109027      0.315172      1303 
     488361    15.66      3.230024      0.125869      0.323036      1303 
  2013AT128    15.66      3.216302      0.130063      0.327286      1303 
     332827    15.67      3.221708      0.118114      0.316322      1303 
     601580    15.67      3.216943      0.119972      0.319867      1303 
   2013WT22    15.67      3.211211      0.133125      0.330744      1303 
   2016BQ45    15.67      3.211621      0.142635      0.338884      1303 
     412538    15.68      3.230217      0.123405      0.323619      1303 
     423135    15.70      3.200030      0.124702      0.322272      1303 
     460744    15.71      3.221123      0.116663      0.318811      1303 
     493333    15.71      3.227294      0.122424      0.323283      1303 
     355220    15.72      3.200508      0.135167      0.331725      1303 
     398539    15.72      3.214383      0.129760      0.328021      1303 
     424931    15.72      3.223460      0.124827      0.326438      1303 
     428511    15.72      3.209703      0.126269      0.329104      1303 
   2006QB70    15.72      3.201464      0.112023      0.318639      1303 
     296337    15.73      3.207507      0.114264      0.318599      1303 
     321506    15.74      3.226636      0.107610      0.313349      1303 
     331978    15.74      3.231444      0.110403      0.316584      1303 
     410115    15.74      3.207019      0.137461      0.330213      1303 
  2011WU171    15.74      3.231134      0.121354      0.321117      1303 
  2017BX129    15.74      3.215794      0.116105      0.319124      1303 
   2010LU16    15.75      3.188101      0.120567      0.322806      1303 
     353635    15.76      3.226556      0.123136      0.323389      1303 
     375121    15.76      3.194638      0.126134      0.326571      1303 
     449728    15.76      3.214447      0.131165      0.328777      1303 
  2015AJ276    15.76      3.224286      0.128376      0.326180      1303 
     439694    15.77      3.221980      0.109293      0.317040      1303 
     599853    15.78      3.229525      0.129834      0.329470      1303 
  2001XR269    15.78      3.200383      0.116384      0.320223      1303 
     338929    15.79      3.193381      0.116381      0.320772      1303 
     378518    15.79      3.196242      0.126456      0.324814      1303 
     456106    15.79      3.196852      0.136207      0.333567      1303 
     468945    15.79      3.233837      0.115238      0.318199      1303 
     518778    15.79      3.204116      0.120477      0.321460      1303 
     311496    15.80      3.219330      0.130450      0.328241      1303 
     546087    15.80      3.224288      0.127994      0.323997      1303 
     449677    15.82      3.219744      0.119668      0.320162      1303 
     533569    15.82      3.233756      0.125106      0.321389      1303 
   2008EY82    15.82      3.204898      0.121248      0.320827      1303 
     328879    15.84      3.216235      0.125414      0.326335      1303 
   2010MZ39    15.84      3.200122      0.132174      0.326342      1303 
     509388    15.85      3.216597      0.131122      0.328338      1303 
    2015AX5    15.85      3.206252      0.141536      0.334004      1303 
     431622    15.86      3.212329      0.139656      0.334151      1303 
    2009JT4    15.86      3.213876      0.118241      0.318703      1303 
   2010HY86    15.86      3.217182      0.134536      0.330448      1303 
   2016HK21    15.86      3.213273      0.118400      0.317776      1303 
     439423    15.87      3.230109      0.129201      0.328066      1303 
     467714    15.87      3.235502      0.112433      0.317141      1303 
     588054    15.87      3.180634      0.118287      0.319204      1303 
     414736    15.88      3.189094      0.122000      0.320149      1303 
     494150    15.88      3.198841      0.127170      0.324216      1303 
     420257    15.89      3.196185      0.133118      0.327718      1303 
     296180    15.90      3.193224      0.119580      0.321181      1303 
   2001YD57    15.90      3.212419      0.136792      0.333025      1303 
   2016QC10    15.90      3.215721      0.124442      0.324962      1303 
     382003    15.91      3.201630      0.119969      0.320385      1303 
     418899    15.92      3.184982      0.115818      0.319654      1303 
   2004XF67    15.92      3.199411      0.128174      0.326408      1303 
     273147    15.93      3.221656      0.108473      0.313373      1303 
     604792    15.94      3.221642      0.117313      0.318288      1303 
  2009VU119    15.94      3.226154      0.124886      0.326557      1303 
     331747    15.97      3.211608      0.142490      0.336556      1303 
   2014NQ50    15.97      3.214975      0.115739      0.319185      1303 
   2018AZ16    15.97      3.202787      0.127799      0.326139      1303 
     382001    15.98      3.210482      0.128633      0.324968      1303 
     454574    15.98      3.216330      0.139175      0.334807      1303 
     464104    15.98      3.226221      0.107860      0.312201      1303 
   2017DW80    15.98      3.205151      0.121829      0.319311      1303 
  2010RH191    15.98      3.231401      0.121645      0.322315      1303 
   2011SP91    15.99      3.212344      0.120952      0.321728      1303 
   2014BV38    15.99      3.204882      0.112269      0.314709      1303 
     432436    16.00      3.203243      0.129738      0.326388      1303 
     501531    16.00      3.211695      0.108718      0.313000      1303 
     2012MC    16.01      3.192742      0.115839      0.322528      1303 
     432886    16.01      3.219729      0.126993      0.326593      1303 
   2013OZ10    16.01      3.214793      0.136999      0.332588      1303 
     461174    16.02      3.188592      0.118097      0.321194      1303 
     488807    16.02      3.219291      0.125884      0.325089      1303 
  2014WG505    16.02      3.230498      0.120814      0.321242      1303 
     478302    16.03      3.228914      0.126290      0.323776      1303 
     521404    16.03      3.224485      0.120791      0.320815      1303 
   2008BN13    16.03      3.210887      0.123882      0.322848      1303 
  2016CR112    16.03      3.209871      0.131007      0.328460      1303 
     410655    16.04      3.207380      0.110826      0.315173      1303 
     511502    16.04      3.217164      0.136708      0.333053      1303 
    2018YJ1    16.04      3.207438      0.135301      0.330309      1303 
  2003SM438    16.04      3.224141      0.116871      0.319333      1303 
   2016VO21    16.05      3.198012      0.112061      0.316738      1303 
     394359    16.06      3.200558      0.116974      0.316493      1303 
  2013YE129    16.06      3.201269      0.111201      0.319411      1303 
     470102    16.07      3.207292      0.120593      0.319441      1303 
  2014UX230    16.07      3.213463      0.135552      0.331340      1303 
     397778    16.08      3.207235      0.120699      0.322491      1303 
     465290    16.08      3.213293      0.133649      0.329975      1303 
   2015VM10    16.08      3.221530      0.126887      0.323581      1303 
  2006VS176    16.08      3.225135      0.119478      0.318640      1303 
  2015BP542    16.08      3.229433      0.126858      0.323624      1303 
     2013OZ    16.09      3.214014      0.127004      0.325624      1303 
     475795    16.09      3.216688      0.132930      0.327111      1303 
     519099    16.09      3.219613      0.107959      0.315392      1303 
     614709    16.09      3.207797      0.141451      0.334682      1303 
   2014YV40    16.09      3.238196      0.107520      0.317637      1303 
   2016TV61    16.10      3.207181      0.129138      0.328162      1303 
  2006HV118    16.10      3.229970      0.121729      0.321519      1303 
  2010CB131    16.10      3.214299      0.127188      0.326112      1303 
     418782    16.11      3.196368      0.125994      0.323956      1303 
     506120    16.11      3.227021      0.123707      0.321789      1303 
     586547    16.11      3.217945      0.121766      0.323371      1303 
     589908    16.11      3.205261      0.125415      0.324019      1303 
   2016DE10    16.11      3.229757      0.111177      0.315732      1303 
   2009CS27    16.12      3.207592      0.140433      0.333410      1303 
   2009VK11    16.12      3.234946      0.113625      0.313572      1303 
     569265    16.13      3.191187      0.127131      0.327714      1303 
     577513    16.13      3.191279      0.116241      0.320493      1303 
     593779    16.13      3.210956      0.126775      0.323306      1303 
   2010HP56    16.13      3.215328      0.119796      0.319790      1303 
  2007BJ104    16.13      3.203837      0.130817      0.327820      1303 
     398099    16.14      3.209957      0.139631      0.335830      1303 
     500005    16.14      3.224348      0.115722      0.318662      1303 
     566358    16.14      3.201569      0.133677      0.331005      1303 
   2014EH78    16.14      3.190434      0.117045      0.320979      1303 
   2014FP41    16.14      3.214048      0.122463      0.322006      1303 
   2015HA26    16.14      3.189903      0.129053      0.326460      1303 
   2015OD88    16.14      3.229125      0.118715      0.322269      1303 
  2008UN389    16.14      3.188253      0.117961      0.321566      1303 
  2014DR109    16.14      3.210690      0.129061      0.326394      1303 
     517425    16.15      3.216724      0.109294      0.312204      1303 
   2003TW43    16.15      3.234972      0.114643      0.318014      1303 
   2015KR10    16.15      3.205732      0.139984      0.333875      1303 
     244846    16.16      3.211542      0.130001      0.326474      1303 
     365027    16.16      3.234674      0.123706      0.321728      1303 
     375125    16.16      3.191993      0.116321      0.322069      1303 
   2014MW40    16.16      3.229882      0.118473      0.322443      1303 
  2007TY472    16.16      3.221644      0.125275      0.326556      1303 
  2014SV384    16.16      3.225469      0.127843      0.327405      1303 
     372772    16.17      3.199568      0.118720      0.321163      1303 
     507863    16.17      3.235970      0.114281      0.322138      1303 
   2015AM94    16.17      3.213655      0.126877      0.325996      1303 
  2014EW109    16.17      3.207440      0.138840      0.332077      1303 
     609311    16.18      3.199901      0.120763      0.322321      1303 
     614051    16.18      3.197529      0.115254      0.312843      1303 
  2016CP211    16.18      3.205029      0.139389      0.331383      1303 
     531739    16.19      3.207805      0.137498      0.333308      1303 
     582133    16.19      3.232805      0.111465      0.315563      1303 
    2010GP5    16.19      3.190525      0.120314      0.321216      1303 
   2016JL13    16.19      3.228938      0.124918      0.321876      1303 
    2010EJ6    16.20      3.198582      0.127837      0.324320      1303 
   2018VH59    16.20      3.201451      0.132215      0.330368      1303 
  2006KV147    16.20      3.189451      0.117790      0.321684      1303 
     372935    16.21      3.210805      0.130039      0.329027      1303 
     487181    16.21      3.233186      0.109597      0.317047      1303 
     577474    16.21      3.187971      0.112962      0.315638      1303 
     587504    16.21      3.223373      0.111517      0.313822      1303 
     519079    16.22      3.188540      0.116023      0.322649      1303 
     418840    16.23      3.187661      0.117915      0.321182      1303 
     526810    16.23      3.200062      0.118665      0.321147      1303 
   2011YF81    16.23      3.227419      0.126324      0.323906      1303 
  2014WU479    16.23      3.201406      0.129302      0.326443      1303 
   2010KF45    16.24      3.202488      0.129622      0.328075      1303 
     424948    16.25      3.194570      0.136521      0.332829      1303 
     508310    16.25      3.231547      0.119616      0.320224      1303 
     510506    16.25      3.200238      0.131825      0.329787      1303 
     570076    16.25      3.214231      0.123942      0.321673      1303 
   2019BQ11    16.25      3.213611      0.130193      0.328070      1303 
  2012XF135    16.25      3.215239      0.110489      0.314592      1303 
     424972    16.26      3.201488      0.123449      0.322954      1303 
     454226    16.26      3.207394      0.134065      0.329094      1303 
     560687    16.27      3.191190      0.118033      0.321744      1303 
     585068    16.27      3.204123      0.119059      0.323489      1303 
   2011YA42    16.27      3.198447      0.135125      0.332939      1303 
  2014KD114    16.27      3.213871      0.129821      0.328977      1303 
     521747    16.28      3.212141      0.122928      0.324527      1303 
   2014JM82    16.28      3.207488      0.137647      0.333000      1303 
  2006RN123    16.28      3.189708      0.123517      0.322737      1303 
     432446    16.29      3.221776      0.113578      0.312206      1303 
     467551    16.29      3.213993      0.137613      0.333952      1303 
  2016CJ239    16.29      3.180702      0.113365      0.317051      1303 
     505088    16.30      3.216108      0.121579      0.320363      1303 
  2016EU257    16.30      3.198683      0.114526      0.313647      1303 
     586734    16.31      3.184685      0.118774      0.322817      1303 
   2010NJ68    16.31      3.223171      0.114226      0.318289      1303 
   2013RT48    16.31      3.214338      0.128926      0.328898      1303 
   2015UF64    16.31      3.203260      0.137979      0.332009      1303 
     417345    16.32      3.224197      0.125288      0.322880      1303 
   2017BY35    16.32      3.207230      0.118255      0.320198      1303 
  2017QV141    16.32      3.207731      0.129360      0.328197      1303 
     537610    16.33      3.214466      0.132113      0.328955      1303 
  2005VK155    16.33      3.207620      0.126632      0.330563      1303 
  2014OG335    16.33      3.225140      0.113268      0.316823      1303 
     566888    16.34      3.193080      0.124429      0.324219      1303 
    2010BL1    16.34      3.212022      0.127958      0.327049      1303 
   2011WK81    16.34      3.196375      0.119168      0.319368      1303 
   2012HU89    16.34      3.219569      0.112615      0.316487      1303 
    2010EP8    16.35      3.207047      0.115044      0.314794      1303 
   2010LC24    16.35      3.222080      0.115606      0.315884      1303 
     457484    16.36      3.219289      0.122160      0.320781      1303 
     593495    16.36      3.213331      0.116349      0.316540      1303 
   2010ND12    16.36      3.207794      0.137399      0.332150      1303 
  2007VN123    16.36      3.224691      0.111276      0.314719      1303 
     485291    16.37      3.213439      0.128236      0.326292      1303 
     516513    16.37      3.192757      0.128499      0.328149      1303 
     554675    16.37      3.214999      0.129251      0.326776      1303 
   2016TA85    16.37      3.227292      0.129981      0.327680      1303 
   2012DK97    16.38      3.227738      0.119096      0.321198      1303 
   2017EV28    16.38      3.212787      0.135076      0.330553      1303 
  2007VF247    16.38      3.203135      0.129963      0.329085      1303 
  2015XO393    16.38      3.187060      0.138415      0.329128      1303 
     611722    16.39      3.185473      0.117684      0.319730      1303 
   2008LP19    16.39      3.204491      0.139221      0.334720      1303 
  2008SG143    16.39      3.216988      0.129511      0.326706      1303 
  2015FX283    16.39      3.199276      0.130201      0.325330      1303 
  2017FP138    16.39      3.211752      0.129595      0.329147      1303 
   2019GG22    16.40      3.207507      0.142505      0.333481      1303 
  1999VM232    16.40      3.219102      0.113592      0.319280      1303 
     507562    16.41      3.214621      0.124728      0.323911      1303 
    2015NU5    16.41      3.190403      0.119422      0.323398      1303 
  2015TH135    16.41      3.202995      0.111345      0.314849      1303 
  2006KU150    16.42      3.199226      0.144674      0.337314      1303 
  2010OM133    16.43      3.217074      0.119736      0.319844      1303 
  2010VQ266    16.43      3.191634      0.114309      0.317085      1303 
  2015BG268    16.43      3.199815      0.114434      0.318680      1303 
  2016AD364    16.43      3.200124      0.116069      0.320012      1303 
     604866    16.44      3.207590      0.133200      0.330226      1303 
   2006UC72    16.44      3.231904      0.110261      0.315528      1303 
   2010BW84    16.44      3.197399      0.114264      0.316603      1303 
   2010ED54    16.44      3.193665      0.120593      0.322084      1303 
   2014UB53    16.44      3.195074      0.116820      0.321548      1303 
  2012UW159    16.44      3.191881      0.119787      0.323631      1303 
   2013EY39    16.45      3.229727      0.125909      0.325956      1303 
   2014TX31    16.45      3.231849      0.110175      0.314406      1303 
   2006FV21    16.46      3.193389      0.118043      0.320956      1303 
  2010BT127    16.46      3.208112      0.136107      0.333134      1303 
     463496    16.47      3.188089      0.118842      0.321917      1303 
   2010XQ54    16.47      3.208089      0.134596      0.330191      1303 
  2017QE135    16.47      3.198521      0.118794      0.319222      1303 
     530825    16.48      3.207441      0.132737      0.329520      1303 
     614057    16.48      3.201437      0.121099      0.318106      1303 
   2010JB98    16.48      3.192384      0.112975      0.316763      1303 
   2010EC56    16.49      3.215157      0.130221      0.327328      1303 
   2010RW56    16.49      3.213788      0.132477      0.330174      1303 
   2014PP15    16.49      3.203967      0.130138      0.324988      1303 
  2011UT141    16.49      3.235554      0.109732      0.313527      1303 
  2014QQ163    16.49      3.205959      0.125542      0.325133      1303 
     441412    16.50      3.183591      0.117100      0.319250      1303 
     523959    16.50      3.225961      0.120169      0.318930      1303 
     596965    16.50      3.214743      0.131345      0.328737      1303 
   2010CR49    16.50      3.189489      0.119369      0.320053      1303 
   2010GR90    16.50      3.204689      0.122973      0.323035      1303 
   2014CE36    16.50      3.218128      0.121674      0.323687      1303 
   2017HT43    16.50      3.183476      0.135403      0.330412      1303 
  2010JY106    16.50      3.201178      0.126893      0.326341      1303 
  2015OU152    16.50      3.214316      0.132151      0.329850      1303 
   2015VP70    16.51      3.207364      0.143408      0.339740      1303 
   2019WP21    16.51      3.219439      0.116503      0.318526      1303 
  2018VY138    16.51      3.231390      0.116855      0.319142      1303 
     437969    16.52      3.228051      0.112476      0.316724      1303 
   2007XK55    16.52      3.201185      0.135768      0.331414      1303 
   2010DL23    16.52      3.204937      0.123697      0.324255      1303 
   2014QM84    16.52      3.209424      0.119292      0.322557      1303 
  2013CK254    16.52      3.200296      0.118688      0.317280      1303 
   2011EO60    16.53      3.224242      0.125273      0.323313      1303 
   2015XJ91    16.53      3.191095      0.125080      0.323103      1303 
  2002AY210    16.53      3.191742      0.125131      0.323788      1303 
     281926    16.54      3.217506      0.134355      0.333162      1303 
     499395    16.54      3.216326      0.134521      0.330983      1303 
     538837    16.54      3.196840      0.121017      0.322606      1303 
   2010OG40    16.54      3.203344      0.142334      0.335454      1303 
   2014YL67    16.54      3.211646      0.130228      0.326957      1303 
     555594    16.55      3.231736      0.128321      0.327305      1303 
     570774    16.55      3.190279      0.121107      0.319718      1303 
     591242    16.55      3.207339      0.129536      0.329215      1303 
   2017SZ34    16.55      3.185250      0.120191      0.321087      1303 
  2005XL124    16.55      3.218807      0.117287      0.318385      1303 
  2010OB153    16.55      3.214332      0.124485      0.323809      1303 
  2017BD125    16.56      3.209833      0.135555      0.333253      1303 
     487222    16.57      3.187168      0.111950      0.317665      1303 
   2015VX59    16.57      3.201582      0.127729      0.328769      1303 
  2014OS110    16.57      3.221389      0.120536      0.319070      1303 
  2014QZ231    16.57      3.191020      0.129991      0.323657      1303 
  2014UH130    16.57      3.210728      0.135291      0.332445      1303 
     610600    16.58      3.210854      0.138037      0.335761      1303 
     472179    16.59      3.213598      0.115926      0.318532      1303 
   2010JU56    16.59      3.194869      0.118457      0.321151      1303 
   2017FY53    16.59      3.216745      0.120289      0.322756      1303 
  1998SJ180    16.59      3.187397      0.117335      0.321935      1303 
     528225    16.60      3.204797      0.120159      0.323137      1303 
     552393    16.60      3.219017      0.120357      0.320798      1303 
   2010MB32    16.60      3.223511      0.114869      0.316968      1303 
   2014UC61    16.60      3.211474      0.140803      0.336093      1303 
   2014YK69    16.60      3.211108      0.135062      0.332686      1303 
     519042    16.61      3.194817      0.125994      0.325322      1303 
   2010GB49    16.61      3.207533      0.113296      0.318163      1303 
   2010LA33    16.61      3.195158      0.118890      0.322257      1303 
  2008FR102    16.61      3.200437      0.122200      0.321569      1303 
     507866    16.62      3.185267      0.118950      0.319778      1303 
     551692    16.62      3.194768      0.115334      0.315327      1303 
     581870    16.62      3.201146      0.140066      0.333620      1303 
     599415    16.62      3.210651      0.122415      0.321737      1303 
    2018AR4    16.62      3.194302      0.142062      0.337048      1303 
  2010EH149    16.62      3.208181      0.135378      0.332433      1303 
     440678    16.63      3.194501      0.144326      0.336319      1303 
   2000YD16    16.63      3.207225      0.120998      0.323120      1303 
   2011GX96    16.63      3.207255      0.129005      0.326777      1303 
   2013PT36    16.63      3.203247      0.130343      0.329207      1303 
  2010AD126    16.63      3.233192      0.127297      0.325910      1303 
     605492    16.64      3.207164      0.112916      0.316993      1303 
  2013WH117    16.64      3.203575      0.120540      0.322236      1303 
     483131    16.65      3.202838      0.136934      0.331581      1303 
     571186    16.65      3.187400      0.123974      0.324223      1303 
  2010FP126    16.65      3.200613      0.134887      0.332516      1303 
  2014WY334    16.65      3.209999      0.124897      0.324369      1303 
  2015XZ150    16.65      3.180346      0.118389      0.320605      1303 
  2018VU126    16.65      3.188735      0.121675      0.323174      1303 
   2013SE38    16.66      3.199600      0.112118      0.319024      1303 
   2016WG62    16.66      3.212543      0.142886      0.338264      1303 
   2017FD74    16.66      3.180453      0.118809      0.320673      1303 
  2005YC117    16.67      3.204956      0.118439      0.320209      1303 
     572190    16.68      3.184636      0.119031      0.322093      1303 
   2007JP52    16.68      3.200541      0.129479      0.327814      1303 
   2017QR59    16.68      3.189365      0.126820      0.327859      1303 
  2006SO412    16.68      3.206535      0.135287      0.331084      1303 
  2014WF572    16.68      3.214689      0.132914      0.330494      1303 
  2015TE356    16.68      3.217764      0.113342      0.317147      1303 
   2013WS25    16.69      3.204155      0.133319      0.330109      1303 
   2014XT30    16.69      3.203731      0.124322      0.321486      1303 
   2018NZ40    16.69      3.196340      0.139862      0.333467      1303 
  2010VM272    16.69      3.188374      0.128278      0.327582      1303 
  2014SA220    16.69      3.199797      0.119990      0.324985      1303 
   2007MB14    16.70      3.190511      0.112970      0.313578      1303 
  2010JM143    16.70      3.192883      0.123799      0.326414      1303 
  2012XF161    16.70      3.185286      0.119343      0.321557      1303 
  2014WG385    16.70      3.220972      0.116874      0.317628      1303 
  2016CQ124    16.70      3.192901      0.129463      0.325741      1303 
     515956    16.71      3.197487      0.124111      0.324683      1303 
   2004EP51    16.71      3.207418      0.123060      0.321644      1303 
   2005TZ38    16.71      3.224031      0.116243      0.320533      1303 
   2010OJ59    16.71      3.199280      0.117548      0.320441      1303 
  2010TJ207    16.71      3.193406      0.116721      0.320234      1303 
     591001    16.72      3.207254      0.135372      0.332123      1303 
   2010KB67    16.72      3.213059      0.142842      0.338150      1303 
   2014YC68    16.72      3.225109      0.114398      0.317248      1303 
   2019OO25    16.72      3.224402      0.130982      0.325246      1303 
  2002EJ170    16.72      3.213099      0.141705      0.336955      1303 
  2007RV342    16.72      3.196698      0.112429      0.315272      1303 
  2015BD581    16.72      3.232879      0.116166      0.323450      1303 
   2010HL62    16.73      3.210569      0.129520      0.325237      1303 
   2014KA25    16.73      3.182799      0.137153      0.331592      1303 
  2007EK243    16.73      3.207265      0.135332      0.329870      1303 
  2014KT118    16.73      3.188697      0.134076      0.330203      1303 
  2015XO172    16.73      3.216081      0.135545      0.332872      1303 
   2010KR69    16.74      3.188983      0.115462      0.318054      1303 
   2010LV19    16.74      3.178582      0.116273      0.321966      1303 
  2010LC100    16.74      3.189242      0.117479      0.321681      1303 
  2011BP111    16.74      3.233276      0.121589      0.323654      1303 
     533524    16.75      3.207706      0.138406      0.330482      1303 
  2011BZ182    16.75      3.215953      0.134144      0.331644      1303 
  2011UU442    16.75      3.223718      0.110625      0.315189      1303 
  2015DW252    16.75      3.192484      0.125436      0.322902      1303 
    2013MJ8    16.76      3.208880      0.138257      0.332243      1303 
   2019AO59    16.76      3.207397      0.143020      0.338213      1303 
   2019SB73    16.76      3.194538      0.119130      0.317124      1303 
    2010OM2    16.77      3.213077      0.132816      0.329692      1303 
   2011FJ59    16.77      3.202470      0.125633      0.323660      1303 
   2015SP27    16.77      3.188229      0.127254      0.325294      1303 
   2017HC71    16.77      3.198161      0.132265      0.331005      1303 
   2019HX10    16.77      3.194723      0.128183      0.328255      1303 
   2019WJ10    16.77      3.202712      0.116126      0.320178      1303 
  2014WW541    16.77      3.187459      0.116742      0.319349      1303 
   2010PO70    16.78      3.205791      0.124818      0.323533      1303 
   2016EQ53    16.78      3.182470      0.112168      0.316660      1303 
  2015OJ134    16.78      3.188101      0.117265      0.320166      1303 
  2015OK153    16.78      3.212502      0.141362      0.337712      1303 
     462458    16.79      3.195218      0.114048      0.315147      1303 
     613961    16.79      3.230179      0.111489      0.313298      1303 
   2010HU44    16.79      3.178887      0.122752      0.323702      1303 
   2015AB96    16.79      3.228837      0.108151      0.316594      1303 
   2015VO20    16.79      3.190391      0.122947      0.325408      1303 
  2006BM198    16.79      3.207220      0.126371      0.326104      1303 
  2015UV104    16.79      3.217690      0.126444      0.324159      1303 
   2010KX49    16.80      3.186311      0.122091      0.324202      1303 
   2016UF40    16.80      3.191888      0.113097      0.315359      1303 
   2017TE20    16.80      3.207289      0.136809      0.327913      1303 
     488699    16.81      3.184085      0.119367      0.322220      1303 
     598829    16.81      3.186835      0.118140      0.322147      1303 
   2010JO97    16.81      3.197407      0.137282      0.329698      1303 
  2007VQ376    16.81      3.217103      0.128336      0.324249      1303 
  2015AA110    16.81      3.199034      0.123974      0.320670      1303 
  2015RE154    16.81      3.190773      0.123475      0.322516      1303 
  2016EG258    16.81      3.193544      0.124074      0.324931      1303 
     527632    16.82      3.197338      0.134450      0.329533      1303 
   2012AY30    16.82      3.199843      0.141835      0.334739      1303 
  2014UJ260    16.82      3.208083      0.123473      0.326134      1303 
   2016CK77    16.83      3.213839      0.122684      0.321597      1303 
  2006BL278    16.83      3.195973      0.117926      0.320626      1303 
  2011WR165    16.83      3.184165      0.116915      0.322340      1303 
  2014SD409    16.83      3.214041      0.108446      0.315417      1303 
     476406    16.84      3.194794      0.127179      0.327274      1303 
   2013CV43    16.84      3.224475      0.109672      0.312910      1303 
   2015GD45    16.84      3.188723      0.119065      0.319182      1303 
  2005WC214    16.84      3.190932      0.117598      0.319059      1303 
  2012TG282    16.84      3.207376      0.121309      0.323186      1303 
    2019RD9    16.85      3.230286      0.117717      0.320906      1303 
   2011WZ85    16.85      3.197624      0.127765      0.326647      1303 
   2015UJ71    16.85      3.197436      0.119878      0.318676      1303 
  2006UG113    16.85      3.189034      0.123634      0.325092      1303 
  2015OO111    16.85      3.201483      0.126630      0.324563      1303 
  2016CF331    16.85      3.179580      0.120265      0.321724      1303 
  2016GL333    16.85      3.195962      0.128018      0.326466      1303 
   2005WQ53    16.86      3.207303      0.120694      0.319610      1303 
   2010GL10    16.86      3.195021      0.130160      0.327799      1303 
   2012JQ51    16.86      3.215776      0.108253      0.313850      1303 
   2014AQ31    16.86      3.185897      0.115869      0.321574      1303 
  2005GW114    16.86      3.188024      0.128830      0.325764      1303 
  2013CJ234    16.86      3.224211      0.109792      0.314076      1303 
  2016CD352    16.86      3.214205      0.109425      0.315463      1303 
   2008WJ65    16.87      3.180578      0.119933      0.322627      1303 
   2016EO21    16.87      3.204668      0.126996      0.327277      1303 
  2014QQ554    16.87      3.199703      0.115203      0.319485      1303 
  2016AQ123    16.87      3.188867      0.118598      0.321939      1303 
   2010BQ91    16.88      3.206959      0.118034      0.319764      1303 
   2014UK24    16.88      3.208117      0.124154      0.322655      1303 
   2015RW33    16.88      3.206606      0.140365      0.334853      1303 
  2005US556    16.88      3.207386      0.113045      0.315423      1303 
  2010CJ266    16.88      3.191520      0.144416      0.334948      1303 
  2013EH160    16.88      3.184751      0.115853      0.321117      1303 
   2008VV92    16.89      3.183523      0.128071      0.326720      1303 
   2010MH30    16.89      3.194977      0.125876      0.324545      1303 
   2016SH46    16.89      3.201872      0.133666      0.328219      1303 
  2009WX189    16.89      3.190022      0.131360      0.328448      1303 
  2014UG246    16.89      3.201373      0.113292      0.314580      1303 
  2014WY526    16.89      3.212771      0.126030      0.328646      1303 
  2015BO272    16.89      3.195147      0.122746      0.322373      1303 
     577042    16.90      3.194301      0.131640      0.326340      1303 
   2013YK85    16.90      3.207372      0.126071      0.324987      1303 
   2015FX42    16.90      3.207665      0.111505      0.312013      1303 
   2017YC16    16.90      3.207697      0.125826      0.325764      1303 
   2019QR72    16.90      3.235521      0.114226      0.318764      1303 
   2020PM39    16.91      3.234162      0.111648      0.314580      1303 
   2020YZ22    16.91      3.202726      0.136407      0.331464      1303 
  2009UN164    16.91      3.211650      0.135645      0.332617      1303 
  2010JW146    16.91      3.213360      0.138679      0.333187      1303 
  2010OP150    16.91      3.218745      0.123433      0.324662      1303 
   2014XW42    16.92      3.211232      0.133264      0.330506      1303 
   2015JL12    16.92      3.224631      0.122683      0.322627      1303 
   2016VW57    16.92      3.189863      0.115879      0.322769      1303 
   2017VT51    16.92      3.215562      0.126324      0.324510      1303 
   2017WE19    16.92      3.189796      0.117883      0.322100      1303 
  2010FZ105    16.92      3.200260      0.115046      0.320438      1303 
   2007DR68    16.93      3.200827      0.121413      0.320578      1303 
   2010KH70    16.93      3.207358      0.138181      0.333591      1303 
   2016YQ34    16.93      3.212540      0.132934      0.330743      1303 
  2015OM166    16.93      3.219765      0.131603      0.327020      1303 
     567364    16.94      3.212468      0.114985      0.316853      1303 
   2014YJ58    16.94      3.180490      0.119009      0.319023      1303 
  2009DT120    16.94      3.203180      0.136787      0.332014      1303 
     582773    16.95      3.224897      0.121324      0.320915      1303 
   2010FP61    16.95      3.194834      0.119333      0.323103      1303 
   2010HA73    16.95      3.208138      0.141864      0.336106      1303 
   2021PS72    16.95      3.184682      0.121843      0.322300      1303 
  2009WE109    16.95      3.218301      0.119344      0.316679      1303 
  2012TC270    16.95      3.207148      0.121479      0.322772      1303 
   2002FM42    16.96      3.207824      0.125226      0.322796      1303 
   2019UL17    16.96      3.210958      0.133383      0.330039      1303 
  2004BP139    16.96      3.183658      0.112085      0.316408      1303 
  2005YU137    16.96      3.200887      0.128265      0.325070      1303 
   2018AC58    16.97      3.181561      0.116460      0.321066      1303 
  2007TW137    16.97      3.191451      0.118152      0.317196      1303 
  2015TA415    16.97      3.194728      0.116317      0.320802      1303 
   2007CL48    16.98      3.209032      0.122737      0.325301      1303 
   2009VE62    16.98      3.192617      0.128714      0.327011      1303 
   2010BT45    16.98      3.185671      0.119380      0.320872      1303 
   2013VA68    16.98      3.230425      0.112810      0.318685      1303 
   2014LU17    16.98      3.234963      0.108939      0.317210      1303 
  2004TT159    16.98      3.198520      0.119714      0.322314      1303 
   2016HP29    16.99      3.189248      0.117778      0.321855      1303 
  2008GP174    16.99      3.182070      0.119860      0.320269      1303 
  2008SU345    16.99      3.207523      0.123846      0.325279      1303 
  2014SB394    16.99      3.199162      0.138330      0.332899      1303 
   2010FN52    17.00      3.196177      0.134164      0.329651      1303 
   2019AM81    17.00      3.206550      0.122448      0.324325      1303 
  2015BD291    17.00      3.210971      0.135428      0.331618      1303 
  2016EN182    17.00      3.210689      0.132934      0.332222      1303 
   2020FU35    17.01      3.194947      0.129707      0.328051      1303 
  2005UJ423    17.01      3.192020      0.127210      0.326569      1303 
  2014KT139    17.01      3.232844      0.117665      0.318987      1303 
  2015XU481    17.01      3.190139      0.129292      0.327554      1303 
  2016GH314    17.01      3.229373      0.112106      0.314719      1303 
  2017SY164    17.01      3.187821      0.117985      0.321069      1303 
    2020CH7    17.02      3.207140      0.136527      0.330265      1303 
     475032    17.03      3.186852      0.118173      0.321539      1303 
    2016NL6    17.03      3.200743      0.125439      0.326984      1303 
   2010BY98    17.03      3.183441      0.117754      0.320079      1303 
   2010OT65    17.03      3.195198      0.134358      0.329915      1303 
  2010KH111    17.03      3.204643      0.120563      0.319466      1303 
    2017DG8    17.04      3.218338      0.131519      0.330358      1303 
   2011AZ86    17.04      3.187774      0.138266      0.331448      1303 
   2021TZ86    17.04      3.199622      0.138950      0.332601      1303 
  2016PB131    17.04      3.206138      0.130945      0.330834      1303 
   2010OA22    17.05      3.210941      0.110350      0.314878      1303 
   2015AX10    17.05      3.202582      0.114120      0.316185      1303 
  2015DA258    17.05      3.186813      0.130384      0.326441      1303 
  2016ER214    17.05      3.192460      0.125592      0.320807      1303 
   2010JN28    17.06      3.214066      0.122184      0.323489      1303 
   2019JR86    17.06      3.207453      0.120889      0.320319      1303 
   2015JD19    17.07      3.211888      0.115692      0.317026      1303 
   2018XP12    17.07      3.194799      0.140925      0.333309      1303 
  2010AE125    17.07      3.201319      0.143560      0.335963      1303 
   2015FS21    17.08      3.200795      0.124794      0.323213      1303 
  2009SK375    17.08      3.207348      0.114451      0.317311      1303 
  2014SJ390    17.08      3.236495      0.114782      0.323242      1303 
  2015OD169    17.08      3.195413      0.118442      0.319406      1303 
  2019JK107    17.08      3.177404      0.116901      0.319711      1303 
   2013KL17    17.09      3.199420      0.134234      0.332322      1303 
  2008EW124    17.09      3.187429      0.136482      0.330999      1303 
  2013BH103    17.09      3.193859      0.127113      0.327416      1303 
   2015TA34    17.10      3.188549      0.136170      0.330034      1303 
  2012TZ214    17.10      3.180499      0.117942      0.319845      1303 
  2013TA200    17.10      3.206969      0.115352      0.317025      1303 
  2015RW293    17.10      3.193895      0.125701      0.325441      1303 
   2010OW27    17.11      3.189509      0.129403      0.324698      1303 
   2015SF41    17.11      3.195947      0.119575      0.322362      1303 
   2018FE48    17.11      3.180788      0.118581      0.320843      1303 
   2019NU29    17.11      3.201580      0.133221      0.331174      1303 
  2015AS208    17.11      3.204574      0.112187      0.313998      1303 
  2017UV109    17.12      3.211162      0.138657      0.333994      1303 
   2019AB18    17.14      3.184137      0.117604      0.322181      1303 
  2015BR260    17.14      3.205817      0.126341      0.328325      1303 
  2015RS350    17.14      3.193667      0.131066      0.326373      1303 
  2017OA128    17.14      3.185709      0.117712      0.321536      1303 
  2017RA120    17.14      3.225511      0.115254      0.314929      1303 
    2011LD7    17.15      3.218676      0.118312      0.318864      1303 
   2007BP91    17.15      3.232838      0.116142      0.317859      1303 
   2010OP16    17.15      3.214526      0.127972      0.326779      1303 
   2012SV81    17.15      3.201059      0.131298      0.328559      1303 
   2016FR85    17.15      3.200333      0.123755      0.326455      1303 
     613157    17.16      3.191198      0.124763      0.325880      1303 
   2019AZ59    17.16      3.195326      0.130559      0.327543      1303 
   2021TA55    17.17      3.194082      0.114092      0.317706      1303 
  2010BZ103    17.17      3.197871      0.141459      0.333248      1303 
  2010JM138    17.18      3.217923      0.123777      0.324476      1303 
    2018AR6    17.19      3.191392      0.130854      0.324880      1303 
   2010FS67    17.19      3.185787      0.126155      0.326247      1303 
   2014NU66    17.19      3.184926      0.117925      0.319895      1303 
   2017ED41    17.19      3.224023      0.117319      0.320877      1303 
   2019LD23    17.19      3.225047      0.115329      0.320818      1303 
   2020RF92    17.19      3.228744      0.108738      0.312989      1303 
  2010VE279    17.19      3.207564      0.136731      0.332552      1303 
   2007UE70    17.20      3.180852      0.118194      0.322450      1303 
   2010LD25    17.20      3.202729      0.129855      0.328068      1303 
   2018BX39    17.20      3.200512      0.140540      0.334120      1303 
   2019GO59    17.20      3.193067      0.133387      0.330424      1303 
   2020UD31    17.20      3.207634      0.118944      0.318010      1303 
   2021UJ60    17.20      3.194881      0.135663      0.334094      1303 
   2010LO30    17.21      3.195393      0.115084      0.322160      1303 
  2011UA490    17.21      3.208420      0.120612      0.322631      1303 
   2010LJ41    17.22      3.197265      0.126803      0.325017      1303 
   2015SD51    17.22      3.194635      0.143287      0.335881      1303 
   2016WR67    17.22      3.189466      0.115583      0.321828      1303 
   2019SQ13    17.22      3.200937      0.134071      0.331213      1303 
   2008KR42    17.23      3.201199      0.139590      0.336856      1303 
   2011ES49    17.23      3.177599      0.122272      0.324373      1303 
  2010VK253    17.23      3.187683      0.120174      0.323138      1303 
  2014QQ535    17.23      3.227018      0.113826      0.316007      1303 
  2014SL394    17.23      3.183447      0.115705      0.320315      1303 
   2008UA73    17.24      3.194998      0.135240      0.333750      1303 
   2020HX90    17.25      3.204520      0.131695      0.330053      1303 
  2014ET213    17.25      3.181982      0.122997      0.323497      1303 
   2010KD88    17.26      3.196640      0.127428      0.325197      1303 
   2013NE46    17.26      3.188765      0.122898      0.321549      1303 
   2018EP14    17.26      3.229504      0.111529      0.314919      1303 
  2015DY172    17.26      3.207360      0.141167      0.335227      1303 
  2016AJ362    17.26      3.180489      0.117843      0.321365      1303 
    2010LO2    17.27      3.198318      0.127943      0.324490      1303 
  2015TB106    17.27      3.196331      0.136715      0.329809      1303 
   2019GU67    17.28      3.206421      0.117738      0.318102      1303 
  2016UZ237    17.28      3.203091      0.128374      0.323869      1303 
  2020HG120    17.28      3.213339      0.121572      0.322070      1303 
   2015TH67    17.29      3.198613      0.128221      0.325855      1303 
   2020SJ15    17.29      3.213958      0.129928      0.328080      1303 
  2015BL268    17.29      3.178525      0.115409      0.322445      1303 
  2016CD181    17.29      3.205500      0.112395      0.317789      1303 
   2010LQ98    17.30      3.186158      0.135156      0.329703      1303 
   2019AM33    17.30      3.197015      0.120855      0.320058      1303 
   2020FQ25    17.30      3.204368      0.131057      0.329637      1303 
  2015PP173    17.30      3.200533      0.124111      0.323168      1303 
   2021SW19    17.31      3.190248      0.136183      0.332222      1303 
  2010CB212    17.31      3.194976      0.130722      0.328344      1303 
  2015PU282    17.31      3.198180      0.140362      0.334457      1303 
   2016FD70    17.32      3.185652      0.124712      0.322865      1303 
  2015HQ220    17.32      3.184637      0.124445      0.322681      1303 
  2015TZ227    17.32      3.205992      0.138611      0.332459      1303 
  2021PX114    17.34      3.208921      0.139363      0.333520      1303 
   2014OL30    17.35      3.199247      0.118953      0.320655      1303 
  2015KH237    17.35      3.194630      0.126469      0.327814      1303 
   2013LH44    17.36      3.194358      0.118347      0.317953      1303 
   2010KQ81    17.37      3.208921      0.136922      0.328280      1303 
   2016SC30    17.37      3.180184      0.118809      0.322085      1303 
   2021SK49    17.37      3.198605      0.128226      0.327383      1303 
   2021LH35    17.38      3.190273      0.133496      0.326965      1303 
  2008SF343    17.38      3.182225      0.124967      0.325311      1303 
  2014WU545    17.38      3.207077      0.140556      0.332665      1303 
   2015FN81    17.39      3.235115      0.122352      0.321837      1303 
   2021VV43    17.39      3.202177      0.143784      0.338581      1303 
  2015DX186    17.39      3.203027      0.136200      0.326757      1303 
  2016GB320    17.39      3.195261      0.133939      0.328392      1303 
  2021PY100    17.39      3.188397      0.120729      0.322837      1303 
  2010GD185    17.40      3.188492      0.128761      0.328791      1303 
   2017AC51    17.41      3.172780      0.120229      0.321580      1303 
  2014UR267    17.41      3.192888      0.132138      0.326959      1303 
   2018NG22    17.42      3.178929      0.116483      0.322107      1303 
  2010ET174    17.43      3.177220      0.120810      0.322482      1303 
  2017FQ204    17.43      3.201185      0.125342      0.327140      1303 
     2010EE    17.44      3.184019      0.126022      0.326246      1303 
   2010HP98    17.44      3.198027      0.133590      0.331352      1303 
   2015NO37    17.44      3.189975      0.129341      0.326295      1303 
  2015AB298    17.45      3.191223      0.123255      0.320802      1303 
  2015BJ472    17.49      3.213029      0.131815      0.330604      1303 
  2016AV360    17.49      3.201869      0.116934      0.316294      1303 
   2010LY37    17.50      3.186689      0.119676      0.320031      1303 
   2016VO51    17.51      3.197391      0.130612      0.331147      1303 
  2015AP220    17.51      3.198807      0.131256      0.330358      1303 
   2019JM82    17.52      3.200370      0.118245      0.321782      1303 
  2016TZ187    17.52      3.216934      0.127857      0.325206      1303 
   2020XM21    17.53      3.188916      0.130058      0.326939      1303 
  2015XX475    17.53      3.187977      0.123919      0.324452      1303 
   2013QG94    17.54      3.203251      0.121912      0.321176      1303 
  2014WX189    17.54      3.203158      0.125147      0.325759      1303 
  2015BF257    17.54      3.205188      0.120889      0.321418      1303 
  2015MD194    17.54      3.178033      0.117138      0.321873      1303 
   2013YH84    17.55      3.188613      0.139092      0.330240      1303 
   2022AE33    17.55      3.206887      0.134466      0.331588      1303 
  2013TV193    17.55      3.192728      0.124965      0.322006      1303 
    2021SF9    17.56      3.195066      0.141433      0.336048      1303 
  2017OB120    17.56      3.199744      0.136368      0.331820      1303 
  2014UA268    17.59      3.183282      0.118927      0.323183      1303 
   2021PF34    17.64      3.196374      0.133705      0.328545      1303 
  2015FQ136    17.65      3.198179      0.118685      0.319879      1303 
   2020TG54    17.66      3.180961      0.120555      0.322219      1303 
   2018RR53    17.67      3.197630      0.135444      0.330581      1303 
  2014OS238    17.67      3.204394      0.131138      0.326770      1303 
  2015XX491    17.68      3.202657      0.133259      0.329798      1303 
  2015PE350    17.70      3.196367      0.136632      0.332711      1303 
  2019JY106    17.74      3.201943      0.131272      0.330973      1303 
   2021RC29    17.76      3.186562      0.127768      0.327680      1303 
  2016NX141    17.80      3.190359      0.143706      0.336899      1303 
   2019QP41    17.84      3.203647      0.139780      0.336021      1303 
  2015RT355    17.84      3.189859      0.120059      0.321106      1303 
  2014HZ261    17.93      3.187963      0.112143      0.314189      1303 
