        387     7.58      2.739144      0.231249      0.283293      1484 
       1484    10.90      2.737918      0.238955      0.284363      1484 
       5852    12.05      2.741514      0.239748      0.283508      1484 
     123583    13.94      2.728750      0.241997      0.284022      1484 
      53517    14.20      2.742762      0.240875      0.283380      1484 
      93075    14.39      2.735213      0.232939      0.280974      1484 
      94143    14.47      2.725259      0.241273      0.284178      1484 
      83960    14.63      2.724406      0.242211      0.284214      1484 
     103100    14.67      2.733779      0.241918      0.284800      1484 
      87142    14.69      2.725265      0.232803      0.283093      1484 
      84985    14.74      2.722825      0.244667      0.283576      1484 
      81943    14.83      2.737396      0.244540      0.287927      1484 
      84857    14.85      2.747446      0.237009      0.284373      1484 
     159631    14.90      2.710503      0.235315      0.281253      1484 
      81842    14.93      2.732111      0.238150      0.283332      1484 
     119934    15.00      2.718570      0.236653      0.282566      1484 
     160569    15.00      2.754770      0.239759      0.282548      1484 
     142961    15.05      2.722282      0.243634      0.283747      1484 
     258757    15.13      2.739707      0.242364      0.284707      1484 
     163269    15.17      2.735080      0.237575      0.282544      1484 
     133884    15.18      2.742229      0.239150      0.283434      1484 
     230411    15.24      2.719329      0.243407      0.284630      1484 
     208758    15.31      2.718148      0.240211      0.284673      1484 
     249958    15.42      2.715684      0.235866      0.280998      1484 
     162112    15.43      2.714059      0.244689      0.285980      1484 
     298201    15.45      2.712628      0.230882      0.280846      1484 
     244117    15.50      2.737367      0.237778      0.283025      1484 
     310859    15.50      2.767605      0.241760      0.283006      1484 
     237909    15.51      2.712696      0.240214      0.283811      1484 
     122850    15.54      2.733594      0.238324      0.282514      1484 
     332539    15.55      2.729683      0.239389      0.285840      1484 
     215153    15.57      2.713966      0.230695      0.279295      1484 
     192820    15.62      2.722435      0.243957      0.285029      1484 
     264750    15.64      2.726540      0.238783      0.285360      1484 
     387673    15.64      2.745142      0.240447      0.283530      1484 
     178676    15.69      2.738832      0.234463      0.279722      1484 
     232151    15.70      2.732189      0.239359      0.283976      1484 
     317654    15.80      2.716341      0.241046      0.283651      1484 
     247964    15.81      2.718620      0.237873      0.282853      1484 
     386455    15.81      2.715928      0.241045      0.282877      1484 
     307545    15.86      2.743812      0.237903      0.285432      1484 
     214003    15.88      2.724601      0.239194      0.283840      1484 
     333291    15.88      2.712820      0.235892      0.281266      1484 
     376504    15.88      2.723839      0.240661      0.286323      1484 
     265759    15.92      2.711751      0.237172      0.279529      1484 
     413512    15.93      2.718049      0.240808      0.283134      1484 
     289211    16.00      2.716831      0.238960      0.283867      1484 
     192746    16.01      2.733699      0.235549      0.283836      1484 
     387963    16.13      2.711978      0.244962      0.287135      1484 
     322401    16.15      2.713237      0.238464      0.284179      1484 
     263949    16.22      2.735234      0.240020      0.284116      1484 
   2007WW40    16.23      2.754872      0.240300      0.282048      1484 
     400603    16.25      2.718884      0.237453      0.283194      1484 
     271078    16.33      2.720152      0.241444      0.282484      1484 
     248676    16.34      2.732286      0.238654      0.283881      1484 
  2005WQ187    16.34      2.741407      0.245852      0.285048      1484 
     341058    16.36      2.748589      0.242222      0.282318      1484 
     367391    16.38      2.761872      0.242180      0.282828      1484 
     598363    16.41      2.735837      0.242566      0.283205      1484 
   2013YL11    16.46      2.713221      0.233863      0.281865      1484 
     262669    16.49      2.760642      0.240452      0.279135      1484 
     578095    16.51      2.741575      0.244401      0.288202      1484 
     504778    16.53      2.722797      0.240600      0.283378      1484 
     440854    16.54      2.711392      0.244409      0.286190      1484 
     420621    16.60      2.714610      0.240033      0.284286      1484 
     431835    16.61      2.713995      0.237125      0.282693      1484 
     464650    16.63      2.712847      0.241531      0.284185      1484 
     346537    16.64      2.711784      0.234964      0.282489      1484 
     480921    16.66      2.731520      0.239058      0.284152      1484 
     473974    16.70      2.710354      0.235788      0.283356      1484 
     580074    16.70      2.729116      0.236178      0.281065      1484 
     392612    16.71      2.756989      0.239304      0.279780      1484 
     508893    16.72      2.714307      0.240103      0.283835      1484 
  2009UF129    16.73      2.745447      0.241657      0.282305      1484 
     467540    16.86      2.740507      0.235989      0.283504      1484 
     553139    16.89      2.736676      0.237194      0.281219      1484 
   2017AB16    16.92      2.724508      0.241199      0.285572      1484 
     409440    16.96      2.712272      0.237746      0.283033      1484 
   2016VK20    17.01      2.755548      0.237609      0.279543      1484 
  2007RS113    17.01      2.715486      0.239253      0.282904      1484 
    2013MU5    17.04      2.734662      0.236559      0.281911      1484 
    2007UH7    17.05      2.739822      0.242637      0.285712      1484 
   2011OJ48    17.06      2.735307      0.245580      0.288286      1484 
   2011JC35    17.07      2.761475      0.240316      0.278105      1484 
  2012TJ312    17.07      2.743494      0.237053      0.285276      1484 
  2011UG442    17.11      2.721831      0.230517      0.280941      1484 
     448067    17.13      2.725241      0.237848      0.278229      1484 
   2018VO94    17.17      2.724167      0.237645      0.281884      1484 
     529229    17.23      2.711699      0.242218      0.282756      1484 
  2015DQ147    17.27      2.758442      0.240496      0.282874      1484 
     393758    17.30      2.734801      0.235865      0.281073      1484 
    2016DU2    17.32      2.734189      0.241944      0.286012      1484 
     482318    17.34      2.727235      0.238965      0.282265      1484 
     453962    17.35      2.739250      0.239750      0.283739      1484 
    2014UO9    17.35      2.736364      0.239106      0.282693      1484 
   2010CC92    17.37      2.756269      0.239576      0.280340      1484 
     613362    17.39      2.732951      0.239581      0.284364      1484 
   2013NN57    17.39      2.719753      0.241062      0.285888      1484 
  2016PP139    17.40      2.737764      0.240907      0.283497      1484 
   2014WS52    17.56      2.733738      0.238160      0.286245      1484 
   2017RD16    17.60      2.704651      0.242592      0.280782      1484 
  2009BJ205    17.60      2.740755      0.244735      0.280944      1484 
     552937    17.63      2.766220      0.242702      0.282884      1484 
   2010GG11    17.63      2.710331      0.242129      0.283365      1484 
  2016CN257    17.63      2.709949      0.238510      0.280855      1484 
     529640    17.64      2.729143      0.242751      0.284286      1484 
   2012KZ23    17.66      2.726516      0.238801      0.282828      1484 
  2010GG155    17.66      2.721270      0.234098      0.282411      1484 
     2012VM    17.68      2.714646      0.242092      0.283076      1484 
   2016EG19    17.72      2.718008      0.239124      0.281905      1484 
  2010JP127    17.78      2.707654      0.242512      0.282692      1484 
   2010LR12    17.80      2.739267      0.243561      0.287544      1484 
   2009BZ40    17.82      2.730699      0.240471      0.282493      1484 
  2017BO168    17.85      2.739441      0.232097      0.281354      1484 
   2021VO49    17.91      2.718476      0.240986      0.283877      1484 
   2003SZ87    17.93      2.714807      0.231910      0.280315      1484 
  2004TE381    17.99      2.726427      0.240352      0.286223      1484 
   2014XV26    18.09      2.735019      0.244271      0.286909      1484 
  2008TP107    18.09      2.724746      0.238305      0.287506      1484 
   2012ST95    18.13      2.722972      0.242795      0.284946      1484 
  2003SZ473    18.14      2.724518      0.237386      0.280511      1484 
   2004DX89    18.15      2.718277      0.236674      0.283423      1484 
   2013HF81    18.29      2.717232      0.242847      0.285892      1484 
   2020KG28    18.32      2.719226      0.239773      0.283178      1484 
  2009SU291    18.68      2.737922      0.245507      0.283254      1484 
   2017XZ88    19.00      2.738075      0.234658      0.278854      1484 
  2021GP104    19.00      2.743325      0.243904      0.282885      1484 
  2016CV241    19.18      2.725208      0.240513      0.277971      1484 
