        148     7.67      2.771311      0.131859      0.425368       148 
      41448    13.29      2.785629      0.133186      0.423611       148 
      75448    13.76      2.753592      0.126828      0.425436       148 
      76769    14.00      2.768445      0.129417      0.423740       148 
      69777    14.03      2.760476      0.128437      0.425656       148 
      40853    14.15      2.758130      0.130688      0.424459       148 
      91528    14.26      2.787816      0.134484      0.422765       148 
      34909    14.29      2.761415      0.125738      0.425227       148 
     134042    14.50      2.800636      0.125935      0.423593       148 
      61728    14.58      2.792152      0.132437      0.422936       148 
      48605    14.60      2.758095      0.129254      0.425557       148 
     119617    14.60      2.754825      0.127974      0.425240       148 
     126762    14.68      2.744020      0.135723      0.424194       148 
     133296    14.70      2.722684      0.138707      0.425467       148 
     164980    14.71      2.790301      0.128767      0.423718       148 
     136034    14.74      2.790405      0.130659      0.423326       148 
     114820    14.76      2.758853      0.130712      0.424725       148 
      72901    14.78      2.795554      0.131122      0.422345       148 
     129945    14.81      2.747261      0.123578      0.425749       148 
     188118    14.81      2.747363      0.146033      0.427784       148 
     101308    14.83      2.769353      0.133497      0.426013       148 
     114822    14.84      2.740251      0.138567      0.424591       148 
     219455    14.84      2.770801      0.129123      0.426224       148 
     204458    14.85      2.736239      0.125052      0.426610       148 
     111827    14.87      2.766348      0.132294      0.424859       148 
     140891    14.88      2.751869      0.144394      0.426391       148 
     123721    14.91      2.772751      0.133734      0.424249       148 
     114878    14.93      2.738429      0.142463      0.424396       148 
     182162    14.94      2.786772      0.128610      0.422609       148 
     116263    14.96      2.748714      0.146909      0.424860       148 
     213285    14.96      2.744883      0.122946      0.423970       148 
     253196    14.99      2.792451      0.130216      0.425011       148 
     136840    15.00      2.731130      0.126369      0.427212       148 
     218764    15.02      2.798078      0.131028      0.422505       148 
      85410    15.05      2.793728      0.128665      0.424898       148 
     168712    15.05      2.789700      0.132677      0.425339       148 
     127221    15.06      2.786794      0.128688      0.422166       148 
     146767    15.06      2.734397      0.155838      0.428891       148 
     159792    15.12      2.792664      0.135768      0.422828       148 
     208741    15.12      2.704174      0.138902      0.426625       148 
     203241    15.20      2.739514      0.154050      0.424393       148 
     258433    15.23      2.737892      0.133474      0.425382       148 
     231926    15.27      2.741743      0.138153      0.424916       148 
     162888    15.28      2.800356      0.133352      0.423009       148 
     176244    15.29      2.806467      0.126170      0.423061       148 
     240412    15.29      2.767857      0.132742      0.424576       148 
     142765    15.31      2.767872      0.127680      0.423876       148 
     243684    15.31      2.731082      0.115944      0.424509       148 
     338844    15.32      2.787161      0.137997      0.422887       148 
     235150    15.34      2.713183      0.123308      0.425664       148 
     284611    15.34      2.787315      0.128847      0.422026       148 
     208833    15.37      2.798081      0.131833      0.422666       148 
     238577    15.41      2.717069      0.145310      0.426308       148 
     287092    15.41      2.751500      0.149350      0.423967       148 
     303185    15.41      2.711740      0.140919      0.425490       148 
     352880    15.42      2.725531      0.126801      0.422335       148 
     171060    15.43      2.766091      0.129707      0.424119       148 
     283877    15.48      2.763489      0.127967      0.425721       148 
     139600    15.50      2.751985      0.128513      0.425312       148 
     306812    15.51      2.793804      0.133174      0.423601       148 
     304842    15.52      2.719129      0.127083      0.426662       148 
     192639    15.53      2.734307      0.136598      0.423505       148 
     270285    15.53      2.775530      0.130491      0.422844       148 
     323805    15.53      2.729218      0.141638      0.427848       148 
     186269    15.55      2.714962      0.146247      0.426396       148 
     420845    15.55      2.793656      0.133426      0.421813       148 
     182141    15.57      2.733846      0.121300      0.429191       148 
     253353    15.58      2.804644      0.132002      0.422702       148 
     303204    15.58      2.779012      0.130212      0.423835       148 
     216631    15.59      2.798178      0.126000      0.422488       148 
     283890    15.60      2.797477      0.133843      0.424874       148 
     217542    15.61      2.726077      0.116411      0.424103       148 
     341141    15.61      2.787119      0.132961      0.422224       148 
     332540    15.63      2.798631      0.134169      0.423468       148 
     212281    15.64      2.727154      0.145326      0.426719       148 
     288432    15.64      2.734084      0.131549      0.426186       148 
     324595    15.66      2.712438      0.122997      0.426457       148 
     330470    15.67      2.799752      0.133888      0.421630       148 
     323872    15.68      2.744785      0.129156      0.424914       148 
     366146    15.69      2.718897      0.145159      0.424578       148 
     405030    15.69      2.767901      0.120409      0.425581       148 
     370756    15.71      2.760688      0.135919      0.425588       148 
     286928    15.72      2.758529      0.137066      0.423372       148 
     344793    15.73      2.719280      0.145313      0.426132       148 
     362701    15.73      2.737477      0.160206      0.427976       148 
     365853    15.73      2.769598      0.129737      0.424322       148 
     410592    15.75      2.744834      0.143113      0.424470       148 
     478974    15.77      2.802508      0.133076      0.421808       148 
     370758    15.78      2.766255      0.132095      0.424384       148 
     454779    15.78      2.799085      0.135253      0.421793       148 
  2005SF197    15.78      2.735884      0.114215      0.424663       148 
     513041    15.79      2.733539      0.120344      0.423895       148 
     278038    15.80      2.728368      0.117505      0.424842       148 
     416636    15.80      2.792827      0.130111      0.421395       148 
     303470    15.82      2.790774      0.128988      0.424529       148 
     217485    15.83      2.743635      0.117513      0.424905       148 
     289914    15.83      2.791405      0.127893      0.423243       148 
     267764    15.84      2.754428      0.127939      0.425036       148 
     468169    15.84      2.795739      0.133064      0.422557       148 
     346766    15.85      2.710135      0.123906      0.426716       148 
     465755    15.85      2.790049      0.129644      0.425436       148 
     616527    15.85      2.771011      0.127444      0.424021       148 
     275886    15.86      2.799299      0.136658      0.421410       148 
     321815    15.86      2.773648      0.132791      0.424273       148 
     249885    15.87      2.712475      0.149070      0.426286       148 
     247361    15.88      2.740926      0.120516      0.425955       148 
     382985    15.88      2.717256      0.127568      0.425701       148 
     410613    15.88      2.720829      0.130478      0.428559       148 
     245450    15.89      2.795101      0.132369      0.425424       148 
     316126    15.89      2.767355      0.132368      0.423627       148 
     439849    15.90      2.756998      0.133204      0.424168       148 
     467772    15.90      2.795130      0.131504      0.422621       148 
     492204    15.91      2.764068      0.131083      0.425052       148 
     216855    15.92      2.792062      0.132492      0.423068       148 
     242567    15.92      2.721398      0.135232      0.422915       148 
     498849    15.92      2.796575      0.130890      0.425736       148 
     322723    15.93      2.755696      0.130076      0.423562       148 
     431123    15.93      2.779490      0.131997      0.424353       148 
     353382    15.94      2.729597      0.141133      0.428308       148 
     360631    15.95      2.721925      0.124226      0.426376       148 
     495027    15.95      2.727805      0.154412      0.427097       148 
     354054    15.96      2.725809      0.125976      0.426790       148 
     397419    15.96      2.781705      0.131793      0.423215       148 
  2007VV325    15.96      2.766531      0.130004      0.425034       148 
     430079    15.97      2.763413      0.136541      0.424892       148 
   2015RT37    15.97      2.734502      0.141152      0.421254       148 
     289695    15.98      2.728574      0.152472      0.425307       148 
     389097    15.98      2.784634      0.120551      0.426084       148 
     469355    15.98      2.732298      0.144748      0.426855       148 
     497475    15.99      2.749226      0.130960      0.423752       148 
     608876    16.00      2.802509      0.132549      0.424397       148 
     497352    16.01      2.794204      0.130973      0.422005       148 
     576542    16.01      2.786197      0.130911      0.423220       148 
     494566    16.02      2.771032      0.138199      0.422243       148 
     426803    16.03      2.773303      0.129738      0.423552       148 
  2017DJ110    16.05      2.744167      0.124889      0.423338       148 
     362883    16.07      2.725523      0.145808      0.425486       148 
     419148    16.07      2.751397      0.126753      0.424187       148 
     324741    16.09      2.733152      0.127084      0.424893       148 
     499834    16.11      2.784186      0.129786      0.424665       148 
     552938    16.11      2.740587      0.135340      0.425625       148 
     400375    16.12      2.709676      0.136284      0.427171       148 
     437073    16.12      2.761896      0.131943      0.423853       148 
   2012SP62    16.12      2.758676      0.126884      0.424317       148 
     557837    16.13      2.781400      0.132357      0.424423       148 
   2008AX29    16.13      2.711947      0.127677      0.427240       148 
     470826    16.14      2.733100      0.123575      0.425826       148 
     285859    16.15      2.723525      0.136060      0.428205       148 
     462688    16.16      2.791193      0.134337      0.424227       148 
     511982    16.16      2.790999      0.122048      0.426706       148 
     320854    16.17      2.733586      0.134431      0.424223       148 
     456545    16.17      2.804526      0.135329      0.421007       148 
     463433    16.17      2.715688      0.140117      0.427017       148 
     432887    16.18      2.721820      0.129371      0.426474       148 
     527016    16.18      2.742781      0.139693      0.424899       148 
    2012MQ4    16.19      2.788291      0.132978      0.422591       148 
     271853    16.20      2.789112      0.127035      0.423460       148 
     405099    16.20      2.764130      0.124656      0.425633       148 
  2013WU113    16.20      2.738414      0.139995      0.425488       148 
     468698    16.21      2.752397      0.123872      0.427234       148 
     486860    16.22      2.805074      0.133184      0.421090       148 
     585692    16.22      2.717861      0.148912      0.426868       148 
     348226    16.23      2.731657      0.155037      0.426985       148 
     359587    16.24      2.797368      0.128567      0.426138       148 
     589629    16.24      2.730491      0.133158      0.426332       148 
   2010CO59    16.25      2.709635      0.141590      0.422677       148 
     437635    16.26      2.736324      0.125899      0.428138       148 
     488549    16.26      2.712736      0.139430      0.427394       148 
     403605    16.28      2.713230      0.132837      0.425044       148 
   2015HF58    16.28      2.709351      0.127757      0.428648       148 
     474079    16.29      2.775352      0.127398      0.425577       148 
   2016TY80    16.29      2.799403      0.120079      0.423611       148 
     447598    16.30      2.796765      0.132307      0.422055       148 
     385604    16.31      2.712813      0.136103      0.424653       148 
     444574    16.31      2.766262      0.132963      0.424707       148 
  2015VN139    16.32      2.767221      0.129671      0.423961       148 
  2014OX230    16.33      2.715497      0.136171      0.428664       148 
     404349    16.34      2.718505      0.143958      0.424976       148 
   2011QW65    16.34      2.776567      0.126913      0.426168       148 
     406211    16.35      2.767234      0.127864      0.423942       148 
     403075    16.36      2.712603      0.135082      0.422925       148 
     520861    16.36      2.738507      0.140546      0.426583       148 
     366112    16.37      2.801602      0.127422      0.422288       148 
     604419    16.37      2.730841      0.137933      0.425612       148 
     478022    16.38      2.731991      0.128095      0.426592       148 
    2018TF9    16.38      2.792977      0.133511      0.423952       148 
     504440    16.39      2.740822      0.136134      0.424842       148 
     571412    16.39      2.745084      0.141591      0.424026       148 
     597813    16.39      2.740610      0.141306      0.425240       148 
   2002VR18    16.39      2.743588      0.145718      0.425812       148 
     446857    16.41      2.799165      0.136495      0.422348       148 
     481720    16.41      2.743064      0.125632      0.426914       148 
   2011YN84    16.41      2.768672      0.129438      0.423741       148 
     457361    16.42      2.781607      0.127369      0.423240       148 
  2017BQ103    16.42      2.781240      0.128810      0.422512       148 
     504813    16.44      2.737457      0.132385      0.425967       148 
   2008TF23    16.44      2.764907      0.136414      0.422848       148 
     486495    16.45      2.735158      0.156145      0.425117       148 
     562656    16.45      2.737678      0.117473      0.423130       148 
     498594    16.46      2.756808      0.133382      0.424383       148 
     502080    16.46      2.788192      0.131092      0.423906       148 
     532760    16.46      2.760871      0.133410      0.425213       148 
   2005XA87    16.46      2.724356      0.144084      0.423229       148 
  2015KR152    16.46      2.738284      0.140612      0.427223       148 
     541170    16.47      2.721908      0.149594      0.426448       148 
     568988    16.47      2.742706      0.121029      0.423783       148 
   2014YC77    16.47      2.731533      0.139245      0.427046       148 
     444518    16.48      2.758146      0.123985      0.426233       148 
     547914    16.48      2.806956      0.128678      0.421858       148 
  2015AS216    16.50      2.757954      0.138171      0.424007       148 
     367885    16.51      2.794644      0.126098      0.423911       148 
     552987    16.52      2.787268      0.132618      0.423894       148 
    2017BN7    16.52      2.748957      0.139909      0.423353       148 
   2016AG53    16.52      2.802286      0.127530      0.426129       148 
   2016VC15    16.53      2.751876      0.124193      0.424237       148 
  2015FB323    16.53      2.776384      0.130255      0.422077       148 
   2006JG84    16.55      2.709103      0.147750      0.426987       148 
   2009KP21    16.55      2.724185      0.128020      0.425728       148 
     470346    16.56      2.727025      0.140890      0.424731       148 
   2004RL27    16.56      2.739102      0.137418      0.425956       148 
  2012BP169    16.56      2.771238      0.133334      0.423586       148 
     557887    16.57      2.728809      0.145538      0.426849       148 
     570039    16.57      2.716948      0.144248      0.423699       148 
     512394    16.58      2.794455      0.130236      0.423493       148 
   2014EF44    16.58      2.796345      0.127829      0.423378       148 
  2015VT153    16.58      2.788776      0.132036      0.422647       148 
    2018QT5    16.60      2.760879      0.132271      0.424799       148 
     600281    16.61      2.712500      0.133134      0.424261       148 
     611468    16.61      2.809458      0.124450      0.424649       148 
    1995QR6    16.61      2.794292      0.124479      0.424552       148 
  2010RF172    16.61      2.795027      0.132592      0.425616       148 
  2014WO378    16.61      2.796543      0.130337      0.423014       148 
     414005    16.62      2.806632      0.133262      0.422399       148 
     524726    16.62      2.716803      0.138545      0.425119       148 
   2015XP12    16.62      2.742446      0.137109      0.424494       148 
  2014WD429    16.63      2.735324      0.123129      0.423647       148 
     465938    16.64      2.715847      0.124686      0.425306       148 
     512885    16.64      2.723104      0.135827      0.426504       148 
   2012CZ58    16.64      2.738393      0.153984      0.424438       148 
     557989    16.65      2.745483      0.128972      0.424930       148 
     601361    16.66      2.709265      0.132936      0.427456       148 
     551314    16.67      2.709102      0.141579      0.426456       148 
   2019AL22    16.67      2.773328      0.131541      0.422725       148 
  2016GY239    16.67      2.744050      0.144480      0.426821       148 
   2017AQ10    16.68      2.777134      0.126644      0.422816       148 
  2015FP293    16.68      2.761490      0.137046      0.425849       148 
   2014HN32    16.69      2.722482      0.148982      0.425819       148 
  2010VX238    16.69      2.791780      0.128803      0.422419       148 
     516904    16.70      2.747106      0.130536      0.423936       148 
     542242    16.70      2.747310      0.118706      0.425830       148 
     563231    16.70      2.733573      0.136090      0.425460       148 
   2008CY57    16.70      2.758230      0.134006      0.423697       148 
   2009CC47    16.70      2.728391      0.127819      0.429911       148 
     565958    16.71      2.710134      0.125168      0.426162       148 
    2018QV4    16.71      2.769853      0.130747      0.422533       148 
  2008CE193    16.71      2.800897      0.129983      0.422926       148 
  2015MB135    16.71      2.740280      0.127019      0.424055       148 
     515596    16.72      2.722628      0.136571      0.425065       148 
   2014KS89    16.72      2.726224      0.148456      0.428223       148 
  2014WZ592    16.72      2.757522      0.150444      0.422971       148 
     423264    16.73      2.766445      0.127215      0.421499       148 
     492493    16.73      2.752108      0.130730      0.424223       148 
  2008FJ141    16.73      2.723399      0.146780      0.422808       148 
     392739    16.74      2.719597      0.128663      0.425056       148 
  2014HE226    16.74      2.765243      0.130478      0.423196       148 
   2007YB67    16.75      2.713275      0.149673      0.427013       148 
     510734    16.76      2.762320      0.127141      0.423067       148 
     606846    16.77      2.725169      0.128245      0.427405       148 
  2011UY107    16.77      2.714580      0.137718      0.424907       148 
  2013WG141    16.77      2.740347      0.123170      0.427335       148 
  2017BL109    16.77      2.773628      0.130397      0.423559       148 
   2017EE22    16.78      2.744373      0.131832      0.427449       148 
   2015GV27    16.80      2.725855      0.133814      0.427707       148 
     606143    16.81      2.727629      0.128405      0.428306       148 
   2015EX63    16.81      2.731259      0.138021      0.425640       148 
     412144    16.82      2.705170      0.130136      0.428246       148 
     526237    16.82      2.740966      0.134123      0.423513       148 
     570208    16.82      2.709354      0.139086      0.426306       148 
  2010XT116    16.82      2.785158      0.134032      0.423970       148 
  2016EO120    16.82      2.724899      0.142734      0.426024       148 
     513483    16.83      2.708910      0.139279      0.427757       148 
    2019WV7    16.83      2.791344      0.131265      0.421930       148 
   2019NZ42    16.83      2.732941      0.122938      0.422233       148 
  2013WM136    16.83      2.726497      0.150815      0.427644       148 
     542555    16.84      2.767228      0.136022      0.421365       148 
     544987    16.84      2.797753      0.128145      0.421838       148 
   2013DJ21    16.84      2.793786      0.132111      0.423034       148 
  2016CR255    16.84      2.806443      0.134765      0.421930       148 
     520328    16.86      2.785044      0.124764      0.422481       148 
  2003FK137    16.86      2.750129      0.141230      0.425086       148 
  2011WX165    16.86      2.717965      0.130482      0.427164       148 
     491371    16.87      2.792747      0.128053      0.424671       148 
     569120    16.87      2.778052      0.139736      0.423205       148 
     597984    16.87      2.744469      0.129394      0.426041       148 
   2017BL14    16.87      2.739302      0.135268      0.426563       148 
     566658    16.88      2.730205      0.135496      0.424308       148 
     606758    16.88      2.721438      0.123026      0.425320       148 
     609699    16.89      2.763379      0.130784      0.425088       148 
   2009JH11    16.89      2.727663      0.142379      0.422921       148 
   2016TS44    16.90      2.795589      0.122165      0.424508       148 
     328564    16.91      2.741546      0.143106      0.427853       148 
     590719    16.92      2.729919      0.127026      0.425680       148 
   2006CQ83    16.92      2.789407      0.130234      0.420544       148 
   2015LL44    16.92      2.751891      0.133850      0.423542       148 
  2010GV138    16.92      2.792219      0.136294      0.422923       148 
     576332    16.93      2.726305      0.136830      0.426385       148 
     576356    16.93      2.776720      0.139364      0.423759       148 
     594340    16.93      2.740405      0.143757      0.427015       148 
   2012LK16    16.93      2.717630      0.143931      0.426047       148 
   2017FF37    16.93      2.804549      0.129349      0.424007       148 
  2010VX214    16.93      2.751824      0.140846      0.424465       148 
     536213    16.94      2.736860      0.138597      0.427870       148 
   2011AS78    16.94      2.793754      0.133986      0.422113       148 
   2013TJ27    16.94      2.793757      0.127123      0.419927       148 
  2001UW200    16.94      2.727103      0.138751      0.424665       148 
  2014WC573    16.94      2.741324      0.115315      0.426048       148 
     574190    16.95      2.778756      0.116873      0.426517       148 
   2019GT30    16.95      2.757646      0.131491      0.424410       148 
   2014OW97    16.96      2.723282      0.118624      0.424217       148 
     590102    16.97      2.747433      0.127548      0.427386       148 
   2014GY16    16.97      2.712236      0.147208      0.427430       148 
   2018NR28    17.00      2.722281      0.141865      0.428299       148 
  2010JZ122    17.00      2.798042      0.135981      0.421079       148 
     556652    17.01      2.719039      0.139004      0.424387       148 
   2012SS18    17.01      2.767124      0.131640      0.424864       148 
  2015DN183    17.01      2.734795      0.123718      0.427424       148 
  2013WJ124    17.02      2.764320      0.149227      0.423688       148 
     447613    17.04      2.717447      0.129092      0.426885       148 
     605854    17.04      2.737798      0.135105      0.426472       148 
     611020    17.04      2.757885      0.126527      0.423537       148 
   2016AY88    17.04      2.724566      0.135351      0.426089       148 
   2016XT26    17.04      2.710309      0.118128      0.426301       148 
     526276    17.05      2.716064      0.128650      0.425890       148 
     536982    17.05      2.715900      0.134645      0.424404       148 
   2011GT25    17.05      2.720499      0.136582      0.426009       148 
   2013PU46    17.05      2.766924      0.133621      0.424025       148 
   2013UG25    17.05      2.786506      0.135795      0.421818       148 
   2013YC75    17.05      2.781280      0.131848      0.425552       148 
   2016XT33    17.05      2.723901      0.137848      0.425530       148 
   2020OJ39    17.05      2.760423      0.124265      0.426969       148 
  2015PZ336    17.05      2.723505      0.115585      0.423880       148 
     529376    17.06      2.726406      0.131521      0.426013       148 
     590911    17.06      2.783659      0.134588      0.421435       148 
    2014KY3    17.06      2.724113      0.123131      0.425381       148 
  2016AH294    17.06      2.751910      0.142070      0.423522       148 
   2010VR45    17.07      2.767954      0.139815      0.422590       148 
   2012KD64    17.07      2.759751      0.135509      0.424351       148 
   2013VK45    17.07      2.805125      0.136039      0.421715       148 
   2018GX17    17.07      2.725872      0.113790      0.421904       148 
  2014UZ243    17.07      2.803858      0.135003      0.423003       148 
  2007TR462    17.08      2.785141      0.133545      0.422542       148 
  2012TZ346    17.08      2.747271      0.130597      0.425265       148 
   2016HC11    17.09      2.716249      0.130749      0.423833       148 
   2018FA40    17.09      2.751949      0.138265      0.421528       148 
    2009GS6    17.10      2.748007      0.132807      0.424414       148 
  2000SN382    17.10      2.714622      0.136152      0.426589       148 
     605692    17.11      2.744310      0.122798      0.425474       148 
  2011FN168    17.11      2.708980      0.134263      0.427697       148 
  2012UX199    17.11      2.789930      0.128973      0.422929       148 
  2015BK293    17.11      2.735522      0.134258      0.423818       148 
  2016TR133    17.11      2.740175      0.117561      0.425112       148 
     526440    17.12      2.763145      0.124608      0.423622       148 
     532849    17.12      2.716425      0.135694      0.424621       148 
     608637    17.12      2.716805      0.127465      0.424721       148 
   2017WO34    17.12      2.715559      0.128222      0.425573       148 
  2007HD110    17.12      2.751656      0.120031      0.425754       148 
  2008UE225    17.12      2.770752      0.117229      0.426582       148 
  2009BH194    17.12      2.759283      0.142379      0.424808       148 
  2016PT237    17.12      2.720058      0.126136      0.427631       148 
  2008RO149    17.13      2.757107      0.129256      0.424862       148 
   2017AD27    17.14      2.761194      0.133857      0.423216       148 
  2017BX159    17.14      2.717937      0.134893      0.427008       148 
     553005    17.15      2.743993      0.142853      0.421630       148 
     595759    17.15      2.709589      0.127230      0.425277       148 
   2016NF13    17.15      2.754940      0.130100      0.424766       148 
     420665    17.16      2.727129      0.126465      0.422841       148 
   2021NH14    17.16      2.755635      0.117138      0.426076       148 
  2015VS208    17.16      2.726537      0.131914      0.424513       148 
  2016AF213    17.16      2.715325      0.137277      0.425215       148 
   2014AR30    17.18      2.800398      0.127062      0.421205       148 
   2014RB55    17.18      2.738249      0.133884      0.423649       148 
  2013TK200    17.18      2.777748      0.132723      0.421165       148 
  2016TL102    17.18      2.766534      0.123684      0.426625       148 
   2016XL27    17.19      2.787807      0.137855      0.422497       148 
   2016XL38    17.19      2.761457      0.119353      0.426561       148 
   2010VY18    17.20      2.753914      0.131271      0.425774       148 
   2009WG40    17.21      2.722202      0.127196      0.425044       148 
   2015GR34    17.21      2.755165      0.143243      0.421076       148 
   2015TM42    17.21      2.726838      0.149581      0.424951       148 
   2018QF12    17.21      2.712446      0.119770      0.426157       148 
  2006SA445    17.22      2.749335      0.123920      0.427663       148 
  2015BS581    17.22      2.740938      0.133456      0.427435       148 
  2016UW279    17.22      2.798980      0.132153      0.426502       148 
     603503    17.23      2.764906      0.132768      0.423394       148 
   2014QC40    17.23      2.751162      0.128113      0.425028       148 
   2020BY46    17.23      2.737547      0.127725      0.427575       148 
  2012HN105    17.23      2.730033      0.147286      0.425888       148 
  2014WT541    17.23      2.795967      0.130770      0.421947       148 
     563642    17.24      2.725545      0.144800      0.424605       148 
   2011YZ93    17.24      2.725514      0.134299      0.426236       148 
   2019GJ63    17.24      2.740084      0.137870      0.424755       148 
  2011WS133    17.24      2.738229      0.141375      0.425496       148 
   2011DD41    17.26      2.755675      0.131175      0.423643       148 
   2021NO35    17.26      2.806306      0.134105      0.422579       148 
  2015BS569    17.26      2.766460      0.127781      0.423436       148 
     518169    17.27      2.734246      0.135339      0.423376       148 
     601336    17.27      2.783172      0.135886      0.420919       148 
   2018XU24    17.27      2.731235      0.133793      0.423114       148 
  2019UO109    17.27      2.730011      0.140850      0.422950       148 
    2021PK9    17.28      2.708420      0.140217      0.424416       148 
   2008TO99    17.29      2.782902      0.130952      0.424589       148 
  2008RB168    17.29      2.747292      0.135174      0.425325       148 
  2012BN107    17.31      2.781571      0.119230      0.424732       148 
     550110    17.32      2.725532      0.121475      0.427156       148 
     575113    17.33      2.733833      0.134837      0.425852       148 
   2014FZ77    17.33      2.718601      0.147693      0.422018       148 
  2015TC399    17.33      2.739799      0.120951      0.426296       148 
   2017WS39    17.34      2.744457      0.135331      0.423183       148 
   2016DF37    17.35      2.744451      0.122388      0.426236       148 
   2017OP32    17.35      2.755995      0.122110      0.425667       148 
   2011GR18    17.36      2.769557      0.132568      0.423558       148 
  2010XL103    17.36      2.767835      0.130576      0.421975       148 
  2016PH171    17.36      2.740317      0.130031      0.424616       148 
     557220    17.37      2.745455      0.128999      0.424223       148 
   2013MQ17    17.37      2.756666      0.119153      0.425515       148 
   2017WM30    17.38      2.736924      0.145896      0.426222       148 
   2015AZ15    17.39      2.737670      0.130564      0.423095       148 
   2019TK77    17.39      2.710019      0.138846      0.425185       148 
  2015XZ483    17.39      2.728786      0.128619      0.424009       148 
  2016EJ248    17.39      2.733081      0.113684      0.424345       148 
  2017BY145    17.39      2.784947      0.139662      0.421972       148 
  2013AD198    17.40      2.773772      0.128729      0.424219       148 
   2014EH42    17.41      2.726055      0.139682      0.425743       148 
  2000AA228    17.41      2.760134      0.128341      0.423429       148 
   2020BQ81    17.42      2.731108      0.129776      0.425187       148 
   2006YP56    17.43      2.746509      0.136320      0.423957       148 
  2016AC339    17.43      2.731842      0.138215      0.422354       148 
  2016CZ387    17.43      2.724275      0.120692      0.427902       148 
   2014GO84    17.44      2.739558      0.144890      0.427313       148 
   2016EF13    17.44      2.742406      0.117734      0.424297       148 
   2019AF55    17.44      2.762067      0.137986      0.424332       148 
  2015XO434    17.44      2.803702      0.125870      0.422936       148 
   2017DV69    17.46      2.785690      0.123027      0.427555       148 
  2004VV137    17.46      2.757837      0.126075      0.425143       148 
   2010SN18    17.47      2.794025      0.131310      0.422421       148 
  2010TM204    17.47      2.730361      0.143815      0.423569       148 
   2005FA19    17.48      2.715506      0.129492      0.423733       148 
   2005XP48    17.48      2.715879      0.128866      0.424602       148 
   2006CZ53    17.48      2.795545      0.127552      0.422376       148 
   2012YZ23    17.48      2.759589      0.123028      0.425436       148 
  2016ET311    17.48      2.727112      0.141610      0.424128       148 
     608687    17.49      2.724705      0.141213      0.424727       148 
     547376    17.50      2.747841      0.142899      0.425289       148 
  2016TE188    17.50      2.712538      0.127947      0.428222       148 
  2015XY163    17.52      2.750874      0.129911      0.421621       148 
   2016LW71    17.53      2.738520      0.158406      0.426261       148 
   2016YG34    17.53      2.740550      0.122936      0.423781       148 
  2008CZ166    17.53      2.779311      0.135703      0.423383       148 
  2015PJ217    17.53      2.719225      0.126601      0.427048       148 
    2012VQ2    17.54      2.756270      0.126903      0.424317       148 
   2013SH83    17.56      2.779264      0.127917      0.421817       148 
   2015PC52    17.57      2.791742      0.130895      0.421997       148 
  2012HL105    17.57      2.715896      0.143162      0.424603       148 
  2014QM510    17.58      2.732690      0.126247      0.427406       148 
  2015BQ422    17.59      2.751167      0.120859      0.428333       148 
  2015DO274    17.59      2.742392      0.128342      0.427623       148 
   2015FS28    17.60      2.780684      0.132352      0.424170       148 
  2015KL183    17.60      2.724833      0.125251      0.423639       148 
   2019TY78    17.61      2.720308      0.142996      0.427415       148 
  2016GF288    17.61      2.751697      0.127165      0.422812       148 
   2015UD64    17.62      2.732039      0.124723      0.425855       148 
   2020MK47    17.62      2.732537      0.147463      0.426449       148 
   2003TM61    17.63      2.773997      0.119293      0.425064       148 
   2012HL33    17.64      2.748522      0.133910      0.424717       148 
   2013VV65    17.64      2.737165      0.148646      0.424784       148 
  2016CN258    17.64      2.746707      0.136427      0.425203       148 
     570532    17.65      2.787726      0.128907      0.423253       148 
   2019NL84    17.65      2.770896      0.123462      0.426513       148 
   2021VM64    17.66      2.712457      0.131559      0.423954       148 
  2012TK263    17.66      2.731804      0.160347      0.426045       148 
  2013YA169    17.66      2.711419      0.127680      0.425815       148 
     564002    17.67      2.709526      0.130085      0.425931       148 
   2015YQ19    17.67      2.758042      0.128223      0.427275       148 
   2016PV65    17.67      2.764758      0.135221      0.423122       148 
   2019AH95    17.68      2.790305      0.137859      0.422594       148 
   2021VZ32    17.69      2.709869      0.125624      0.426067       148 
   2016GB33    17.70      2.763874      0.150037      0.422483       148 
   2019NN41    17.70      2.732477      0.134665      0.427293       148 
    2021XO8    17.71      2.714965      0.137386      0.426314       148 
  2013AN147    17.71      2.759881      0.137060      0.425589       148 
   2020FD39    17.72      2.747880      0.132097      0.423754       148 
   2011FV95    17.73      2.735969      0.137484      0.425741       148 
   2015FB65    17.73      2.748292      0.146778      0.423749       148 
   2017HM81    17.73      2.723486      0.147494      0.426893       148 
   2017TE43    17.73      2.713027      0.115210      0.425907       148 
   2017EY42    17.74      2.733461      0.128500      0.423422       148 
  2006DK141    17.75      2.769860      0.132793      0.424150       148 
   2015FQ15    17.77      2.782912      0.137714      0.423970       148 
   2012GC44    17.78      2.744273      0.143046      0.423881       148 
   2020HJ31    17.78      2.715838      0.129396      0.423708       148 
  2015XF147    17.78      2.743594      0.143953      0.424084       148 
   2013EN99    17.79      2.785946      0.118448      0.427355       148 
   2019FB28    17.80      2.721742      0.125071      0.427087       148 
   2020UD12    17.80      2.716226      0.134215      0.427766       148 
   2021VE61    17.81      2.758828      0.115993      0.424756       148 
  2015OL168    17.81      2.726628      0.127237      0.426578       148 
  2021GN105    17.82      2.795597      0.137968      0.421565       148 
   2015JJ16    17.83      2.722134      0.115204      0.424839       148 
  2000QH234    17.84      2.778644      0.131530      0.422316       148 
  2019GY118    17.85      2.729333      0.128079      0.424035       148 
    2011OO8    17.86      2.714878      0.132526      0.426555       148 
   2006VQ32    17.87      2.718067      0.130524      0.423821       148 
  2016EL321    17.87      2.753830      0.128021      0.424247       148 
   2010TO78    17.89      2.767730      0.115680      0.427605       148 
   2019TH78    17.90      2.737987      0.112781      0.425535       148 
   2017MD19    17.91      2.731648      0.127094      0.421670       148 
  2012UB222    17.92      2.764223      0.134103      0.423511       148 
  2015OO166    17.92      2.749058      0.123949      0.424254       148 
  2016PQ225    17.93      2.730859      0.146596      0.428765       148 
  2017SH221    17.94      2.790107      0.133681      0.423288       148 
  2015HU128    17.95      2.721963      0.114533      0.422784       148 
   2019RK38    17.96      2.723570      0.122015      0.423149       148 
   2015SY32    17.99      2.723765      0.127272      0.424038       148 
  2002RT286    18.00      2.715562      0.118726      0.426144       148 
  2012TA379    18.00      2.732387      0.147264      0.427279       148 
  2003BS103    18.02      2.710593      0.140640      0.426657       148 
   2015WO30    18.03      2.738663      0.129859      0.426235       148 
  2015DG203    18.03      2.758446      0.141216      0.424553       148 
   2020HA19    18.04      2.717877      0.138354      0.425095       148 
  2012TG227    18.04      2.713975      0.138403      0.423747       148 
   2020YP14    18.11      2.714099      0.138128      0.428902       148 
  2003SS124    18.11      2.710155      0.131851      0.426469       148 
   2009TU52    18.12      2.739583      0.119324      0.428486       148 
   2019KV53    18.19      2.745793      0.124640      0.426978       148 
    2016LP4    18.21      2.719514      0.137637      0.424405       148 
  2014HT249    18.26      2.772482      0.123215      0.426347       148 
  2012VO140    18.30      2.746333      0.128131      0.424174       148 
   2021RR25    18.32      2.718136      0.136853      0.422800       148 
  2008UC386    18.32      2.721311      0.120783      0.426022       148 
  2013BC104    18.38      2.713170      0.149227      0.422545       148 
   2021JN49    18.41      2.801265      0.129765      0.424840       148 
