      15477    13.36      2.850239      0.080525      0.088345     15477 
      36743    14.05      2.847155      0.081080      0.086684     15477 
      66926    14.09      2.849205      0.081937      0.086125     15477 
      76478    14.49      2.851208      0.081445      0.089222     15477 
      40954    14.51      2.850396      0.081570      0.088125     15477 
      87873    14.91      2.851628      0.080508      0.089782     15477 
      90635    15.19      2.845490      0.083243      0.086302     15477 
     156477    15.47      2.846289      0.081133      0.087068     15477 
     268570    16.21      2.846867      0.080707      0.090873     15477 
  2012DY103    16.83      2.846986      0.082764      0.087378     15477 
     323974    16.90      2.850195      0.080506      0.088362     15477 
