       1668    12.21      2.806071      0.178064      0.073040      1668 
       4036    12.98      2.801508      0.176341      0.073440      1668 
       7595    13.09      2.798679      0.177808      0.074802      1668 
      13314    13.52      2.801089      0.175870      0.071795      1668 
      54253    13.61      2.798874      0.171424      0.069185      1668 
       8552    13.97      2.797856      0.177131      0.073814      1668 
      28226    14.15      2.806026      0.171270      0.078141      1668 
      18999    14.26      2.806100      0.174290      0.073609      1668 
      56226    14.35      2.803565      0.173697      0.071297      1668 
      45412    14.60      2.806012      0.176977      0.070828      1668 
      66880    14.61      2.750108      0.188009      0.074134      1668 
      57860    14.63      2.805000      0.167988      0.068097      1668 
     110262    14.63      2.800818      0.171725      0.074585      1668 
      62941    14.73      2.808038      0.174214      0.071030      1668 
      81750    14.74      2.795463      0.172059      0.076952      1668 
     105420    14.98      2.804502      0.174390      0.074376      1668 
      65853    15.11      2.777126      0.180936      0.073706      1668 
      83582    15.15      2.796957      0.177057      0.078080      1668 
      91474    15.15      2.809772      0.178030      0.075204      1668 
      59923    15.20      2.790528      0.177144      0.073239      1668 
     139915    15.22      2.806135      0.179054      0.072948      1668 
      61396    15.23      2.793338      0.173494      0.070741      1668 
      43616    15.24      2.796299      0.176335      0.071836      1668 
     111482    15.25      2.782513      0.179746      0.071613      1668 
      91670    15.29      2.796559      0.176154      0.072231      1668 
     105487    15.30      2.802501      0.169726      0.072942      1668 
     154857    15.30      2.803929      0.172119      0.078426      1668 
     109890    15.32      2.795766      0.178260      0.073765      1668 
      77570    15.33      2.800777      0.171512      0.078174      1668 
      78289    15.33      2.774026      0.180443      0.072807      1668 
     116654    15.36      2.806129      0.170985      0.071093      1668 
     147379    15.37      2.800691      0.171340      0.071270      1668 
     116962    15.38      2.810927      0.179431      0.075194      1668 
     104020    15.40      2.802333      0.171186      0.077423      1668 
      79110    15.41      2.793115      0.174105      0.073125      1668 
      57993    15.44      2.791769      0.169841      0.069126      1668 
     120085    15.45      2.773719      0.178401      0.071567      1668 
     134752    15.46      2.777792      0.179289      0.071395      1668 
     126945    15.47      2.786677      0.178010      0.073966      1668 
      76214    15.48      2.797774      0.175325      0.070682      1668 
     127247    15.48      2.752102      0.176928      0.070741      1668 
      83421    15.50      2.796957      0.171237      0.071491      1668 
     152568    15.50      2.796034      0.177683      0.074894      1668 
     169854    15.50      2.800184      0.171683      0.070862      1668 
     135036    15.51      2.793931      0.178091      0.072120      1668 
     100788    15.52      2.793480      0.179368      0.074226      1668 
     111344    15.55      2.795803      0.172285      0.073534      1668 
     148032    15.57      2.789179      0.174375      0.075565      1668 
     115584    15.59      2.805123      0.171401      0.068919      1668 
     137130    15.59      2.797955      0.176923      0.070896      1668 
     127117    15.61      2.793382      0.172436      0.070988      1668 
     139532    15.63      2.798284      0.169825      0.068073      1668 
     169889    15.68      2.790086      0.177955      0.074316      1668 
      79148    15.69      2.790898      0.176616      0.073353      1668 
     141185    15.69      2.804309      0.171661      0.073388      1668 
     169865    15.71      2.796228      0.169606      0.067292      1668 
     154060    15.72      2.802532      0.171601      0.073872      1668 
     123725    15.76      2.794975      0.174264      0.074690      1668 
     169888    15.78      2.772410      0.179447      0.072422      1668 
     144599    15.79      2.784737      0.178985      0.073968      1668 
     226842    15.79      2.768583      0.181135      0.073183      1668 
     150031    15.80      2.792299      0.174502      0.073524      1668 
     198685    15.80      2.783753      0.178022      0.074334      1668 
     188544    15.81      2.799885      0.171010      0.071753      1668 
     173680    15.82      2.794696      0.170502      0.072547      1668 
     123191    15.84      2.792936      0.174928      0.070327      1668 
     178622    15.84      2.797032      0.171007      0.072173      1668 
     127332    15.85      2.767720      0.180601      0.071389      1668 
     199833    15.86      2.773118      0.181893      0.072680      1668 
     167808    15.87      2.780271      0.175509      0.076890      1668 
      58742    15.90      2.786541      0.178899      0.073631      1668 
     154078    15.94      2.793774      0.171384      0.072397      1668 
     190373    15.95      2.784261      0.177753      0.073354      1668 
     148951    15.96      2.793295      0.176284      0.075689      1668 
     240402    15.96      2.784864      0.178838      0.074142      1668 
     123007    15.97      2.778834      0.174202      0.081318      1668 
     230954    15.97      2.810909      0.178312      0.074445      1668 
     128527    15.98      2.794228      0.174030      0.073364      1668 
     317779    15.98      2.810871      0.176993      0.076134      1668 
     126712    16.00      2.795260      0.172027      0.072519      1668 
     205048    16.01      2.768512      0.181621      0.072014      1668 
     276498    16.01      2.801575      0.179246      0.070232      1668 
     184737    16.02      2.785586      0.177982      0.073264      1668 
     152033    16.04      2.779646      0.181327      0.072678      1668 
     161713    16.04      2.785984      0.172875      0.070110      1668 
     190593    16.04      2.791864      0.172095      0.077538      1668 
     219923    16.05      2.783223      0.176772      0.073230      1668 
     316426    16.05      2.773094      0.180112      0.071929      1668 
     190419    16.07      2.775051      0.182180      0.072486      1668 
     235874    16.08      2.785375      0.176823      0.072949      1668 
     219436    16.09      2.772604      0.181244      0.071984      1668 
     276514    16.10      2.791110      0.174104      0.072492      1668 
     156565    16.13      2.786855      0.177575      0.073906      1668 
     128163    16.14      2.804652      0.182258      0.073283      1668 
     192802    16.14      2.782977      0.177288      0.074287      1668 
     258469    16.14      2.766343      0.179661      0.072177      1668 
     268556    16.15      2.788158      0.172404      0.072561      1668 
     210494    16.16      2.783348      0.178022      0.069963      1668 
     168456    16.17      2.786449      0.177595      0.071044      1668 
     229182    16.17      2.795413      0.173778      0.078342      1668 
     238039    16.17      2.768741      0.180245      0.072289      1668 
     270566    16.18      2.784221      0.178987      0.074312      1668 
     192244    16.20      2.782051      0.181220      0.073698      1668 
     233446    16.20      2.765392      0.179367      0.073024      1668 
     248002    16.20      2.794923      0.168110      0.068234      1668 
     226757    16.21      2.794906      0.169162      0.074078      1668 
     242050    16.21      2.797386      0.173335      0.075884      1668 
     287233    16.21      2.796374      0.174889      0.074368      1668 
     373256    16.21      2.792291      0.174904      0.074144      1668 
     223658    16.23      2.786187      0.177570      0.074141      1668 
     242931    16.25      2.768640      0.182741      0.072593      1668 
     290351    16.27      2.777672      0.178736      0.072461      1668 
     235897    16.28      2.804931      0.169658      0.071917      1668 
     250661    16.28      2.791533      0.173566      0.074451      1668 
     270531    16.29      2.782922      0.178300      0.073536      1668 
     303575    16.29      2.795524      0.174667      0.071675      1668 
     178054    16.30      2.790453      0.170279      0.068479      1668 
     215753    16.30      2.771562      0.182643      0.070682      1668 
     231800    16.30      2.792752      0.172486      0.074775      1668 
     241831    16.30      2.789931      0.177040      0.074316      1668 
     271211    16.30      2.787529      0.172090      0.070871      1668 
     388735    16.30      2.784475      0.175823      0.073735      1668 
     255033    16.31      2.788602      0.174642      0.073618      1668 
     264757    16.31      2.793835      0.171617      0.075833      1668 
   2016UU76    16.31      2.801030      0.172783      0.073753      1668 
     202835    16.32      2.792200      0.173091      0.077054      1668 
     355499    16.32      2.792861      0.172328      0.074860      1668 
     201749    16.33      2.781374      0.178680      0.074564      1668 
     203690    16.33      2.787593      0.175578      0.072709      1668 
     209197    16.33      2.801569      0.170432      0.074080      1668 
     276922    16.33      2.797849      0.175891      0.076826      1668 
     306623    16.33      2.777518      0.175952      0.074307      1668 
    2009GL1    16.33      2.791915      0.172047      0.072302      1668 
     157691    16.35      2.770545      0.180106      0.073059      1668 
     183484    16.35      2.792010      0.168681      0.070282      1668 
     293217    16.35      2.781921      0.178043      0.074478      1668 
     153976    16.36      2.758323      0.180891      0.073101      1668 
     240660    16.36      2.786050      0.177894      0.073703      1668 
     377839    16.36      2.796037      0.172535      0.077582      1668 
     389521    16.36      2.804376      0.169338      0.075437      1668 
     264727    16.38      2.783952      0.176728      0.073185      1668 
     290234    16.38      2.801908      0.168378      0.068571      1668 
     304206    16.39      2.786533      0.174176      0.075963      1668 
     227929    16.40      2.787446      0.177951      0.072079      1668 
     338777    16.40      2.784391      0.173299      0.070645      1668 
     372782    16.40      2.795378      0.173489      0.074168      1668 
     246856    16.41      2.785638      0.175014      0.076854      1668 
     262270    16.41      2.801748      0.167529      0.070584      1668 
     272908    16.41      2.789417      0.175183      0.073449      1668 
     387968    16.41      2.778488      0.177358      0.073151      1668 
     272910    16.43      2.789346      0.176313      0.071886      1668 
     316221    16.43      2.786057      0.175757      0.078795      1668 
     360177    16.44      2.788818      0.175911      0.076043      1668 
     267762    16.46      2.782983      0.175030      0.070757      1668 
     282232    16.46      2.757086      0.185903      0.073875      1668 
     387065    16.46      2.808917      0.176854      0.071307      1668 
     184875    16.47      2.782538      0.178978      0.073925      1668 
     254688    16.47      2.791957      0.175678      0.078895      1668 
   2014UA64    16.48      2.783488      0.177227      0.073542      1668 
     220603    16.49      2.787559      0.172912      0.075203      1668 
     317603    16.49      2.789741      0.173397      0.077604      1668 
     275591    16.50      2.806072      0.173970      0.076868      1668 
     277748    16.50      2.780093      0.180262      0.073286      1668 
     284789    16.50      2.796678      0.168568      0.071422      1668 
     232845    16.51      2.791019      0.171909      0.076805      1668 
     344773    16.51      2.779538      0.176117      0.077596      1668 
     248614    16.54      2.785797      0.177190      0.073371      1668 
     290964    16.54      2.785647      0.176493      0.077972      1668 
     284300    16.55      2.790569      0.169180      0.073381      1668 
     301493    16.55      2.775611      0.182982      0.073271      1668 
     345927    16.55      2.786427      0.175972      0.072586      1668 
     223651    16.56      2.773591      0.178627      0.074768      1668 
     235883    16.56      2.782128      0.178262      0.073731      1668 
     169839    16.57      2.773901      0.178864      0.074651      1668 
     280077    16.57      2.771695      0.181542      0.073611      1668 
     362413    16.57      2.778434      0.177718      0.074035      1668 
     244114    16.58      2.783108      0.177441      0.074885      1668 
     512830    16.58      2.797395      0.180821      0.072932      1668 
     314799    16.60      2.784724      0.176753      0.072236      1668 
     401637    16.61      2.793714      0.173923      0.079214      1668 
     471635    16.61      2.788348      0.171359      0.070792      1668 
     235895    16.62      2.762237      0.179468      0.072468      1668 
     265870    16.62      2.790597      0.177188      0.073751      1668 
     269110    16.62      2.786624      0.172824      0.075081      1668 
     399792    16.62      2.807493      0.175671      0.076358      1668 
     274623    16.63      2.791936      0.175932      0.076294      1668 
     336844    16.63      2.799106      0.167883      0.067901      1668 
     345988    16.63      2.782748      0.170848      0.077886      1668 
     304498    16.64      2.792136      0.169893      0.068600      1668 
     351169    16.64      2.779803      0.178054      0.074702      1668 
     302124    16.65      2.792482      0.172889      0.071833      1668 
   2011OT51    16.65      2.786608      0.182232      0.074251      1668 
     321643    16.66      2.777757      0.180368      0.075524      1668 
     323564    16.66      2.789663      0.171451      0.071543      1668 
     241426    16.68      2.771813      0.179538      0.072653      1668 
     359723    16.68      2.788207      0.177124      0.072281      1668 
     361834    16.68      2.784221      0.173421      0.073837      1668 
     435310    16.68      2.772833      0.177352      0.074819      1668 
     436651    16.68      2.789167      0.175519      0.070192      1668 
     244177    16.69      2.797763      0.171833      0.070588      1668 
     151179    16.70      2.784968      0.176881      0.077675      1668 
     435379    16.70      2.780196      0.177255      0.073675      1668 
     177563    16.71      2.754548      0.183489      0.072317      1668 
     229983    16.71      2.785853      0.175496      0.073843      1668 
     490398    16.71      2.786122      0.171618      0.077074      1668 
     505920    16.71      2.786097      0.173226      0.077261      1668 
     363395    16.72      2.773591      0.177759      0.074448      1668 
     208855    16.73      2.782507      0.173446      0.070959      1668 
     294155    16.73      2.784915      0.169254      0.069225      1668 
     300817    16.73      2.783819      0.178878      0.075599      1668 
     239510    16.74      2.788976      0.173341      0.071630      1668 
     359565    16.74      2.785106      0.176530      0.076869      1668 
   2017FF30    16.74      2.810905      0.180658      0.075440      1668 
     288511    16.76      2.787350      0.176968      0.073465      1668 
     215080    16.77      2.790118      0.175879      0.078471      1668 
     267475    16.77      2.764790      0.181323      0.073731      1668 
     331820    16.77      2.786621      0.174532      0.076054      1668 
     459807    16.77      2.790872      0.170108      0.070637      1668 
     364896    16.78      2.776228      0.178765      0.074142      1668 
     433880    16.78      2.790288      0.174195      0.067436      1668 
     218995    16.79      2.786536      0.176011      0.073038      1668 
     288389    16.79      2.775819      0.176755      0.074294      1668 
     352250    16.79      2.777354      0.177639      0.072900      1668 
     387490    16.79      2.784127      0.170955      0.070076      1668 
     409590    16.79      2.801213      0.178594      0.073166      1668 
     248797    16.80      2.784433      0.174766      0.071345      1668 
     320797    16.80      2.775724      0.176536      0.073535      1668 
     394264    16.82      2.778656      0.181198      0.073999      1668 
     409519    16.83      2.778014      0.176872      0.073345      1668 
     269112    16.84      2.783184      0.176459      0.074458      1668 
     349228    16.84      2.784486      0.171100      0.075511      1668 
     382797    16.84      2.788952      0.176651      0.079989      1668 
     390781    16.84      2.750193      0.181982      0.069953      1668 
     268433    16.86      2.773493      0.172513      0.071164      1668 
     335165    16.86      2.791338      0.173513      0.071333      1668 
     381162    16.86      2.771538      0.178470      0.073318      1668 
     386485    16.86      2.785527      0.177304      0.074100      1668 
     433906    16.87      2.780725      0.177638      0.074252      1668 
     503478    16.87      2.800996      0.176670      0.073031      1668 
     265711    16.88      2.761924      0.180838      0.071951      1668 
     325498    16.88      2.783139      0.173598      0.072369      1668 
     285249    16.89      2.785671      0.169846      0.074837      1668 
     429222    16.89      2.777582      0.184264      0.072808      1668 
     431447    16.89      2.796594      0.170543      0.066310      1668 
     433014    16.89      2.776566      0.178383      0.072653      1668 
   2011WU61    16.89      2.797292      0.173288      0.070098      1668 
     331473    16.90      2.784360      0.176331      0.072884      1668 
     382780    16.90      2.778107      0.182189      0.073615      1668 
     476241    16.90      2.793819      0.167039      0.069805      1668 
    1997BG6    16.90      2.806500      0.180065      0.072541      1668 
     309017    16.91      2.776061      0.180812      0.073169      1668 
     616272    16.91      2.754113      0.183044      0.073745      1668 
     268508    16.92      2.778907      0.172210      0.074626      1668 
     364904    16.92      2.778393      0.173256      0.071373      1668 
     262458    16.93      2.781374      0.178681      0.073893      1668 
     265813    16.93      2.756984      0.181084      0.072806      1668 
     273888    16.93      2.785419      0.169498      0.071950      1668 
     182551    16.94      2.807170      0.177075      0.074756      1668 
     281953    16.94      2.796184      0.174656      0.075682      1668 
     386442    16.94      2.761221      0.174392      0.070546      1668 
     423260    16.94      2.771739      0.180905      0.075862      1668 
     283707    16.95      2.795277      0.168752      0.073501      1668 
     339437    16.95      2.792274      0.171913      0.072546      1668 
     350939    16.95      2.790601      0.174692      0.070022      1668 
     435276    16.95      2.798784      0.171878      0.072743      1668 
     452303    16.95      2.786791      0.172866      0.075334      1668 
     498797    16.95      2.779114      0.178660      0.074343      1668 
     335564    16.96      2.787592      0.172291      0.077921      1668 
     392075    16.96      2.791015      0.172402      0.071658      1668 
     433230    16.96      2.751987      0.181831      0.072515      1668 
     472127    16.96      2.797831      0.183347      0.070716      1668 
     205161    16.97      2.762223      0.181732      0.072410      1668 
     364935    16.97      2.774858      0.178685      0.074312      1668 
     425659    16.97      2.743533      0.186859      0.073304      1668 
     438581    16.99      2.779501      0.167601      0.069518      1668 
   2004PH32    16.99      2.788488      0.172420      0.079510      1668 
     290436    17.00      2.785088      0.173890      0.070692      1668 
     429617    17.01      2.759201      0.179997      0.072868      1668 
     474391    17.01      2.786867      0.170397      0.071598      1668 
     476090    17.01      2.774482      0.180898      0.074679      1668 
     413640    17.02      2.783162      0.169854      0.071183      1668 
     414949    17.02      2.765768      0.180574      0.074807      1668 
     454140    17.02      2.784489      0.174083      0.076867      1668 
   2008FA98    17.02      2.782719      0.168475      0.071617      1668 
     354647    17.03      2.789174      0.177490      0.070223      1668 
     355534    17.03      2.783160      0.170205      0.072416      1668 
     357078    17.03      2.793574      0.176557      0.072874      1668 
     376737    17.03      2.785256      0.177335      0.075803      1668 
     486483    17.03      2.789828      0.175953      0.073421      1668 
     235270    17.05      2.756338      0.180465      0.072452      1668 
     362800    17.05      2.775040      0.177526      0.071772      1668 
     376220    17.05      2.751984      0.179114      0.069787      1668 
     389199    17.05      2.776984      0.176775      0.072760      1668 
     409033    17.05      2.788881      0.171120      0.078438      1668 
   2003BB85    17.05      2.778003      0.177957      0.073909      1668 
  2014WU219    17.05      2.770177      0.176858      0.074406      1668 
     289856    17.06      2.780956      0.173117      0.071598      1668 
     239481    17.07      2.766346      0.178605      0.072484      1668 
     430585    17.07      2.782278      0.172072      0.070003      1668 
   2015AR76    17.07      2.782403      0.175281      0.074229      1668 
     366760    17.08      2.781570      0.177724      0.073834      1668 
     369526    17.08      2.795850      0.173293      0.070939      1668 
     440830    17.08      2.791438      0.173386      0.078015      1668 
   2014EB30    17.08      2.788113      0.172257      0.077200      1668 
     271829    17.09      2.779804      0.178916      0.073923      1668 
     346583    17.09      2.785967      0.175674      0.074596      1668 
     477060    17.09      2.780966      0.173688      0.076693      1668 
     600373    17.09      2.779901      0.174186      0.074664      1668 
     417223    17.10      2.786275      0.175511      0.074940      1668 
     313216    17.11      2.782751      0.177422      0.073426      1668 
     351441    17.11      2.787591      0.173191      0.073603      1668 
     364279    17.11      2.784110      0.177728      0.073088      1668 
     439130    17.11      2.778993      0.175082      0.073510      1668 
     498721    17.11      2.774565      0.177921      0.074548      1668 
    2017BX9    17.11      2.761617      0.182117      0.074513      1668 
  2007VL136    17.11      2.785830      0.173933      0.076481      1668 
     404378    17.12      2.787389      0.179190      0.073419      1668 
   2015HS62    17.12      2.774693      0.178619      0.073710      1668 
  2014SH334    17.12      2.778953      0.174097      0.071620      1668 
   2013CT59    17.13      2.778331      0.180279      0.072645      1668 
     311895    17.14      2.808886      0.177690      0.073625      1668 
     360907    17.14      2.783669      0.176801      0.071927      1668 
     444557    17.14      2.781322      0.176041      0.077614      1668 
     452348    17.14      2.744456      0.186762      0.073577      1668 
   2008FX94    17.14      2.785365      0.174114      0.074446      1668 
   2010OG97    17.14      2.773924      0.174291      0.077383      1668 
     367794    17.15      2.767429      0.179472      0.073389      1668 
     434392    17.15      2.791512      0.168199      0.068087      1668 
   2015DG95    17.15      2.786629      0.177338      0.072397      1668 
     228272    17.16      2.781865      0.172183      0.071674      1668 
     437555    17.16      2.752024      0.180096      0.068730      1668 
     454023    17.16      2.779816      0.177038      0.071521      1668 
     615868    17.16      2.786147      0.171364      0.074270      1668 
     381174    17.17      2.780853      0.178054      0.074102      1668 
     523434    17.17      2.785674      0.171797      0.078490      1668 
   2010NQ52    17.17      2.741701      0.186224      0.073974      1668 
     514716    17.18      2.751938      0.184835      0.072891      1668 
     568274    17.18      2.760328      0.178231      0.074652      1668 
     304260    17.19      2.789478      0.172609      0.068644      1668 
     370775    17.19      2.789350      0.177909      0.074991      1668 
     455774    17.19      2.787466      0.167601      0.068113      1668 
     477144    17.19      2.764833      0.180962      0.074359      1668 
  1999TW337    17.19      2.783217      0.174244      0.080067      1668 
     359835    17.20      2.790122      0.168621      0.075375      1668 
     323787    17.21      2.779023      0.178358      0.072225      1668 
     405619    17.22      2.776049      0.177560      0.072549      1668 
  2008CS123    17.22      2.775068      0.176250      0.069602      1668 
     298110    17.23      2.763131      0.178175      0.070513      1668 
     315848    17.23      2.778123      0.171012      0.071973      1668 
     329167    17.23      2.796384      0.173927      0.077498      1668 
     396282    17.23      2.784101      0.178413      0.071321      1668 
     410828    17.23      2.779711      0.177689      0.071790      1668 
     511274    17.23      2.745302      0.182289      0.074336      1668 
     585289    17.23      2.750601      0.184425      0.073486      1668 
   2001WF84    17.23      2.772686      0.177280      0.072573      1668 
     330441    17.24      2.801552      0.173848      0.076859      1668 
     517446    17.24      2.764943      0.181065      0.074483      1668 
    2013DP4    17.24      2.758841      0.181022      0.074179      1668 
     394285    17.25      2.786629      0.173964      0.076453      1668 
     451927    17.25      2.778288      0.176824      0.073674      1668 
     594321    17.25      2.803010      0.176730      0.075960      1668 
    2009QX3    17.25      2.796641      0.174323      0.077504      1668 
   2017BB35    17.25      2.781977      0.177663      0.073136      1668 
     394235    17.26      2.786582      0.179144      0.076195      1668 
     409518    17.26      2.779455      0.174100      0.071439      1668 
     576411    17.26      2.798865      0.174594      0.074435      1668 
   2013DO11    17.26      2.769491      0.172604      0.072442      1668 
     395041    17.27      2.771232      0.178040      0.074450      1668 
     514547    17.27      2.775455      0.173939      0.070697      1668 
     604908    17.27      2.793632      0.173156      0.073179      1668 
    2011WK3    17.27      2.779780      0.170507      0.076564      1668 
   2014RG39    17.27      2.763332      0.180577      0.074468      1668 
     214675    17.28      2.766111      0.178415      0.073550      1668 
     376461    17.28      2.784535      0.178780      0.073787      1668 
     425275    17.28      2.780301      0.169041      0.067862      1668 
     529773    17.28      2.778354      0.172433      0.076185      1668 
  2011UZ425    17.28      2.774178      0.175226      0.073383      1668 
     395434    17.29      2.756964      0.177189      0.072693      1668 
     447674    17.29      2.766402      0.179568      0.073122      1668 
   2013BE81    17.29      2.785245      0.169009      0.072694      1668 
     440395    17.30      2.752106      0.180606      0.074899      1668 
     547656    17.30      2.752065      0.182132      0.069976      1668 
     596945    17.30      2.779637      0.173788      0.070680      1668 
  2002EE167    17.30      2.767591      0.179484      0.076260      1668 
     454955    17.31      2.784736      0.172003      0.076010      1668 
     509903    17.31      2.784544      0.173890      0.073133      1668 
     539239    17.31      2.776254      0.175538      0.077558      1668 
   2006CJ66    17.32      2.790640      0.178224      0.072259      1668 
   2016UH28    17.32      2.769847      0.179966      0.073446      1668 
  2006AX101    17.32      2.785944      0.174876      0.074016      1668 
  2007DX120    17.33      2.779413      0.172246      0.075859      1668 
  2007VG346    17.33      2.763185      0.173921      0.073446      1668 
     480299    17.34      2.772724      0.172950      0.072319      1668 
     497055    17.34      2.767157      0.179399      0.074378      1668 
     520483    17.34      2.778146      0.179324      0.072531      1668 
  2014OK376    17.34      2.774939      0.172780      0.071842      1668 
     444938    17.35      2.786696      0.174164      0.075165      1668 
     449306    17.35      2.780531      0.174127      0.077215      1668 
   2010BT79    17.35      2.773753      0.178626      0.073543      1668 
   2014UO69    17.35      2.770860      0.179733      0.071119      1668 
     467106    17.37      2.767852      0.176923      0.073707      1668 
     468756    17.37      2.784114      0.173323      0.078779      1668 
     471819    17.37      2.760332      0.178334      0.073239      1668 
     489345    17.37      2.802864      0.172268      0.079732      1668 
  2014OV164    17.37      2.780386      0.170819      0.071466      1668 
     404815    17.38      2.790287      0.171279      0.071002      1668 
     484502    17.38      2.776732      0.178738      0.071869      1668 
     497566    17.38      2.795051      0.174529      0.074034      1668 
   2013QW38    17.38      2.803295      0.174010      0.076765      1668 
     444578    17.39      2.790938      0.172807      0.074881      1668 
     519816    17.39      2.784423      0.176433      0.073482      1668 
     609481    17.39      2.779779      0.177283      0.074388      1668 
     473874    17.40      2.780366      0.178647      0.073905      1668 
   2014PY61    17.41      2.787346      0.177597      0.072146      1668 
  2008TF196    17.41      2.801453      0.177801      0.079080      1668 
     305240    17.42      2.770462      0.179081      0.074187      1668 
     453180    17.42      2.773216      0.181154      0.074011      1668 
  2010JA150    17.42      2.765238      0.179667      0.073975      1668 
     606625    17.43      2.790813      0.177299      0.073731      1668 
   2011UD11    17.43      2.783796      0.180219      0.072688      1668 
     476045    17.44      2.770529      0.175003      0.074878      1668 
   2021CU14    17.44      2.767370      0.179595      0.073777      1668 
     446846    17.45      2.799456      0.169888      0.072149      1668 
   2010DD37    17.45      2.760958      0.178547      0.073748      1668 
   2012SF88    17.45      2.777368      0.180032      0.073518      1668 
   2018GB10    17.45      2.778132      0.173552      0.075581      1668 
  2009WM102    17.45      2.765383      0.180130      0.074126      1668 
     409620    17.46      2.777645      0.171521      0.072872      1668 
     428059    17.46      2.797065      0.180283      0.072780      1668 
     428064    17.47      2.778906      0.169877      0.071628      1668 
     583674    17.47      2.793522      0.172135      0.070579      1668 
   2008AV30    17.47      2.779204      0.176436      0.072878      1668 
   2014OM62    17.47      2.810898      0.170868      0.071214      1668 
   2014WO38    17.47      2.767467      0.177528      0.074038      1668 
  2002TN330    17.47      2.781708      0.171800      0.074180      1668 
     424790    17.48      2.784052      0.166716      0.069464      1668 
  2013TX167    17.48      2.772765      0.172241      0.072514      1668 
     496637    17.49      2.785038      0.174186      0.074430      1668 
     507473    17.49      2.774281      0.177627      0.073050      1668 
   2012SH35    17.49      2.790182      0.172875      0.074870      1668 
     434716    17.50      2.789272      0.180240      0.075838      1668 
     550418    17.50      2.795668      0.169794      0.067409      1668 
     568249    17.50      2.779326      0.172882      0.076198      1668 
     583182    17.50      2.775333      0.176917      0.072058      1668 
  2013AN198    17.50      2.782705      0.173115      0.073102      1668 
     455129    17.51      2.754274      0.180713      0.074823      1668 
     459168    17.51      2.769841      0.174188      0.072258      1668 
     489457    17.51      2.773979      0.172515      0.072364      1668 
     530609    17.51      2.775654      0.173263      0.071640      1668 
  2005EF351    17.51      2.769834      0.176983      0.074114      1668 
  2008SP230    17.51      2.778964      0.177250      0.076641      1668 
   1995UR61    17.52      2.786598      0.172768      0.079448      1668 
  2009SF335    17.52      2.767588      0.172658      0.076054      1668 
  2005EK334    17.53      2.776113      0.173698      0.074173      1668 
     581039    17.54      2.756597      0.172746      0.076503      1668 
   2012GG49    17.54      2.770269      0.176032      0.071571      1668 
  2009WQ210    17.54      2.775820      0.179333      0.073593      1668 
     277163    17.55      2.764629      0.179575      0.074597      1668 
     429143    17.55      2.762641      0.179454      0.074334      1668 
     481687    17.55      2.767317      0.181787      0.072778      1668 
   2008EY43    17.55      2.775666      0.169188      0.071010      1668 
   2016VB27    17.55      2.776063      0.173414      0.076813      1668 
  2003WO197    17.57      2.779365      0.178285      0.077268      1668 
     476123    17.58      2.746542      0.177684      0.075917      1668 
     575647    17.58      2.785861      0.180482      0.073045      1668 
     612995    17.58      2.781607      0.174551      0.072337      1668 
  2007TL462    17.58      2.776297      0.172701      0.076626      1668 
  2008GC119    17.58      2.765456      0.177525      0.078536      1668 
     455928    17.59      2.786116      0.173093      0.076600      1668 
     593196    17.60      2.780587      0.170919      0.074376      1668 
     458393    17.61      2.782536      0.176196      0.076553      1668 
     509867    17.61      2.799431      0.172431      0.073465      1668 
     533081    17.61      2.777818      0.171249      0.071781      1668 
     557770    17.61      2.777568      0.175453      0.073426      1668 
  2006VG154    17.61      2.787576      0.172203      0.073061      1668 
  2010GV129    17.61      2.780448      0.172457      0.076504      1668 
     423813    17.62      2.773864      0.179277      0.073378      1668 
     485594    17.62      2.785610      0.175067      0.070050      1668 
     566204    17.62      2.778716      0.175938      0.073241      1668 
  2011SN279    17.62      2.777202      0.170128      0.070556      1668 
     507079    17.63      2.791274      0.176875      0.073170      1668 
     566081    17.63      2.774110      0.174208      0.072153      1668 
   2006WS44    17.63      2.775320      0.175125      0.072980      1668 
   2008VR51    17.63      2.776149      0.170752      0.076511      1668 
     535895    17.64      2.758585      0.173531      0.071008      1668 
     598735    17.64      2.786412      0.171841      0.072723      1668 
  2004RC240    17.64      2.758473      0.183159      0.074939      1668 
  2005YT200    17.64      2.776994      0.177709      0.074389      1668 
   2021AV26    17.65      2.787898      0.174918      0.074528      1668 
     504634    17.66      2.768369      0.178105      0.071913      1668 
     555639    17.66      2.797159      0.174667      0.071778      1668 
     588980    17.66      2.751727      0.177877      0.073475      1668 
     423734    17.67      2.796343      0.173345      0.075066      1668 
     550360    17.67      2.782511      0.177801      0.072763      1668 
     553208    17.67      2.802325      0.183617      0.075213      1668 
    2010HT5    17.67      2.773157      0.173960      0.076948      1668 
  2014QO489    17.67      2.774930      0.167448      0.068640      1668 
  2015KU122    17.67      2.779484      0.174441      0.074790      1668 
     311687    17.68      2.763752      0.177638      0.073746      1668 
     497056    17.68      2.768357      0.181674      0.074178      1668 
     507508    17.68      2.799583      0.178821      0.074002      1668 
     528477    17.68      2.789362      0.172187      0.070954      1668 
     536296    17.68      2.769454      0.180190      0.073852      1668 
     603623    17.68      2.782859      0.171848      0.080239      1668 
   2004WV13    17.68      2.765204      0.177190      0.077012      1668 
   2012SL27    17.68      2.810992      0.178123      0.075158      1668 
  2008EH189    17.68      2.762589      0.176114      0.074526      1668 
  2008RF124    17.68      2.810760      0.181629      0.069288      1668 
  2008UD333    17.68      2.778711      0.175573      0.073121      1668 
  2010TG195    17.68      2.775880      0.174575      0.078119      1668 
     548843    17.69      2.778243      0.182252      0.074155      1668 
     576238    17.69      2.758122      0.178001      0.071886      1668 
     600232    17.69      2.743689      0.179470      0.074726      1668 
   2011WD64    17.69      2.768448      0.181787      0.072301      1668 
  2008EY136    17.69      2.779283      0.179882      0.074688      1668 
   2016PG93    17.70      2.776956      0.174735      0.074117      1668 
  2006SY252    17.70      2.781410      0.169117      0.070663      1668 
  2007HM114    17.70      2.793595      0.165983      0.068694      1668 
  2016AB112    17.70      2.756871      0.174315      0.073553      1668 
     547433    17.71      2.775973      0.169153      0.074982      1668 
   2013SP65    17.71      2.789168      0.167504      0.068270      1668 
   2015XS17    17.71      2.774816      0.176709      0.071596      1668 
  2013CF167    17.71      2.765697      0.180456      0.073528      1668 
  2014OW149    17.71      2.773745      0.176545      0.072826      1668 
  2017BL167    17.71      2.795130      0.170902      0.074738      1668 
     414484    17.72      2.774271      0.175183      0.075694      1668 
     519281    17.72      2.775696      0.177177      0.072706      1668 
     532754    17.72      2.785568      0.173730      0.071536      1668 
     613927    17.72      2.760584      0.179523      0.074665      1668 
   2012KM31    17.72      2.763478      0.173971      0.072591      1668 
  2014TW101    17.72      2.765352      0.176841      0.074272      1668 
  2014WC105    17.72      2.771945      0.174592      0.073208      1668 
   2015OT89    17.73      2.766192      0.178492      0.072424      1668 
  2020OT108    17.73      2.796952      0.172668      0.073672      1668 
     402261    17.74      2.788119      0.172212      0.072577      1668 
     425809    17.74      2.768002      0.172235      0.072004      1668 
   2008SM62    17.74      2.770011      0.176856      0.074600      1668 
   2013EC81    17.74      2.762115      0.182487      0.075230      1668 
  2006KR135    17.74      2.775469      0.173500      0.075825      1668 
  2008SR202    17.74      2.784785      0.173149      0.074616      1668 
     528399    17.75      2.773622      0.178700      0.078146      1668 
     547801    17.75      2.771562      0.171433      0.071962      1668 
     588993    17.75      2.788516      0.172641      0.068830      1668 
   2011GS39    17.75      2.788075      0.172708      0.067961      1668 
   2014UL37    17.75      2.780303      0.180891      0.073428      1668 
  2009BE199    17.75      2.783420      0.181870      0.071619      1668 
  2014DF117    17.75      2.779847      0.176284      0.073212      1668 
     363182    17.76      2.765903      0.177726      0.074100      1668 
     473424    17.76      2.757801      0.176311      0.072527      1668 
   2004CC17    17.76      2.745195      0.178715      0.072694      1668 
   2008HT77    17.76      2.757477      0.179825      0.074635      1668 
   2010MW79    17.76      2.800219      0.176640      0.074883      1668 
   2016LE33    17.76      2.765438      0.181155      0.073978      1668 
  2014QW464    17.76      2.775484      0.174608      0.077447      1668 
  2014UH133    17.76      2.771825      0.169842      0.074723      1668 
     614571    17.77      2.774529      0.173759      0.077594      1668 
    2013FF5    17.77      2.764744      0.173606      0.069919      1668 
  2006VT177    17.77      2.773546      0.175390      0.069816      1668 
  2007VB308    17.77      2.778808      0.173445      0.074258      1668 
  2011UH199    17.77      2.778665      0.180099      0.074338      1668 
  2015TW196    17.77      2.759550      0.181104      0.074336      1668 
     498041    17.78      2.781483      0.174427      0.077062      1668 
     599529    17.78      2.772773      0.169805      0.068916      1668 
   2006TX88    17.78      2.768985      0.179093      0.072271      1668 
   2012UY55    17.78      2.777552      0.173723      0.075787      1668 
   2014WK17    17.78      2.775882      0.178788      0.074162      1668 
  2014OY376    17.78      2.770767      0.168437      0.071825      1668 
  2016EO313    17.78      2.775821      0.171581      0.072468      1668 
     453635    17.79      2.774397      0.172496      0.073708      1668 
   2006TS85    17.79      2.772255      0.178990      0.073674      1668 
   2009SP23    17.79      2.786528      0.168943      0.075637      1668 
   2013CT20    17.79      2.752005      0.179765      0.075927      1668 
   2016WP11    17.79      2.781179      0.175297      0.072995      1668 
   2017AG45    17.79      2.801888      0.173634      0.072976      1668 
  2003ST386    17.79      2.770107      0.175349      0.077802      1668 
  2005UQ277    17.79      2.777653      0.170203      0.076265      1668 
  2014WQ261    17.79      2.741136      0.185573      0.072976      1668 
  2015BE254    17.79      2.763463      0.177557      0.075174      1668 
     444548    17.80      2.752191      0.185830      0.072951      1668 
     610897    17.80      2.771833      0.179871      0.074865      1668 
    2013GU9    17.80      2.759197      0.181179      0.074158      1668 
   2014PH11    17.80      2.751928      0.178704      0.072488      1668 
  2008CB245    17.80      2.766263      0.173747      0.077705      1668 
  2009SQ398    17.80      2.758217      0.176941      0.072493      1668 
  2011FB155    17.80      2.765285      0.180554      0.077699      1668 
  2013CC201    17.80      2.785453      0.174603      0.079757      1668 
  2015XD369    17.80      2.803909      0.181596      0.074530      1668 
     476234    17.81      2.772043      0.180063      0.073350      1668 
  2008TQ192    17.81      2.738767      0.186026      0.072424      1668 
  2014HH232    17.81      2.764009      0.172218      0.076414      1668 
     482265    17.82      2.771842      0.180252      0.071120      1668 
     529484    17.82      2.768649      0.178939      0.074348      1668 
   2009BX94    17.82      2.803305      0.173759      0.071622      1668 
   2012SU75    17.82      2.775818      0.173942      0.073337      1668 
  2008YW153    17.82      2.772580      0.173278      0.070854      1668 
  2009SU399    17.82      2.776957      0.171129      0.067776      1668 
  2015DR245    17.82      2.782316      0.169089      0.073342      1668 
   2014UY43    17.83      2.786163      0.178516      0.071993      1668 
  2002CX324    17.83      2.742310      0.182421      0.071331      1668 
  2008SP205    17.83      2.784982      0.175073      0.070842      1668 
  2008UH380    17.83      2.765937      0.172538      0.073183      1668 
  2010FS143    17.83      2.783472      0.172639      0.076475      1668 
  2015BB436    17.83      2.783094      0.173769      0.069749      1668 
     613792    17.84      2.771041      0.175426      0.071789      1668 
   2004QQ33    17.84      2.766328      0.180702      0.073596      1668 
   2005WD21    17.84      2.768272      0.170623      0.073935      1668 
   2007YZ92    17.84      2.776184      0.173966      0.074156      1668 
   2019FF16    17.84      2.798224      0.181383      0.070181      1668 
  2006AU111    17.84      2.755544      0.173981      0.069607      1668 
  2013GW142    17.84      2.773974      0.173450      0.077474      1668 
  2014WS581    17.84      2.796873      0.170902      0.075762      1668 
  2016AE202    17.84      2.781587      0.173067      0.075222      1668 
   1995TR10    17.85      2.770968      0.176269      0.077152      1668 
  2008UM145    17.85      2.770918      0.171906      0.076707      1668 
  2014WN108    17.85      2.779775      0.171095      0.071756      1668 
  2016AA125    17.85      2.772521      0.182708      0.073922      1668 
     485664    17.86      2.757868      0.178457      0.074380      1668 
   2016WS36    17.86      2.770500      0.171543      0.077084      1668 
   2018FP45    17.86      2.765819      0.174007      0.072075      1668 
  2008UE391    17.86      2.777824      0.173221      0.070967      1668 
  2015TX253    17.86      2.770817      0.171609      0.077679      1668 
  2017DE119    17.86      2.770284      0.172938      0.078689      1668 
   2008VP61    17.87      2.795570      0.173760      0.072564      1668 
   2012JM52    17.87      2.772407      0.171833      0.070122      1668 
   2015RR15    17.87      2.753558      0.177843      0.073862      1668 
  2005TL155    17.87      2.770125      0.174029      0.069325      1668 
  2015FQ249    17.87      2.769830      0.178479      0.074478      1668 
  2015HE163    17.87      2.750662      0.176655      0.071607      1668 
     562616    17.88      2.780742      0.168315      0.073279      1668 
     590891    17.88      2.751734      0.188899      0.074270      1668 
   2006VA91    17.88      2.757990      0.179506      0.073957      1668 
   2007JO48    17.88      2.767973      0.174374      0.076982      1668 
   2015HX23    17.88      2.760728      0.179353      0.069675      1668 
   2016NY93    17.88      2.788536      0.177004      0.068844      1668 
   2017WP43    17.88      2.808948      0.174819      0.071744      1668 
  2008AA157    17.88      2.806633      0.180158      0.073799      1668 
  2009DE161    17.88      2.767774      0.171592      0.069070      1668 
  2015TS220    17.88      2.774179      0.182200      0.070592      1668 
     596140    17.89      2.762869      0.175332      0.070611      1668 
    2022FG8    17.89      2.766850      0.173075      0.072549      1668 
   2013RG76    17.89      2.741135      0.182359      0.068601      1668 
  2014QD464    17.89      2.761512      0.179638      0.073761      1668 
  2015FS219    17.89      2.774303      0.175142      0.073497      1668 
     494450    17.90      2.810855      0.178188      0.072126      1668 
     592870    17.90      2.777387      0.174014      0.074700      1668 
   2012SD95    17.90      2.760885      0.180674      0.073750      1668 
   2012VP61    17.90      2.794582      0.173307      0.067254      1668 
   2013UW45    17.90      2.775033      0.176748      0.070327      1668 
  2007DS115    17.90      2.765446      0.173534      0.073629      1668 
     509471    17.91      2.761431      0.177083      0.070506      1668 
     608864    17.91      2.752069      0.182936      0.076540      1668 
    2011BJ3    17.91      2.766728      0.173316      0.073419      1668 
   2016HR29    17.91      2.762371      0.178452      0.074779      1668 
  2012XE167    17.91      2.772441      0.168568      0.073081      1668 
  2015TE222    17.91      2.777986      0.173178      0.072478      1668 
  2016TJ108    17.91      2.756163      0.178722      0.074534      1668 
   2010SG52    17.92      2.803708      0.174688      0.077282      1668 
   2011BS58    17.92      2.758760      0.174464      0.073851      1668 
   2016AN46    17.92      2.786078      0.172122      0.073259      1668 
   2017BX48    17.92      2.764711      0.168655      0.071009      1668 
  2008YQ112    17.92      2.783638      0.173548      0.077966      1668 
  2013CM256    17.92      2.767765      0.178370      0.072336      1668 
  2015XD200    17.92      2.777575      0.171312      0.077027      1668 
   2008CB79    17.93      2.772792      0.173665      0.076487      1668 
   2012UG85    17.93      2.762809      0.175003      0.072091      1668 
   2014UD74    17.93      2.764363      0.178552      0.074626      1668 
   2014WB42    17.93      2.783509      0.172619      0.070228      1668 
   2017WC40    17.93      2.768936      0.180812      0.072729      1668 
  2013PO113    17.93      2.771266      0.178770      0.073286      1668 
  2015RU231    17.93      2.769793      0.171409      0.078063      1668 
   2011UF66    17.94      2.756695      0.178968      0.075032      1668 
  2004RH363    17.94      2.765450      0.179953      0.074751      1668 
  2008FX120    17.94      2.775445      0.169320      0.075036      1668 
     504613    17.95      2.788976      0.178259      0.073789      1668 
   2016QL35    17.95      2.796344      0.178576      0.073215      1668 
   2017SL99    17.95      2.776299      0.173259      0.070785      1668 
   2017XH60    17.95      2.769427      0.174001      0.072066      1668 
  2008CZ163    17.95      2.766491      0.174504      0.076037      1668 
  2015RK274    17.95      2.766346      0.176816      0.072551      1668 
   2005FJ17    17.96      2.772057      0.179528      0.072914      1668 
   2011GA10    17.96      2.769332      0.178129      0.077835      1668 
   2016BX41    17.96      2.754834      0.177888      0.073501      1668 
    2014OM9    17.97      2.787556      0.179052      0.071340      1668 
   2018FK32    17.97      2.776845      0.166637      0.071925      1668 
   2021AY11    17.97      2.777196      0.179094      0.072000      1668 
  2005QL119    17.97      2.763616      0.176961      0.073465      1668 
  2008AS154    17.97      2.767033      0.179504      0.072331      1668 
  2008UX193    17.97      2.757553      0.180337      0.072369      1668 
  2014UG232    17.97      2.770494      0.172968      0.068747      1668 
     597109    17.98      2.764777      0.177014      0.073103      1668 
     614671    17.98      2.784989      0.173944      0.078779      1668 
  2008VG100    17.98      2.773859      0.177629      0.074263      1668 
  2010UZ116    17.98      2.792010      0.172385      0.071520      1668 
  2016AZ122    17.98      2.765945      0.173443      0.075776      1668 
     557199    17.99      2.810514      0.176224      0.071035      1668 
    2012SK3    17.99      2.761502      0.180224      0.074341      1668 
    2016EY5    17.99      2.772899      0.170654      0.075289      1668 
   2008UY40    17.99      2.783245      0.171386      0.072081      1668 
   2014SZ99    17.99      2.792622      0.178951      0.073060      1668 
   2016CL92    17.99      2.769031      0.177006      0.073514      1668 
  2015MF101    17.99      2.764397      0.175167      0.072896      1668 
     533100    18.00      2.776158      0.167917      0.072267      1668 
     563540    18.00      2.747004      0.181905      0.070802      1668 
  2010MZ122    18.00      2.752224      0.182912      0.076456      1668 
  2013TR173    18.00      2.766668      0.179047      0.073821      1668 
  2015BL490    18.00      2.747154      0.185727      0.074100      1668 
     451592    18.01      2.754302      0.178312      0.073762      1668 
     563380    18.01      2.766039      0.177128      0.077754      1668 
    2013CE6    18.01      2.775577      0.170360      0.074997      1668 
   2009WA82    18.01      2.765351      0.177676      0.070856      1668 
   2012CN69    18.01      2.776462      0.176849      0.070223      1668 
     532342    18.02      2.787550      0.172491      0.077352      1668 
    2009WP4    18.02      2.766924      0.176706      0.073327      1668 
   2011UB97    18.02      2.769393      0.175914      0.070111      1668 
   2013HJ55    18.02      2.810940      0.180548      0.076004      1668 
   2014NB67    18.02      2.759345      0.180163      0.074853      1668 
   2015MN69    18.02      2.773559      0.173972      0.076410      1668 
  2011WE101    18.02      2.774134      0.168875      0.075412      1668 
   2009FU87    18.03      2.773832      0.179567      0.073876      1668 
   2012UQ99    18.03      2.748982      0.182530      0.072683      1668 
     575987    18.04      2.779042      0.166965      0.068027      1668 
    2018NU9    18.04      2.770853      0.182230      0.074795      1668 
   2005CJ86    18.04      2.780152      0.174567      0.076278      1668 
   2009UQ31    18.04      2.764487      0.174704      0.071084      1668 
   2020RZ76    18.04      2.785628      0.177985      0.071418      1668 
  2006WL234    18.04      2.763244      0.171207      0.076401      1668 
  2017BF205    18.04      2.807930      0.180880      0.071507      1668 
    2014RY8    18.05      2.780004      0.181425      0.074217      1668 
   2018FM33    18.05      2.785263      0.173186      0.075569      1668 
  2014OU135    18.05      2.766179      0.179030      0.074321      1668 
   2015TN44    18.06      2.750447      0.177121      0.073339      1668 
  2013EW172    18.06      2.759898      0.177051      0.074716      1668 
  2015TZ436    18.06      2.783221      0.171688      0.075767      1668 
  2015XN116    18.06      2.759167      0.178296      0.074635      1668 
   2006WE63    18.07      2.761650      0.174262      0.075056      1668 
   2010HG56    18.07      2.762950      0.179415      0.074173      1668 
   2014WS45    18.07      2.788415      0.173152      0.072006      1668 
  2003SH462    18.07      2.807659      0.175118      0.073069      1668 
  2008YS183    18.07      2.752120      0.177443      0.071153      1668 
  2011UM361    18.07      2.783075      0.180675      0.072478      1668 
  2001QL315    18.08      2.784804      0.170862      0.070929      1668 
  2014HZ229    18.08      2.773740      0.182288      0.075291      1668 
     529291    18.09      2.764626      0.171109      0.079533      1668 
    2006KK8    18.09      2.804569      0.177892      0.072354      1668 
   2007UE80    18.09      2.749680      0.169661      0.075569      1668 
   2007YK97    18.09      2.783473      0.170179      0.076396      1668 
   2015OG46    18.09      2.777852      0.176485      0.072480      1668 
  2012BY180    18.09      2.758695      0.179789      0.075622      1668 
   2012QQ56    18.10      2.774316      0.174661      0.073003      1668 
   2020BB87    18.10      2.770066      0.171240      0.072175      1668 
  2008SY220    18.10      2.767180      0.177119      0.072631      1668 
  2011UK467    18.10      2.781365      0.177457      0.073709      1668 
   2014HE92    18.11      2.763056      0.175934      0.072949      1668 
  2010RT143    18.11      2.774406      0.173749      0.071249      1668 
  2012XP127    18.11      2.763484      0.173178      0.072848      1668 
  2017UV151    18.11      2.755458      0.177214      0.072869      1668 
  2017UW102    18.11      2.783936      0.174517      0.072817      1668 
    2009RM9    18.12      2.806020      0.182631      0.075060      1668 
   2003GE61    18.12      2.775434      0.181443      0.074706      1668 
   2013BK92    18.12      2.773528      0.177214      0.072369      1668 
   2019JL13    18.12      2.770418      0.172344      0.072366      1668 
  2014SH233    18.12      2.768003      0.177938      0.074580      1668 
  2016CY303    18.12      2.778455      0.179989      0.071684      1668 
   2012YE12    18.13      2.756323      0.177350      0.073595      1668 
  2008YB125    18.13      2.767596      0.175990      0.071327      1668 
  2010VG240    18.13      2.759575      0.179698      0.074245      1668 
  2013RC152    18.13      2.774471      0.178551      0.072890      1668 
   2004VV34    18.14      2.787495      0.178546      0.071287      1668 
   2006CD47    18.14      2.778520      0.170534      0.075613      1668 
   2009CX66    18.14      2.757521      0.173074      0.078262      1668 
   2012VS28    18.14      2.754108      0.182177      0.073709      1668 
  2014QW475    18.14      2.797769      0.178590      0.071288      1668 
  2004FC174    18.15      2.754871      0.178673      0.075068      1668 
  2015FO426    18.15      2.768139      0.179776      0.073904      1668 
   2013QJ72    18.16      2.778669      0.176889      0.070112      1668 
   2014DS79    18.16      2.806215      0.177341      0.073171      1668 
  2008SN344    18.16      2.776868      0.175795      0.069538      1668 
  2011BN160    18.16      2.766041      0.180198      0.072129      1668 
  2015KR191    18.16      2.772180      0.169633      0.073190      1668 
    2008DX7    18.17      2.767229      0.177103      0.073273      1668 
   2013CO60    18.17      2.746014      0.178897      0.072250      1668 
  2007RN128    18.17      2.786220      0.167195      0.071169      1668 
  2011UG377    18.17      2.763429      0.177595      0.073341      1668 
  2014UP188    18.17      2.772032      0.173083      0.073784      1668 
  2015XD285    18.17      2.756200      0.179941      0.075409      1668 
  2016CW210    18.17      2.780349      0.171707      0.070474      1668 
   2017BJ22    18.18      2.767269      0.177048      0.076949      1668 
   2017RA93    18.18      2.764346      0.176409      0.073403      1668 
   2018CO23    18.18      2.777352      0.171842      0.075712      1668 
  2002QU114    18.18      2.754776      0.175291      0.074628      1668 
  2015FR457    18.18      2.764339      0.177038      0.069649      1668 
  2017FM110    18.18      2.765610      0.177072      0.072799      1668 
    2019PH5    18.19      2.771221      0.172141      0.071584      1668 
   2007FV24    18.19      2.790194      0.174271      0.075882      1668 
   2013NX44    18.19      2.767328      0.173341      0.075455      1668 
   2017EU30    18.19      2.745703      0.179772      0.075742      1668 
   2021RG77    18.19      2.755942      0.177516      0.074632      1668 
  2011CF141    18.19      2.756369      0.175485      0.071714      1668 
  2015FP221    18.19      2.766046      0.178267      0.074123      1668 
   2008TG46    18.20      2.774501      0.174056      0.076704      1668 
   2014WG94    18.20      2.797445      0.181907      0.071658      1668 
   2011ED95    18.21      2.810904      0.181725      0.071073      1668 
   2012SN12    18.21      2.774535      0.174883      0.077039      1668 
   2015XE24    18.21      2.805104      0.170804      0.075626      1668 
  2007TF484    18.21      2.765486      0.175041      0.070482      1668 
  2011WP177    18.21      2.771400      0.172530      0.076243      1668 
  2015RR215    18.21      2.777015      0.176761      0.072326      1668 
   2014AK68    18.22      2.767015      0.176915      0.074210      1668 
   2016NP54    18.22      2.772677      0.174934      0.071138      1668 
  2016AJ222    18.22      2.756749      0.170731      0.073886      1668 
    2014LL3    18.23      2.757839      0.173902      0.070112      1668 
   2002SS74    18.23      2.761081      0.170054      0.072772      1668 
   2016CF14    18.23      2.785375      0.175995      0.073528      1668 
  2005TJ185    18.23      2.770655      0.183187      0.072476      1668 
  2007TR490    18.23      2.752175      0.183091      0.074309      1668 
  2014QG237    18.23      2.773781      0.176735      0.073894      1668 
  2015TU464    18.23      2.784832      0.176599      0.072219      1668 
  2016CB356    18.23      2.802328      0.176031      0.074017      1668 
   2012CE31    18.24      2.761703      0.178471      0.072558      1668 
  2006DT162    18.24      2.758384      0.174865      0.073122      1668 
  2007VF203    18.24      2.763594      0.173794      0.076687      1668 
  2010DL112    18.24      2.756988      0.176733      0.074751      1668 
  2015BH382    18.24      2.769590      0.172823      0.071025      1668 
   2010WZ56    18.25      2.777986      0.180972      0.074356      1668 
   2012YU15    18.25      2.751802      0.183411      0.075145      1668 
   2014GH74    18.25      2.766380      0.171176      0.071796      1668 
   2016GH19    18.25      2.752095      0.170838      0.074900      1668 
   2017HT87    18.25      2.761407      0.180805      0.073885      1668 
   2018FW50    18.25      2.775195      0.172418      0.071958      1668 
  2001XT269    18.25      2.771149      0.173298      0.073297      1668 
  2007TC224    18.25      2.789222      0.175262      0.072890      1668 
   2013UZ48    18.26      2.761555      0.176349      0.072807      1668 
   2010UG92    18.27      2.776866      0.169735      0.074944      1668 
   2017YL38    18.27      2.762087      0.175836      0.074461      1668 
  2015BS120    18.27      2.748086      0.183602      0.075255      1668 
  2015TH378    18.27      2.782036      0.179205      0.073506      1668 
  2016GN159    18.27      2.767428      0.174872      0.071108      1668 
     506484    18.28      2.783255      0.173635      0.076201      1668 
   2008YZ75    18.28      2.767680      0.180087      0.074012      1668 
   2016HN26    18.28      2.760356      0.175475      0.073851      1668 
   2019JX53    18.28      2.740299      0.186280      0.073427      1668 
  2008TO170    18.28      2.767492      0.172665      0.074535      1668 
   2011RC30    18.29      2.759541      0.174105      0.072623      1668 
   2021PE91    18.29      2.774430      0.177356      0.074368      1668 
  2016AG314    18.29      2.797951      0.183029      0.071991      1668 
  2016TH195    18.29      2.765297      0.174344      0.071608      1668 
  2020HN124    18.29      2.802711      0.179133      0.073882      1668 
   2020PN20    18.30      2.768839      0.178390      0.075807      1668 
  2003WF201    18.30      2.755905      0.178899      0.073466      1668 
  2005UQ362    18.30      2.759675      0.176110      0.071417      1668 
   2012CN61    18.31      2.776037      0.180554      0.072460      1668 
   2014OK57    18.31      2.754878      0.172930      0.076646      1668 
   2018LJ36    18.31      2.785939      0.176391      0.070079      1668 
   2021VT25    18.31      2.765789      0.175504      0.072395      1668 
  2013CU259    18.31      2.764562      0.169898      0.071482      1668 
  2015XF421    18.31      2.757575      0.172313      0.077149      1668 
  2016PL245    18.31      2.759546      0.171678      0.076136      1668 
   2018AY41    18.32      2.758033      0.177629      0.073051      1668 
   2016NW64    18.33      2.761866      0.170139      0.073713      1668 
  2017QB146    18.33      2.770341      0.172015      0.073585      1668 
   2008WS44    18.34      2.760039      0.179489      0.077372      1668 
   2014CE33    18.34      2.771217      0.175670      0.071614      1668 
  2008UD101    18.34      2.762469      0.173660      0.077110      1668 
  2014WC285    18.34      2.748337      0.184372      0.075610      1668 
  2017DQ149    18.34      2.766591      0.178290      0.073426      1668 
   2012GU51    18.35      2.764732      0.172654      0.073014      1668 
   2012TA29    18.35      2.752144      0.176076      0.075522      1668 
  2012TE113    18.35      2.762719      0.175743      0.075488      1668 
  2010TT216    18.36      2.766181      0.178461      0.076038      1668 
  2011UP258    18.36      2.776384      0.173277      0.075209      1668 
  2015TR434    18.36      2.781053      0.175099      0.074692      1668 
  2016TT135    18.36      2.765383      0.172935      0.076860      1668 
   2020HP25    18.37      2.771591      0.168568      0.074761      1668 
  2015KM191    18.37      2.776102      0.173992      0.071153      1668 
  2015MW158    18.37      2.773336      0.176280      0.078409      1668 
  2008RJ168    18.38      2.768547      0.171729      0.075569      1668 
  2011UA461    18.38      2.769155      0.178520      0.070693      1668 
  2014DH177    18.38      2.772331      0.175111      0.072331      1668 
     601115    18.39      2.745124      0.186906      0.075739      1668 
   2014SL97    18.39      2.767075      0.176340      0.073595      1668 
   2017HU21    18.39      2.768225      0.176537      0.072584      1668 
   2021GM94    18.39      2.762754      0.172966      0.071793      1668 
   2011RJ33    18.40      2.755537      0.176351      0.073079      1668 
  2008SA321    18.40      2.768189      0.173141      0.077081      1668 
   2008XJ60    18.41      2.756203      0.176200      0.071446      1668 
  2007UL116    18.41      2.759873      0.173580      0.077188      1668 
  2011UV471    18.41      2.780516      0.166673      0.072844      1668 
  2012HN106    18.41      2.770168      0.173926      0.074712      1668 
  2015DD275    18.41      2.756074      0.171963      0.072554      1668 
  2016AL215    18.41      2.761229      0.174064      0.069849      1668 
  2016EK276    18.41      2.752131      0.180148      0.072157      1668 
  2016NJ154    18.41      2.761175      0.181934      0.076231      1668 
   2009AO64    18.42      2.755508      0.178006      0.073484      1668 
  2016PV189    18.42      2.781846      0.172235      0.072195      1668 
   2010UN90    18.43      2.771939      0.176547      0.071835      1668 
   2017RU80    18.43      2.755262      0.172593      0.071891      1668 
   2017YY54    18.43      2.781213      0.176090      0.073907      1668 
   2018RP66    18.43      2.765308      0.174758      0.077543      1668 
   2019GZ84    18.43      2.756426      0.178262      0.073996      1668 
  2011SA234    18.43      2.769805      0.173541      0.072155      1668 
  2014OU127    18.43      2.762214      0.178286      0.074715      1668 
  2015AQ169    18.43      2.771088      0.172279      0.070579      1668 
  2017UN179    18.43      2.771577      0.179195      0.074036      1668 
   2013FH40    18.44      2.788366      0.181635      0.075123      1668 
   2019GQ90    18.44      2.754345      0.169377      0.075709      1668 
   2021OR20    18.44      2.779769      0.178574      0.072704      1668 
  2006SF235    18.44      2.796611      0.178096      0.072006      1668 
  2014UW120    18.44      2.762869      0.172129      0.078775      1668 
   2007HS94    18.45      2.784792      0.174984      0.072407      1668 
   2008BK61    18.45      2.761274      0.176431      0.078811      1668 
   2017QJ43    18.45      2.751264      0.179492      0.074111      1668 
   2018BX24    18.45      2.771950      0.178377      0.074152      1668 
   2018VB57    18.45      2.772997      0.176372      0.073759      1668 
  2015KN191    18.45      2.777254      0.176123      0.073264      1668 
  2015XX433    18.45      2.760225      0.172964      0.072740      1668 
   2020GK27    18.46      2.756877      0.176750      0.072282      1668 
  2011BC207    18.46      2.799440      0.167708      0.071568      1668 
  2014OQ251    18.46      2.781286      0.174225      0.073061      1668 
  2016CA158    18.47      2.759274      0.171964      0.070639      1668 
   2016GM37    18.48      2.767270      0.173906      0.073877      1668 
  2012TH164    18.48      2.770287      0.172181      0.076214      1668 
    2021ST8    18.49      2.776967      0.170011      0.069104      1668 
  2014OM213    18.49      2.775489      0.176683      0.073949      1668 
  2015KM229    18.49      2.761765      0.172272      0.073692      1668 
  2015PB256    18.49      2.762484      0.181631      0.073442      1668 
  2016CX382    18.50      2.752505      0.169628      0.074550      1668 
   2014PF86    18.51      2.754745      0.180292      0.073890      1668 
   2014PG14    18.51      2.808945      0.180189      0.073108      1668 
  2015BP136    18.51      2.774715      0.178014      0.073574      1668 
   2015CW30    18.52      2.767555      0.175697      0.075623      1668 
   2017SX97    18.52      2.787273      0.172601      0.071637      1668 
   2021PS94    18.52      2.780545      0.184144      0.072510      1668 
  2005ES254    18.52      2.803412      0.169628      0.074332      1668 
  2011UQ458    18.52      2.755894      0.178862      0.073712      1668 
   2005VE22    18.53      2.764825      0.166975      0.071464      1668 
   2022BK31    18.53      2.761103      0.177133      0.073120      1668 
  2006US390    18.53      2.752177      0.171363      0.078784      1668 
  2014QA508    18.53      2.752132      0.174634      0.071884      1668 
  2014SG225    18.53      2.761067      0.182410      0.076129      1668 
   2015GC77    18.54      2.757590      0.171279      0.077538      1668 
   2011CY57    18.55      2.757859      0.174251      0.073998      1668 
   2016OT14    18.55      2.764337      0.171622      0.076773      1668 
   2020AH16    18.55      2.763057      0.177376      0.071666      1668 
   2021VG37    18.55      2.766300      0.179550      0.074712      1668 
   2019RG22    18.56      2.743860      0.178501      0.073730      1668 
  2005TV153    18.57      2.776540      0.169567      0.069118      1668 
  2015HQ245    18.57      2.798198      0.180112      0.074123      1668 
   2021JU27    18.58      2.774075      0.177063      0.070255      1668 
  2001RH158    18.58      2.752340      0.176578      0.071622      1668 
  2016PK170    18.58      2.754367      0.178230      0.070633      1668 
  2016PA239    18.59      2.778839      0.176295      0.070535      1668 
  2021RQ140    18.59      2.762524      0.172196      0.068852      1668 
   2011CA41    18.60      2.748168      0.181453      0.073707      1668 
  2005UM122    18.61      2.804988      0.180006      0.073304      1668 
  2011SH325    18.61      2.756423      0.172004      0.079316      1668 
   2014SZ11    18.62      2.788892      0.178156      0.069520      1668 
   2020RR99    18.62      2.746979      0.177153      0.074720      1668 
  2017UK180    18.62      2.765871      0.180180      0.074598      1668 
  2015XV277    18.64      2.742895      0.178843      0.075246      1668 
   2015AQ82    18.65      2.743315      0.176674      0.076373      1668 
   2015VZ84    18.65      2.748702      0.181050      0.073512      1668 
   2017ON13    18.66      2.766070      0.172099      0.078271      1668 
  2011UL462    18.66      2.778052      0.168980      0.075280      1668 
  2014QS517    18.66      2.757001      0.174563      0.072911      1668 
   2017UQ17    18.67      2.747548      0.187178      0.074198      1668 
  1999TJ342    18.67      2.754453      0.176703      0.074142      1668 
  2015PY159    18.67      2.754759      0.171584      0.071109      1668 
  2015RO322    18.68      2.799499      0.178198      0.073680      1668 
  2016EH260    18.68      2.781995      0.181596      0.073670      1668 
   2004QF35    18.69      2.780892      0.177100      0.068949      1668 
   2018PM78    18.70      2.748505      0.181500      0.070897      1668 
   2008RD33    18.71      2.751720      0.181046      0.071320      1668 
  2011UE460    18.71      2.782685      0.180296      0.074498      1668 
  2008VT101    18.73      2.761496      0.176873      0.081113      1668 
   2012VV94    18.74      2.757409      0.178482      0.074164      1668 
   2012QO74    18.75      2.767936      0.183119      0.071545      1668 
   2020RA19    18.75      2.776085      0.177318      0.073425      1668 
  2006SF460    18.76      2.768860      0.176844      0.072479      1668 
  2013GR158    18.77      2.763509      0.174118      0.073240      1668 
   2017XV90    18.78      2.759120      0.174630      0.071277      1668 
  2016PP233    18.78      2.792911      0.179095      0.073553      1668 
   2007UL15    18.79      2.770225      0.176351      0.072152      1668 
  2014OZ428    18.79      2.764239      0.176923      0.079848      1668 
    2021GG4    18.80      2.778871      0.184377      0.072903      1668 
  2012TQ377    18.81      2.765104      0.178882      0.077433      1668 
  2014SP145    18.81      2.757612      0.181597      0.070455      1668 
   2012VG59    18.84      2.748176      0.173732      0.071450      1668 
    2020WE8    18.85      2.764757      0.169141      0.072143      1668 
  2015KK107    18.85      2.739421      0.177658      0.075438      1668 
  2016QF144    18.85      2.760332      0.170033      0.075112      1668 
   2011WG86    18.86      2.756064      0.168367      0.074559      1668 
   2021QN24    18.86      2.788524      0.167252      0.069624      1668 
  2015TW441    18.86      2.798955      0.174904      0.074631      1668 
   2015PY99    18.88      2.782985      0.173383      0.078535      1668 
  2005NT107    18.88      2.752052      0.176515      0.074929      1668 
  2016BS126    18.88      2.773527      0.172706      0.076918      1668 
  2012UG144    18.90      2.758027      0.175598      0.072115      1668 
   2017WC85    18.95      2.746300      0.177233      0.073268      1668 
  2006UJ393    18.95      2.767507      0.174859      0.074968      1668 
  2016CW377    18.99      2.767162      0.173479      0.074782      1668 
  2021TX138    18.99      2.786738      0.172904      0.071996      1668 
   2008VV98    19.01      2.773934      0.177917      0.073043      1668 
  2016AD294    19.01      2.742334      0.182327      0.070062      1668 
  2003SD475    19.02      2.760428      0.180720      0.073556      1668 
   2020SH68    19.04      2.781046      0.175780      0.073848      1668 
   2012RV42    19.13      2.752112      0.171921      0.075977      1668 
  2006SZ171    19.16      2.748009      0.170422      0.078519      1668 
