      29903    12.97      2.840139      0.106341      0.159533     18405 
      18405    12.98      2.847754      0.105848      0.159072     18405 
      54900    13.71      2.841801      0.106605      0.160237     18405 
      27532    13.85      2.840403      0.107330      0.160834     18405 
      76564    13.91      2.847383      0.107374      0.159799     18405 
      29959    14.05      2.846343      0.106163      0.159799     18405 
      82706    14.26      2.845235      0.106273      0.159534     18405 
      67268    14.45      2.841216      0.106689      0.160461     18405 
     134468    14.75      2.846236      0.106172      0.159692     18405 
     104452    14.83      2.848413      0.107307      0.160118     18405 
      79474    14.86      2.843305      0.107700      0.161077     18405 
     120144    14.90      2.851120      0.107638      0.161009     18405 
     136761    14.92      2.844984      0.106442      0.159814     18405 
     146738    14.93      2.841348      0.106914      0.160136     18405 
     116017    15.17      2.836781      0.110188      0.162156     18405 
     133621    15.17      2.846191      0.107315      0.160440     18405 
     136653    15.19      2.849340      0.105716      0.160148     18405 
     166665    15.24      2.836426      0.103184      0.158141     18405 
     139862    15.28      2.838799      0.103817      0.158394     18405 
     116778    15.35      2.838235      0.104311      0.159239     18405 
     126787    15.38      2.836523      0.106566      0.160083     18405 
     224640    15.39      2.848095      0.105797      0.159698     18405 
     135132    15.41      2.850690      0.106840      0.159965     18405 
     173846    15.44      2.849726      0.106724      0.160033     18405 
     161395    15.51      2.852678      0.105852      0.159667     18405 
     198695    15.59      2.837101      0.108251      0.161075     18405 
     213405    15.60      2.836641      0.106400      0.159720     18405 
     189793    15.61      2.850714      0.107256      0.159845     18405 
     127146    15.62      2.849349      0.106175      0.159847     18405 
     150561    15.63      2.834870      0.108407      0.161422     18405 
     226973    15.63      2.837447      0.103186      0.157468     18405 
     255137    15.63      2.842279      0.105098      0.159468     18405 
     269810    15.69      2.839068      0.104942      0.159157     18405 
     241884    15.72      2.851098      0.106232      0.159490     18405 
     184637    15.74      2.837447      0.103891      0.158074     18405 
     205545    15.76      2.837733      0.105453      0.158781     18405 
     239672    15.78      2.850303      0.106295      0.160073     18405 
     144656    15.80      2.852631      0.107331      0.159751     18405 
     181600    15.80      2.853263      0.106607      0.160362     18405 
     182626    15.80      2.849177      0.107801      0.160105     18405 
     280335    15.82      2.834498      0.104749      0.157862     18405 
     321328    15.85      2.849656      0.107058      0.159342     18405 
     314900    15.87      2.850145      0.107792      0.160623     18405 
     288919    15.88      2.851915      0.106191      0.160043     18405 
     207126    15.90      2.835288      0.105843      0.160626     18405 
     173758    15.91      2.850055      0.106729      0.160088     18405 
     303177    15.94      2.853731      0.106172      0.159895     18405 
     422565    15.94      2.855185      0.107134      0.160191     18405 
     241865    15.95      2.835428      0.105093      0.159249     18405 
     349387    15.95      2.847941      0.107852      0.159403     18405 
     358758    15.95      2.850692      0.106351      0.159426     18405 
     232829    15.97      2.834677      0.106228      0.159734     18405 
     279864    15.97      2.849123      0.107033      0.160091     18405 
     290053    15.97      2.836666      0.106356      0.159213     18405 
     392560    16.00      2.848910      0.106104      0.159542     18405 
     290155    16.01      2.840243      0.105590      0.159518     18405 
     330965    16.02      2.849798      0.106939      0.160208     18405 
     492974    16.02      2.838244      0.104069      0.158835     18405 
     362912    16.04      2.848916      0.108341      0.160349     18405 
     390204    16.05      2.854133      0.106265      0.159498     18405 
     286415    16.07      2.838760      0.103163      0.157873     18405 
     392716    16.08      2.839369      0.107642      0.160891     18405 
     338116    16.10      2.853423      0.108068      0.160800     18405 
     510409    16.10      2.851629      0.106440      0.159834     18405 
     521399    16.10      2.853402      0.106823      0.160085     18405 
     208873    16.11      2.851087      0.105544      0.160184     18405 
     285552    16.12      2.851587      0.107509      0.160036     18405 
     333774    16.13      2.838277      0.108070      0.161215     18405 
     261166    16.14      2.850347      0.106756      0.159311     18405 
     264457    16.14      2.847628      0.106538      0.158977     18405 
     314356    16.14      2.834336      0.107220      0.160391     18405 
     460676    16.15      2.849394      0.106633      0.160047     18405 
     263320    16.16      2.834154      0.105793      0.158991     18405 
     366061    16.16      2.849247      0.108199      0.160309     18405 
     414561    16.16      2.852406      0.106804      0.159364     18405 
     206045    16.17      2.834780      0.109786      0.161566     18405 
     421592    16.18      2.851086      0.107615      0.159500     18405 
     401558    16.20      2.835253      0.109729      0.161948     18405 
     272849    16.21      2.847818      0.106971      0.159384     18405 
     387398    16.26      2.836694      0.107486      0.161136     18405 
     356859    16.27      2.838385      0.102987      0.157863     18405 
     297078    16.28      2.835209      0.104747      0.159320     18405 
     316292    16.28      2.836632      0.108351      0.161771     18405 
     472656    16.29      2.847365      0.105675      0.159302     18405 
     271877    16.31      2.831590      0.106471      0.159967     18405 
     384132    16.32      2.840176      0.106562      0.160365     18405 
     304520    16.33      2.853917      0.106027      0.159808     18405 
     409637    16.33      2.838488      0.107392      0.160199     18405 
     395907    16.35      2.832011      0.108910      0.160238     18405 
     139804    16.36      2.854705      0.106240      0.159348     18405 
     420444    16.36      2.856033      0.107275      0.159228     18405 
     490846    16.36      2.850051      0.105807      0.159161     18405 
     545649    16.36      2.845498      0.107534      0.159895     18405 
     305385    16.37      2.850465      0.106367      0.159455     18405 
     252622    16.38      2.835906      0.108968      0.161328     18405 
     295017    16.38      2.852337      0.105903      0.159801     18405 
     425791    16.39      2.855836      0.104738      0.159345     18405 
     384141    16.40      2.858707      0.106368      0.160196     18405 
    2013HC2    16.41      2.842427      0.107880      0.160365     18405 
     355431    16.42      2.834329      0.106619      0.160284     18405 
     277022    16.43      2.854663      0.107098      0.160286     18405 
     486540    16.43      2.850375      0.108265      0.160093     18405 
     581456    16.43      2.850287      0.107629      0.160442     18405 
     333866    16.45      2.853937      0.107218      0.160563     18405 
   2017FZ51    16.45      2.839894      0.104944      0.159379     18405 
     309642    16.46      2.846692      0.107486      0.159474     18405 
    2014XF4    16.46      2.837593      0.105345      0.160111     18405 
     290455    16.47      2.848135      0.108843      0.160353     18405 
     434773    16.47      2.833928      0.109651      0.162206     18405 
     338152    16.52      2.842096      0.103556      0.159038     18405 
  2005QA169    16.52      2.849393      0.107420      0.159102     18405 
     505972    16.53      2.840914      0.108336      0.161854     18405 
     394249    16.55      2.849601      0.108658      0.159585     18405 
     580332    16.55      2.851002      0.107536      0.160209     18405 
     392728    16.56      2.856245      0.105380      0.159535     18405 
     450105    16.58      2.853275      0.106768      0.159655     18405 
  2002CD231    16.58      2.833551      0.103729      0.158585     18405 
     498794    16.59      2.851578      0.106615      0.160025     18405 
     512919    16.59      2.839500      0.105421      0.159915     18405 
   2017AE20    16.59      2.848775      0.107431      0.160123     18405 
  2015PT296    16.60      2.847050      0.105510      0.159501     18405 
     290370    16.61      2.849817      0.106983      0.159620     18405 
     324786    16.61      2.858128      0.108457      0.160414     18405 
     383984    16.61      2.836557      0.107219      0.160399     18405 
     525525    16.62      2.852009      0.107712      0.158111     18405 
     535601    16.63      2.846355      0.110171      0.161141     18405 
     550059    16.63      2.851546      0.107544      0.159929     18405 
     370796    16.64      2.858517      0.108165      0.160082     18405 
     480149    16.64      2.834305      0.104448      0.158685     18405 
     332378    16.65      2.854702      0.107449      0.160140     18405 
     378781    16.65      2.847286      0.106770      0.159877     18405 
     464824    16.65      2.833907      0.104837      0.159004     18405 
     273056    16.66      2.847799      0.106944      0.159285     18405 
     501288    16.66      2.851684      0.106627      0.159688     18405 
     568126    16.66      2.853280      0.107397      0.159874     18405 
  2015DR202    16.66      2.848791      0.106493      0.160024     18405 
     421257    16.67      2.854182      0.106856      0.159648     18405 
   2009RS79    16.68      2.848724      0.108604      0.160070     18405 
     294885    16.69      2.834597      0.106041      0.159179     18405 
     382241    16.69      2.835407      0.101184      0.156825     18405 
     503890    16.70      2.848984      0.108510      0.158858     18405 
     512382    16.70      2.849852      0.106688      0.159474     18405 
     454915    16.71      2.837083      0.105532      0.159438     18405 
     557620    16.72      2.850022      0.105612      0.160095     18405 
     448678    16.73      2.848933      0.107627      0.159407     18405 
     501361    16.73      2.851939      0.107688      0.160308     18405 
     447584    16.74      2.855865      0.107187      0.160016     18405 
     519690    16.74      2.848458      0.107730      0.158813     18405 
     414016    16.75      2.850077      0.107295      0.160155     18405 
     460801    16.75      2.851885      0.106738      0.159871     18405 
     505899    16.75      2.852911      0.108398      0.160720     18405 
     435771    16.76      2.835175      0.105371      0.158940     18405 
     470396    16.77      2.837277      0.106448      0.159705     18405 
     476340    16.77      2.855397      0.104971      0.159431     18405 
     536241    16.77      2.834209      0.105028      0.158833     18405 
     449750    16.78      2.852589      0.106859      0.159179     18405 
     542638    16.78      2.857775      0.105853      0.159608     18405 
     347894    16.81      2.833900      0.108175      0.160937     18405 
   2014WS61    16.82      2.848440      0.108009      0.159408     18405 
     550474    16.87      2.850733      0.107949      0.159436     18405 
     456017    16.88      2.852334      0.106485      0.159676     18405 
     427380    16.89      2.831323      0.110356      0.162077     18405 
     449645    16.90      2.848317      0.106667      0.159739     18405 
     524814    16.90      2.835415      0.104215      0.158811     18405 
     564253    16.90      2.856855      0.105586      0.160488     18405 
  2002CL318    16.90      2.852946      0.107007      0.159602     18405 
     332556    16.91      2.854351      0.107306      0.160376     18405 
     479634    16.91      2.850039      0.107432      0.159269     18405 
     346165    16.92      2.837757      0.104530      0.159999     18405 
     487391    16.92      2.853926      0.107763      0.159983     18405 
     321903    16.93      2.853206      0.106673      0.160409     18405 
     521295    16.94      2.852018      0.108723      0.160606     18405 
     590155    16.94      2.850307      0.107457      0.160391     18405 
     562661    16.96      2.850872      0.108363      0.159201     18405 
     583431    16.96      2.844270      0.111320      0.163041     18405 
   2018PU38    16.96      2.857897      0.107564      0.159961     18405 
     543542    16.97      2.854438      0.106261      0.158701     18405 
     544954    16.97      2.831391      0.106706      0.159515     18405 
   2016CE56    16.97      2.834318      0.102288      0.157620     18405 
     601224    16.98      2.850066      0.105979      0.160033     18405 
  2003UY389    16.98      2.843778      0.106278      0.159138     18405 
     503813    17.00      2.837193      0.104857      0.158882     18405 
     614705    17.01      2.851566      0.107802      0.160309     18405 
  2015XB404    17.02      2.856398      0.105952      0.159514     18405 
     598119    17.03      2.856507      0.107059      0.159713     18405 
  2016NF145    17.03      2.855637      0.107609      0.159711     18405 
     485258    17.04      2.849601      0.108028      0.160707     18405 
     570255    17.04      2.851931      0.106687      0.159495     18405 
   2017RN31    17.04      2.853496      0.108157      0.159387     18405 
     599523    17.05      2.853762      0.107160      0.159548     18405 
    2014BW4    17.05      2.842393      0.104794      0.157982     18405 
   2013WE96    17.05      2.851563      0.107779      0.160476     18405 
  2008YR104    17.05      2.866263      0.106521      0.161873     18405 
     407815    17.06      2.847822      0.106831      0.160148     18405 
     452663    17.06      2.854214      0.108658      0.159658     18405 
   2007EK62    17.06      2.853198      0.108859      0.160543     18405 
  2014SV251    17.06      2.861071      0.105277      0.160229     18405 
     549061    17.07      2.853594      0.107525      0.159718     18405 
     551995    17.08      2.856703      0.106837      0.159327     18405 
     558701    17.10      2.854497      0.106954      0.160222     18405 
   2007CE82    17.10      2.857303      0.107615      0.159118     18405 
  2015TE383    17.10      2.856924      0.106400      0.160164     18405 
     528524    17.11      2.853270      0.107488      0.159727     18405 
     505171    17.12      2.835256      0.108736      0.161373     18405 
   2016AR49    17.12      2.858836      0.106507      0.159181     18405 
     567153    17.13      2.855109      0.106261      0.159870     18405 
     555236    17.14      2.836051      0.110381      0.162391     18405 
   2014TC90    17.14      2.838127      0.106165      0.159946     18405 
  2014SO386    17.14      2.855907      0.106324      0.159542     18405 
     602468    17.15      2.854554      0.107517      0.159308     18405 
  2013RE159    17.16      2.853532      0.106895      0.159446     18405 
     559222    17.18      2.838878      0.105072      0.159809     18405 
     581392    17.18      2.836657      0.107947      0.161293     18405 
     541975    17.19      2.854915      0.107480      0.160157     18405 
     601334    17.19      2.850739      0.106608      0.159510     18405 
     380450    17.20      2.833548      0.110363      0.162949     18405 
  2015DE197    17.21      2.851546      0.108090      0.159476     18405 
     593612    17.22      2.856265      0.108340      0.160693     18405 
     510336    17.23      2.854972      0.105954      0.159559     18405 
     579656    17.23      2.835648      0.106649      0.160593     18405 
  2018VN128    17.23      2.852087      0.108321      0.158095     18405 
  2015TY313    17.24      2.860019      0.106339      0.159720     18405 
     547508    17.25      2.855644      0.106610      0.160320     18405 
     580822    17.25      2.836019      0.104795      0.159577     18405 
     602144    17.25      2.854718      0.106558      0.158827     18405 
  2015TL278    17.25      2.849036      0.107978      0.159862     18405 
     550489    17.27      2.850150      0.107875      0.160331     18405 
  2013WZ127    17.27      2.854319      0.105894      0.159677     18405 
     414550    17.28      2.853610      0.106832      0.159908     18405 
   2010SY52    17.28      2.834669      0.105841      0.159914     18405 
  2011SX170    17.28      2.836455      0.109079      0.161636     18405 
  2016AH371    17.28      2.855014      0.106481      0.159427     18405 
     568928    17.29      2.841889      0.106746      0.158666     18405 
   2015PJ32    17.29      2.852262      0.108251      0.159781     18405 
  2005JN192    17.29      2.857945      0.106356      0.159429     18405 
     513645    17.30      2.836723      0.104232      0.158592     18405 
     602902    17.30      2.849172      0.107525      0.158850     18405 
   2014JH13    17.30      2.854486      0.105787      0.158732     18405 
  2008RY159    17.30      2.838534      0.106590      0.159830     18405 
     603042    17.31      2.855334      0.107759      0.159802     18405 
   2016TC36    17.31      2.832949      0.110349      0.162207     18405 
   2017FA87    17.31      2.834551      0.104987      0.158766     18405 
  2007HW103    17.31      2.857188      0.105325      0.159709     18405 
  2008UM379    17.31      2.868586      0.105055      0.160151     18405 
  2011QX108    17.31      2.857627      0.107497      0.160093     18405 
     523123    17.32      2.853749      0.110538      0.160948     18405 
     561667    17.32      2.834851      0.107026      0.160632     18405 
   2016TK48    17.32      2.848620      0.106977      0.159150     18405 
     488888    17.33      2.839301      0.107381      0.160287     18405 
     597769    17.33      2.852070      0.104416      0.159289     18405 
     616476    17.33      2.855298      0.107030      0.159747     18405 
    2014PD3    17.33      2.858316      0.106781      0.159861     18405 
   2010PQ88    17.33      2.850697      0.106719      0.160214     18405 
  2009WD182    17.33      2.845312      0.105765      0.159159     18405 
  2008GK165    17.34      2.854010      0.107699      0.160155     18405 
  2008UK180    17.34      2.853422      0.108286      0.160502     18405 
  2012XM142    17.34      2.850737      0.109451      0.160551     18405 
     517411    17.35      2.847303      0.104956      0.157237     18405 
   2007CQ29    17.36      2.853959      0.105176      0.159390     18405 
   2013MK20    17.38      2.833439      0.108492      0.161749     18405 
  2008VU104    17.38      2.853099      0.106534      0.159659     18405 
     540850    17.39      2.859505      0.107904      0.160127     18405 
     611095    17.39      2.847011      0.112038      0.161688     18405 
    2017QR9    17.39      2.853339      0.107441      0.159931     18405 
   2019GL80    17.39      2.862554      0.106013      0.159664     18405 
  2014WG308    17.39      2.855919      0.105912      0.158943     18405 
   2007ML30    17.40      2.836593      0.107422      0.160682     18405 
   2016TL87    17.40      2.836417      0.106025      0.159052     18405 
  2007VR120    17.40      2.835192      0.107350      0.160963     18405 
  2011UW455    17.40      2.848846      0.110656      0.160838     18405 
     557846    17.41      2.847450      0.107694      0.160643     18405 
   2008OC29    17.41      2.857390      0.109224      0.161271     18405 
   2010RN57    17.41      2.853805      0.109016      0.160422     18405 
  2006BW176    17.41      2.851484      0.107995      0.158188     18405 
   2018UH28    17.42      2.852350      0.107369      0.159606     18405 
  2005WM136    17.42      2.856047      0.107631      0.160090     18405 
  2015DV274    17.42      2.860761      0.106971      0.159650     18405 
  2021GV127    17.43      2.859836      0.107697      0.160660     18405 
   2014WC72    17.44      2.847154      0.108457      0.159363     18405 
   2016EZ95    17.44      2.855263      0.107300      0.160595     18405 
   2017OF97    17.44      2.843568      0.108838      0.159151     18405 
  2017UA184    17.45      2.857885      0.106713      0.159829     18405 
  2021TP135    17.45      2.867425      0.104263      0.161576     18405 
     577405    17.46      2.858530      0.107337      0.159288     18405 
   2017GC29    17.46      2.847260      0.105288      0.158995     18405 
  2011SV309    17.46      2.837950      0.108259      0.161256     18405 
     511384    17.47      2.861629      0.107743      0.159320     18405 
   2015LH47    17.47      2.855534      0.106274      0.158912     18405 
  2003WO201    17.47      2.834342      0.107894      0.160868     18405 
     611447    17.48      2.854752      0.106216      0.159448     18405 
    2017MK6    17.48      2.854375      0.106677      0.159997     18405 
    2018AQ6    17.48      2.857845      0.108561      0.159509     18405 
   2009FL85    17.48      2.857301      0.107060      0.159523     18405 
   2014KJ25    17.48      2.858818      0.107309      0.159462     18405 
  2007DK122    17.48      2.848472      0.106586      0.159759     18405 
  2015XM485    17.48      2.852543      0.106586      0.160024     18405 
  2007HT110    17.49      2.852303      0.107697      0.159402     18405 
   2015LW52    17.50      2.858255      0.106763      0.159946     18405 
   2015VL58    17.50      2.853005      0.107456      0.160527     18405 
  2016UM268    17.50      2.848789      0.107861      0.160621     18405 
    2016UC3    17.51      2.831749      0.109061      0.162312     18405 
   2018UH35    17.51      2.860545      0.104692      0.159621     18405 
  2007RD165    17.51      2.853235      0.108073      0.159458     18405 
  2014QJ256    17.51      2.852694      0.106435      0.159167     18405 
   2008KS45    17.52      2.852267      0.107772      0.160485     18405 
  2005XN131    17.52      2.863428      0.105489      0.159198     18405 
  2010RA195    17.52      2.834026      0.105403      0.159485     18405 
   2014KN92    17.54      2.831231      0.103423      0.158500     18405 
  2015AY190    17.54      2.851533      0.107371      0.157899     18405 
   2007CT48    17.55      2.847901      0.108025      0.158867     18405 
   2016VP49    17.55      2.848346      0.106261      0.159787     18405 
  2008EY154    17.55      2.858079      0.107710      0.159358     18405 
  2014EO111    17.55      2.854409      0.106098      0.159412     18405 
  2014WV163    17.55      2.855253      0.106020      0.159017     18405 
   2009FT10    17.56      2.854782      0.108322      0.160491     18405 
  2002EB171    17.56      2.853969      0.106761      0.160023     18405 
     611208    17.57      2.852606      0.108771      0.159382     18405 
   2014NN32    17.58      2.853675      0.107665      0.159305     18405 
     581512    17.59      2.853337      0.107174      0.159329     18405 
   2015FQ96    17.59      2.848372      0.110591      0.159767     18405 
   2019GY43    17.59      2.854914      0.107596      0.159174     18405 
  2014MA101    17.61      2.860603      0.106571      0.159726     18405 
   2019GU64    17.62      2.852443      0.106057      0.159213     18405 
   2020TJ20    17.62      2.858733      0.106705      0.160177     18405 
  2008YU190    17.62      2.854724      0.106783      0.159534     18405 
  2011SV274    17.62      2.852713      0.106994      0.159392     18405 
     577875    17.63      2.854594      0.105878      0.159331     18405 
    2003BK5    17.63      2.855637      0.106379      0.159078     18405 
  2008UA252    17.63      2.857091      0.107314      0.159729     18405 
   2009FE87    17.64      2.864921      0.108736      0.160064     18405 
   2014SZ56    17.64      2.842917      0.104769      0.160183     18405 
  2012FQ105    17.64      2.851904      0.107705      0.160598     18405 
  2013HR101    17.64      2.855886      0.106637      0.159735     18405 
   2018LR12    17.65      2.845280      0.106770      0.160072     18405 
   2021SN30    17.65      2.853741      0.108752      0.159909     18405 
   2006EX80    17.66      2.858077      0.105728      0.159628     18405 
  2014TV104    17.66      2.854458      0.108148      0.159791     18405 
  2016NV149    17.66      2.852095      0.107124      0.160279     18405 
   2009QU17    17.67      2.856721      0.105472      0.158533     18405 
   2013HT94    17.67      2.858226      0.106619      0.158491     18405 
  2007UV152    17.67      2.836399      0.102457      0.158018     18405 
  2012BP107    17.67      2.853754      0.107885      0.160076     18405 
   2012SN76    17.68      2.850867      0.106166      0.159058     18405 
   2013NM67    17.68      2.863370      0.108657      0.160329     18405 
     586617    17.70      2.848807      0.107932      0.160411     18405 
   2017XX36    17.70      2.857717      0.105656      0.159491     18405 
  2016PS185    17.70      2.848341      0.108479      0.159288     18405 
  2016CP386    17.71      2.855553      0.106267      0.159298     18405 
   2006CK28    17.72      2.850861      0.108561      0.159892     18405 
   2009DX28    17.72      2.867038      0.107637      0.160001     18405 
   2012KC59    17.72      2.859289      0.108812      0.159329     18405 
   2015HC39    17.72      2.844867      0.107676      0.160413     18405 
   2016SF29    17.72      2.840490      0.102434      0.157040     18405 
  2007UP163    17.72      2.853793      0.109748      0.160040     18405 
    2015OW4    17.73      2.855029      0.109820      0.160765     18405 
  2015OQ101    17.73      2.859217      0.106460      0.159488     18405 
  2016AY283    17.73      2.854167      0.109970      0.159601     18405 
  2016SV110    17.73      2.857809      0.107607      0.159619     18405 
  2016NK150    17.74      2.858972      0.107875      0.159251     18405 
   2012QE56    17.75      2.854442      0.107061      0.159382     18405 
   2015FA85    17.75      2.855236      0.106997      0.157966     18405 
   2015RQ51    17.76      2.862682      0.106789      0.159363     18405 
   2021VZ64    17.76      2.853485      0.106935      0.159563     18405 
     541164    17.77      2.852306      0.107629      0.158926     18405 
  2016GS302    17.77      2.850410      0.108574      0.159896     18405 
  2014WE347    17.78      2.855118      0.106236      0.159897     18405 
   2019YJ29    17.79      2.836324      0.107397      0.160146     18405 
   2009AJ56    17.80      2.850461      0.109776      0.159882     18405 
   2014WR35    17.80      2.861682      0.106005      0.160325     18405 
   2020KV42    17.80      2.856210      0.107900      0.158326     18405 
  2017QZ116    17.81      2.859985      0.107530      0.158723     18405 
  2017SE197    17.81      2.857431      0.105731      0.159339     18405 
   2020PV56    17.84      2.851100      0.109536      0.160182     18405 
  2008RC160    17.84      2.853183      0.109591      0.160314     18405 
   2014DU79    17.85      2.853299      0.109493      0.159950     18405 
  2016EW101    17.85      2.851557      0.107145      0.159743     18405 
  2016AN268    17.86      2.840974      0.106218      0.160021     18405 
   2016BX96    17.87      2.849603      0.105435      0.159458     18405 
   2017WW39    17.87      2.856021      0.109880      0.161096     18405 
  2014EC157    17.87      2.865785      0.106868      0.159487     18405 
  2016AM339    17.87      2.858576      0.109535      0.159614     18405 
   2009TV53    17.88      2.853115      0.109905      0.159391     18405 
   2020SN36    17.88      2.851559      0.106228      0.159199     18405 
  2013BA106    17.88      2.852920      0.107922      0.160028     18405 
  2013QS100    17.88      2.834499      0.106136      0.159917     18405 
  2014DN165    17.88      2.864449      0.106546      0.159543     18405 
   2016QU66    17.89      2.860844      0.110380      0.159348     18405 
  2016CZ380    17.89      2.858121      0.108832      0.160034     18405 
   2018YO12    17.90      2.859657      0.108091      0.160381     18405 
  2015PO337    17.90      2.847442      0.109098      0.159962     18405 
   2022FE11    17.91      2.836352      0.100960      0.158270     18405 
  2016AN191    17.91      2.852278      0.106554      0.160022     18405 
   2009AM59    17.93      2.852929      0.107897      0.158969     18405 
  2014QA208    17.93      2.854784      0.108515      0.158361     18405 
  2016QJ138    17.93      2.839305      0.106394      0.159888     18405 
  2013PZ118    17.94      2.858816      0.106456      0.158004     18405 
   2020HS99    17.95      2.834330      0.102883      0.157702     18405 
   2020UE33    17.95      2.850588      0.106240      0.159294     18405 
   2021QU34    17.95      2.849734      0.107720      0.157973     18405 
  2014SH246    17.95      2.851599      0.109616      0.159851     18405 
  2015XP491    17.95      2.865071      0.105091      0.159511     18405 
   2013VJ75    17.96      2.853608      0.108944      0.158935     18405 
   2014YK87    17.96      2.845507      0.106447      0.158265     18405 
   2018LS20    17.97      2.859726      0.105608      0.159463     18405 
   2019QJ34    17.97      2.856544      0.106028      0.159465     18405 
  2018VF155    17.97      2.859947      0.107448      0.158366     18405 
   2015QE39    17.98      2.854215      0.107723      0.158848     18405 
   2021QS11    17.98      2.841616      0.106774      0.159516     18405 
  2009UD190    17.99      2.855919      0.106369      0.159383     18405 
   2014QV93    18.00      2.860027      0.107610      0.158541     18405 
   2015AF73    18.00      2.859716      0.107539      0.159410     18405 
   2015AM86    18.00      2.839290      0.104084      0.157547     18405 
   2020RF22    18.01      2.856362      0.106381      0.158959     18405 
  2013HM105    18.01      2.864793      0.106126      0.159803     18405 
  2016ES306    18.01      2.856839      0.109768      0.160656     18405 
  2016GD181    18.01      2.855094      0.105299      0.159569     18405 
  2016AG337    18.02      2.865334      0.107889      0.159979     18405 
  2021TQ155    18.02      2.865407      0.107632      0.159476     18405 
  2012UX195    18.04      2.863170      0.107777      0.159594     18405 
  2016GQ211    18.04      2.858524      0.110271      0.161070     18405 
  2019JJ100    18.04      2.839792      0.106339      0.160849     18405 
  2014OA174    18.05      2.861378      0.107551      0.158889     18405 
  2015RV357    18.05      2.855151      0.106434      0.159622     18405 
   2019UZ29    18.06      2.858585      0.106702      0.159047     18405 
  2014QQ261    18.07      2.844415      0.107181      0.159605     18405 
   2016CW47    18.09      2.838834      0.106764      0.159595     18405 
  2015BS196    18.09      2.852638      0.106128      0.159818     18405 
  2015MH167    18.11      2.857637      0.107978      0.159878     18405 
  2016CB391    18.11      2.853310      0.110620      0.160961     18405 
  2016BE108    18.12      2.848845      0.105725      0.160008     18405 
  2016PR222    18.12      2.851963      0.108790      0.159714     18405 
  2020RZ100    18.13      2.858192      0.109685      0.158783     18405 
    2021NY8    18.14      2.846438      0.106292      0.159262     18405 
   2021TJ71    18.15      2.860146      0.107782      0.159740     18405 
  2013TA186    18.15      2.849397      0.106538      0.160052     18405 
  2014HZ271    18.17      2.862964      0.105791      0.158066     18405 
   2020MD37    18.18      2.859513      0.105961      0.158804     18405 
   2016PT23    18.20      2.858523      0.109630      0.159620     18405 
   2016SL42    18.20      2.867538      0.107141      0.160318     18405 
  2015MQ168    18.20      2.862534      0.106474      0.160331     18405 
  2015TS442    18.20      2.853569      0.106927      0.158883     18405 
  2015TN127    18.21      2.858925      0.106828      0.159429     18405 
  2015PQ337    18.34      2.867838      0.106362      0.158621     18405 
   2019KO49    18.36      2.855710      0.106640      0.158517     18405 
   2021UQ74    18.36      2.859132      0.106741      0.158360     18405 
  2020RR104    18.36      2.861991      0.108188      0.160059     18405 
   2020RB32    18.37      2.862296      0.108044      0.159195     18405 
  2015AE113    18.41      2.850801      0.107143      0.159851     18405 
  2015OH138    18.49      2.853764      0.107232      0.157910     18405 
