       1892    11.95      2.461728      0.100358      0.251253      1892 
      40413    13.76      2.444984      0.093911      0.253190      1892 
      67680    14.63      2.462374      0.098109      0.252322      1892 
      45837    14.66      2.454554      0.095909      0.251352      1892 
     106775    14.78      2.465863      0.097030      0.250920      1892 
      72011    14.84      2.455799      0.100693      0.252729      1892 
      93907    14.90      2.455078      0.095977      0.251582      1892 
     102493    15.02      2.457565      0.099471      0.251106      1892 
      56650    15.13      2.471786      0.100489      0.251503      1892 
      57913    15.15      2.457457      0.094471      0.251407      1892 
      81212    15.16      2.469516      0.096936      0.250937      1892 
     132667    15.17      2.457542      0.099692      0.252192      1892 
      67388    15.25      2.441562      0.096672      0.253140      1892 
      40533    15.26      2.467877      0.098004      0.250766      1892 
     154522    15.31      2.442731      0.099492      0.250080      1892 
      92528    15.50      2.450245      0.093729      0.251355      1892 
     154505    15.50      2.454767      0.094339      0.251455      1892 
     147724    15.51      2.454449      0.096382      0.251405      1892 
      95859    15.55      2.461395      0.099386      0.250930      1892 
     122852    15.55      2.453008      0.102765      0.252529      1892 
      79667    15.56      2.469417      0.100449      0.251045      1892 
     102417    15.61      2.447597      0.098536      0.251892      1892 
     125376    15.65      2.455608      0.096770      0.251312      1892 
     133244    15.71      2.448416      0.095361      0.251739      1892 
     111970    15.73      2.448419      0.095953      0.251285      1892 
     136429    15.73      2.464215      0.093345      0.251276      1892 
     138006    15.74      2.476885      0.094630      0.249791      1892 
     152316    15.74      2.472614      0.100934      0.250618      1892 
     190011    15.75      2.460925      0.099608      0.250955      1892 
     144172    15.77      2.467048      0.096259      0.251230      1892 
     265538    15.77      2.458949      0.101787      0.250397      1892 
     115014    15.79      2.451146      0.095479      0.251782      1892 
      98287    15.80      2.462686      0.091120      0.251602      1892 
     234240    15.80      2.470566      0.096850      0.250714      1892 
     268413    15.82      2.472405      0.097525      0.250712      1892 
     168614    15.88      2.479921      0.094997      0.251610      1892 
     136546    15.90      2.458442      0.094402      0.251407      1892 
     224199    15.93      2.453224      0.095058      0.251677      1892 
     206430    15.96      2.436997      0.098396      0.252700      1892 
      92826    15.97      2.437812      0.094407      0.252943      1892 
     284494    15.98      2.472266      0.099535      0.251009      1892 
     284035    16.02      2.448305      0.096651      0.251823      1892 
     134971    16.03      2.474262      0.097466      0.249437      1892 
     326667    16.04      2.447425      0.090573      0.250427      1892 
     262531    16.06      2.451938      0.094755      0.251244      1892 
     347553    16.06      2.454014      0.093187      0.251427      1892 
     263870    16.07      2.460436      0.094886      0.251049      1892 
     300387    16.07      2.448924      0.097661      0.252429      1892 
     193316    16.08      2.473354      0.095429      0.252075      1892 
     170922    16.12      2.456472      0.094304      0.251464      1892 
     339134    16.14      2.441859      0.095817      0.251883      1892 
     176779    16.16      2.471991      0.099199      0.250631      1892 
     337955    16.16      2.472293      0.092239      0.250975      1892 
     160967    16.17      2.462719      0.099428      0.251996      1892 
     360439    16.17      2.427860      0.098555      0.251978      1892 
     141774    16.18      2.434388      0.091578      0.252051      1892 
     186588    16.18      2.469121      0.097185      0.250845      1892 
     454742    16.20      2.459453      0.098093      0.251747      1892 
     149955    16.24      2.463393      0.092340      0.251528      1892 
     325149    16.24      2.478411      0.099934      0.249883      1892 
     307637    16.25      2.443108      0.094758      0.252302      1892 
     302979    16.26      2.475585      0.101478      0.251823      1892 
     277425    16.27      2.456955      0.099653      0.251116      1892 
     354899    16.27      2.470299      0.099247      0.250518      1892 
     265622    16.29      2.472842      0.100376      0.251387      1892 
     144257    16.30      2.459424      0.101012      0.251644      1892 
     166979    16.31      2.452236      0.099373      0.253981      1892 
     312681    16.31      2.442648      0.095729      0.251983      1892 
     226252    16.32      2.480073      0.092898      0.250328      1892 
     279124    16.32      2.450473      0.094201      0.251248      1892 
     300340    16.32      2.460718      0.096324      0.251949      1892 
     148555    16.33      2.450222      0.098369      0.252833      1892 
     197916    16.34      2.478878      0.097359      0.249286      1892 
     372375    16.34      2.452625      0.099350      0.252739      1892 
     281738    16.41      2.469503      0.094665      0.251495      1892 
     376851    16.43      2.479457      0.093383      0.249636      1892 
     420729    16.44      2.425653      0.093122      0.251341      1892 
     187978    16.45      2.450028      0.094960      0.251371      1892 
     303433    16.45      2.475358      0.093079      0.250995      1892 
     362221    16.45      2.445880      0.094030      0.251320      1892 
     352869    16.47      2.477680      0.095239      0.250395      1892 
     258984    16.48      2.462707      0.096343      0.251481      1892 
     351803    16.48      2.472868      0.102277      0.251686      1892 
     216612    16.49      2.448225      0.099524      0.252572      1892 
     244337    16.50      2.442460      0.095299      0.250701      1892 
     360791    16.51      2.468771      0.097010      0.250700      1892 
     277517    16.52      2.468331      0.091881      0.251866      1892 
     288280    16.52      2.451120      0.094013      0.251246      1892 
     217031    16.55      2.475666      0.089875      0.248711      1892 
     395191    16.56      2.474454      0.097901      0.250401      1892 
     290046    16.57      2.451149      0.096673      0.251961      1892 
     419730    16.58      2.476957      0.093696      0.250014      1892 
     390633    16.59      2.473666      0.101839      0.250449      1892 
     288522    16.61      2.437274      0.099554      0.251794      1892 
     291817    16.61      2.448804      0.095926      0.251739      1892 
     612886    16.62      2.461366      0.098937      0.251336      1892 
     189838    16.63      2.443436      0.095261      0.251669      1892 
     344266    16.63      2.442571      0.095523      0.251792      1892 
     353250    16.63      2.440697      0.100667      0.251191      1892 
     397881    16.64      2.476314      0.098973      0.251592      1892 
     325955    16.66      2.483377      0.094101      0.249803      1892 
     332330    16.67      2.442534      0.097002      0.251513      1892 
     434353    16.67      2.487036      0.092261      0.247842      1892 
  2006KX105    16.67      2.453749      0.101395      0.251726      1892 
     381167    16.68      2.480608      0.095664      0.248274      1892 
     540301    16.68      2.468016      0.092920      0.250398      1892 
     407331    16.71      2.438661      0.093753      0.251554      1892 
     511846    16.71      2.449841      0.095128      0.251548      1892 
   2015NT12    16.72      2.453390      0.095224      0.251514      1892 
     390867    16.73      2.444040      0.096020      0.251951      1892 
     400589    16.73      2.475413      0.097605      0.249307      1892 
     292522    16.75      2.439861      0.096858      0.251767      1892 
  2000SO350    16.75      2.437928      0.096427      0.252437      1892 
     254536    16.76      2.411735      0.096392      0.251933      1892 
     335442    16.76      2.450568      0.098899      0.252192      1892 
     380217    16.77      2.442439      0.096903      0.251717      1892 
     529866    16.77      2.446214      0.103641      0.252049      1892 
     579835    16.80      2.474465      0.097759      0.251844      1892 
     275972    16.81      2.474050      0.100231      0.251224      1892 
     412670    16.81      2.441305      0.097638      0.251262      1892 
     449638    16.81      2.460854      0.097753      0.250162      1892 
     280900    16.82      2.469886      0.094754      0.251036      1892 
     485533    16.82      2.443073      0.095267      0.251848      1892 
     508525    16.83      2.470141      0.093273      0.248988      1892 
     422438    16.84      2.461172      0.093111      0.251520      1892 
     462888    16.84      2.477975      0.096634      0.248334      1892 
     467174    16.84      2.441848      0.095368      0.251012      1892 
     594080    16.84      2.447672      0.094366      0.250611      1892 
   2014BH44    16.86      2.481242      0.099062      0.249115      1892 
     550619    16.87      2.448308      0.096049      0.251550      1892 
     196297    16.88      2.473622      0.095111      0.251678      1892 
     335752    16.88      2.474848      0.097305      0.250438      1892 
   2014JD79    16.88      2.477767      0.099720      0.249793      1892 
     343846    16.89      2.474925      0.097254      0.250897      1892 
     513110    16.89      2.482635      0.101409      0.248446      1892 
     404317    16.92      2.441202      0.094063      0.251476      1892 
     434057    16.92      2.475527      0.096208      0.249813      1892 
     359145    16.93      2.481400      0.095189      0.249768      1892 
     365228    16.93      2.438742      0.096895      0.252090      1892 
     577725    16.93      2.441360      0.099812      0.253342      1892 
    2008LG3    16.93      2.472650      0.098182      0.249823      1892 
    2012ML2    16.93      2.439736      0.097623      0.251856      1892 
     413480    16.94      2.476866      0.093555      0.250614      1892 
     365486    16.95      2.466923      0.099531      0.250217      1892 
     369075    16.95      2.479736      0.104498      0.251457      1892 
     411242    16.95      2.439396      0.097181      0.252258      1892 
     412181    16.95      2.434313      0.098913      0.251823      1892 
     327852    16.96      2.470796      0.094229      0.251720      1892 
     388511    16.96      2.477955      0.103188      0.251566      1892 
     370077    16.97      2.476134      0.095119      0.250467      1892 
     386905    16.98      2.477298      0.100198      0.249590      1892 
     389845    16.98      2.449164      0.100203      0.252653      1892 
     420316    16.99      2.446760      0.098302      0.252099      1892 
     423396    16.99      2.438477      0.097990      0.252103      1892 
     437320    16.99      2.439426      0.096678      0.251498      1892 
     479394    16.99      2.452772      0.096931      0.251370      1892 
    2015MR4    16.99      2.472580      0.090572      0.247769      1892 
     472109    17.01      2.472653      0.105636      0.252155      1892 
     538995    17.01      2.444136      0.095784      0.250468      1892 
     345750    17.02      2.433089      0.097349      0.251533      1892 
     394447    17.02      2.458039      0.096513      0.251090      1892 
     463182    17.02      2.455725      0.094944      0.251702      1892 
     500955    17.02      2.441732      0.099040      0.252035      1892 
     325562    17.03      2.446095      0.098418      0.251597      1892 
     556167    17.03      2.478084      0.103988      0.250759      1892 
     567845    17.03      2.435751      0.097829      0.251965      1892 
     323041    17.05      2.444992      0.094682      0.251521      1892 
     339066    17.05      2.479285      0.097647      0.251682      1892 
  2016TO101    17.05      2.479835      0.097800      0.249367      1892 
     436184    17.06      2.474119      0.094032      0.249921      1892 
     490257    17.07      2.471565      0.099040      0.249284      1892 
     170388    17.08      2.448256      0.095325      0.251186      1892 
  2002VB153    17.08      2.441202      0.097132      0.251542      1892 
     538193    17.09      2.438686      0.096050      0.251562      1892 
     552442    17.09      2.482322      0.099157      0.249636      1892 
   2015GF23    17.09      2.404882      0.094702      0.251251      1892 
     426706    17.10      2.449712      0.102422      0.251894      1892 
     465363    17.10      2.472785      0.100466      0.251145      1892 
     550009    17.10      2.476848      0.093439      0.249888      1892 
   2015RX72    17.10      2.475727      0.098344      0.250881      1892 
     304817    17.12      2.477186      0.097376      0.251073      1892 
     379228    17.12      2.470098      0.103126      0.248745      1892 
     381749    17.12      2.438215      0.099179      0.252545      1892 
     478586    17.12      2.442603      0.099413      0.253055      1892 
     597113    17.12      2.472800      0.096921      0.250576      1892 
     430943    17.13      2.480051      0.092033      0.250109      1892 
     268314    17.14      2.453724      0.095105      0.251449      1892 
     356322    17.14      2.467715      0.091407      0.251288      1892 
     534110    17.14      2.442741      0.094773      0.252132      1892 
   2008KO37    17.14      2.480178      0.106369      0.252549      1892 
     463827    17.15      2.452280      0.095350      0.251551      1892 
     370445    17.16      2.439792      0.097614      0.252079      1892 
     393721    17.16      2.447627      0.103162      0.252285      1892 
   2013YW85    17.16      2.447696      0.095540      0.251740      1892 
     482482    17.17      2.466531      0.098059      0.251246      1892 
     486452    17.17      2.482543      0.097516      0.249501      1892 
     505134    17.17      2.436834      0.095995      0.251719      1892 
     517322    17.17      2.477366      0.101583      0.250719      1892 
     363326    17.18      2.444286      0.099114      0.252284      1892 
     478455    17.18      2.433728      0.093932      0.251314      1892 
     514925    17.18      2.474976      0.101774      0.250164      1892 
   2007YC31    17.18      2.477087      0.099765      0.250623      1892 
  2015FU390    17.18      2.466462      0.098851      0.250574      1892 
     440746    17.19      2.455364      0.094523      0.251532      1892 
     416833    17.20      2.464311      0.100859      0.250499      1892 
     305729    17.21      2.476364      0.097776      0.249745      1892 
     491060    17.21      2.450717      0.096495      0.251648      1892 
     606447    17.22      2.480386      0.092215      0.250035      1892 
   2014AV26    17.22      2.467998      0.097864      0.251590      1892 
     327215    17.23      2.442520      0.094711      0.251712      1892 
     378670    17.23      2.457222      0.095936      0.249883      1892 
     420571    17.23      2.431037      0.098136      0.252407      1892 
     481812    17.23      2.445500      0.097305      0.252404      1892 
     565874    17.23      2.487942      0.099487      0.246999      1892 
     598392    17.23      2.436786      0.098600      0.251564      1892 
   2016RR60    17.23      2.482700      0.096133      0.249554      1892 
     461958    17.25      2.437311      0.098952      0.251789      1892 
     469614    17.26      2.487791      0.099610      0.250931      1892 
  2008UG160    17.26      2.432498      0.101116      0.252385      1892 
     568488    17.27      2.480688      0.099520      0.248740      1892 
     596961    17.27      2.443840      0.095892      0.251209      1892 
   2014GF11    17.27      2.479993      0.094344      0.249109      1892 
     474598    17.29      2.446946      0.094689      0.252007      1892 
     567859    17.29      2.432751      0.098446      0.252130      1892 
   2009UE27    17.29      2.444952      0.095470      0.251806      1892 
     469299    17.30      2.476752      0.103457      0.250831      1892 
     548494    17.30      2.426237      0.097037      0.255310      1892 
   2015PZ20    17.30      2.482342      0.094213      0.250005      1892 
     304894    17.31      2.437294      0.096221      0.251014      1892 
     535479    17.31      2.439986      0.100889      0.253151      1892 
     496167    17.32      2.432904      0.101773      0.253449      1892 
    2017AM6    17.32      2.432384      0.098414      0.252701      1892 
  2007VR324    17.32      2.482607      0.099578      0.249102      1892 
     458956    17.33      2.401893      0.097233      0.254166      1892 
     513713    17.33      2.482667      0.092691      0.248024      1892 
     549677    17.34      2.457252      0.099167      0.250711      1892 
   2015UL80    17.34      2.444021      0.095685      0.252124      1892 
  2007TO471    17.34      2.434763      0.097629      0.251734      1892 
     432974    17.35      2.441876      0.096247      0.251658      1892 
     510223    17.35      2.439338      0.096491      0.251871      1892 
   2003YB46    17.35      2.455971      0.100465      0.251661      1892 
  2008SA169    17.35      2.478364      0.101079      0.251100      1892 
  2013YC102    17.35      2.447670      0.094464      0.250590      1892 
     484636    17.36      2.439360      0.096956      0.251457      1892 
     456227    17.37      2.437284      0.101957      0.253400      1892 
     561553    17.37      2.458536      0.100324      0.250770      1892 
  2002RV152    17.37      2.485483      0.098626      0.247521      1892 
     524956    17.38      2.423307      0.098885      0.252933      1892 
     486169    17.39      2.475813      0.096503      0.249762      1892 
     506954    17.39      2.467576      0.094046      0.252366      1892 
  2015FW286    17.39      2.429747      0.094449      0.251615      1892 
     395766    17.40      2.472671      0.101340      0.251645      1892 
     409837    17.40      2.456895      0.097533      0.250853      1892 
     473291    17.40      2.450297      0.099114      0.252814      1892 
     430906    17.41      2.436873      0.101104      0.251438      1892 
     435636    17.41      2.443428      0.098033      0.250747      1892 
     493828    17.41      2.473561      0.101045      0.251516      1892 
     508137    17.41      2.450767      0.100973      0.251898      1892 
     516686    17.41      2.482665      0.097218      0.250963      1892 
     582862    17.41      2.450974      0.099948      0.251736      1892 
     614717    17.41      2.478735      0.103356      0.250921      1892 
   2016PH28    17.41      2.446900      0.099338      0.251860      1892 
   2018SA11    17.41      2.429848      0.096934      0.251829      1892 
  2015FZ214    17.41      2.460172      0.096451      0.250602      1892 
     434515    17.42      2.413156      0.097586      0.250219      1892 
     453061    17.42      2.449080      0.096888      0.251626      1892 
     512517    17.42      2.478073      0.100194      0.251096      1892 
     522843    17.42      2.450373      0.094656      0.251003      1892 
     416826    17.43      2.475591      0.092813      0.251215      1892 
     522687    17.43      2.475934      0.091915      0.251027      1892 
     551173    17.43      2.426239      0.096730      0.253024      1892 
    2011MR8    17.43      2.429780      0.097658      0.251676      1892 
  2006SW127    17.43      2.415050      0.094525      0.250956      1892 
     532554    17.44      2.439433      0.099418      0.252505      1892 
     556358    17.44      2.475786      0.100209      0.249241      1892 
     562877    17.44      2.475004      0.094505      0.250138      1892 
     572521    17.44      2.437809      0.098798      0.251980      1892 
   2006YR57    17.44      2.442763      0.097299      0.252078      1892 
  2008TN102    17.44      2.454896      0.096212      0.250136      1892 
     535323    17.45      2.434336      0.093491      0.253941      1892 
     541505    17.45      2.431704      0.098966      0.252043      1892 
     576075    17.45      2.455453      0.099613      0.253265      1892 
     592877    17.45      2.474854      0.099116      0.251362      1892 
   2006YC44    17.45      2.478390      0.094777      0.249973      1892 
   2015PX50    17.45      2.435935      0.091617      0.252046      1892 
  2007VR206    17.45      2.455384      0.097040      0.251484      1892 
     492199    17.46      2.448655      0.095064      0.251326      1892 
     605423    17.46      2.470308      0.090213      0.251083      1892 
   2009PS22    17.46      2.439605      0.096444      0.252304      1892 
   2016FM63    17.46      2.482103      0.095614      0.249894      1892 
   2017PE52    17.46      2.484312      0.100737      0.248521      1892 
  2005UK526    17.46      2.446021      0.097580      0.251114      1892 
     551405    17.47      2.481115      0.101138      0.249420      1892 
   2003JT19    17.47      2.468164      0.103685      0.249976      1892 
   2008VN23    17.47      2.456337      0.096981      0.251475      1892 
   2014JD63    17.47      2.459445      0.093969      0.250126      1892 
   2017BO17    17.47      2.438645      0.098176      0.251893      1892 
  2014WX514    17.47      2.475877      0.098631      0.251352      1892 
   2013TH52    17.48      2.443186      0.094215      0.251648      1892 
  2002TY316    17.48      2.439697      0.093396      0.251658      1892 
     574667    17.49      2.481653      0.099112      0.249750      1892 
     577653    17.49      2.449625      0.102129      0.252072      1892 
     591415    17.49      2.478993      0.098337      0.247892      1892 
  2014SE170    17.49      2.464400      0.097684      0.251557      1892 
     486225    17.50      2.444259      0.096783      0.251513      1892 
     519949    17.50      2.441338      0.097467      0.250598      1892 
    2017AL8    17.50      2.483824      0.095692      0.249231      1892 
  2000CO154    17.50      2.448691      0.102122      0.252727      1892 
  2014OC388    17.50      2.459835      0.096993      0.250962      1892 
  2015VZ159    17.50      2.469213      0.094677      0.251080      1892 
     431393    17.51      2.470600      0.096331      0.250798      1892 
     568075    17.51      2.479084      0.102886      0.252685      1892 
     582632    17.51      2.482989      0.097585      0.249671      1892 
     594072    17.51      2.478093      0.099792      0.248892      1892 
   2019RO86    17.51      2.456909      0.097963      0.250120      1892 
     541508    17.52      2.479697      0.101078      0.251777      1892 
     543612    17.52      2.437731      0.095640      0.252245      1892 
     570680    17.52      2.443425      0.095425      0.251477      1892 
   2012XB14    17.52      2.476880      0.093758      0.249581      1892 
  2014QG568    17.52      2.470013      0.100989      0.251717      1892 
     583007    17.53      2.460619      0.096141      0.251290      1892 
     592518    17.53      2.456539      0.099700      0.251285      1892 
  2005EB243    17.53      2.487684      0.096153      0.247057      1892 
  2016GQ240    17.53      2.438483      0.097200      0.251672      1892 
     409839    17.54      2.443986      0.094629      0.252005      1892 
     495401    17.54      2.428207      0.099444      0.252634      1892 
     501087    17.54      2.480349      0.100064      0.253632      1892 
     505394    17.54      2.480929      0.096623      0.251162      1892 
     539248    17.54      2.477543      0.095702      0.250148      1892 
     546940    17.54      2.435344      0.096571      0.252035      1892 
   2010XQ96    17.54      2.476732      0.095312      0.250568      1892 
   2011VX27    17.54      2.483269      0.100113      0.249784      1892 
   2015UK59    17.54      2.480960      0.103922      0.251931      1892 
     539044    17.55      2.477708      0.099354      0.249444      1892 
     534057    17.56      2.438227      0.095695      0.251610      1892 
  2008ER118    17.56      2.426889      0.096762      0.252654      1892 
     465642    17.57      2.476910      0.095530      0.248512      1892 
     553784    17.57      2.449711      0.096808      0.251757      1892 
     570390    17.57      2.438711      0.097005      0.252007      1892 
     615937    17.57      2.431366      0.100974      0.251070      1892 
   2011QY29    17.57      2.429802      0.098574      0.251981      1892 
     507272    17.58      2.428170      0.096907      0.251408      1892 
     518877    17.58      2.443812      0.102156      0.252841      1892 
  2008GG123    17.58      2.426171      0.097025      0.250684      1892 
     542491    17.59      2.474420      0.101641      0.249579      1892 
   2010XE21    17.59      2.443668      0.097460      0.252312      1892 
     500151    17.60      2.446147      0.095149      0.252021      1892 
     524823    17.60      2.481175      0.103982      0.251348      1892 
  2017DC113    17.60      2.478257      0.092092      0.248600      1892 
     452211    17.61      2.451124      0.097682      0.252738      1892 
     594853    17.61      2.414905      0.096399      0.252577      1892 
     364249    17.62      2.448283      0.094976      0.251461      1892 
     507243    17.62      2.461343      0.099401      0.251388      1892 
     549567    17.62      2.443908      0.097733      0.251561      1892 
   2012XE60    17.62      2.437034      0.100555      0.251504      1892 
     532119    17.63      2.440834      0.094534      0.251458      1892 
     539088    17.63      2.445392      0.094239      0.251065      1892 
   2008KT32    17.63      2.423775      0.099352      0.253012      1892 
  2016EE116    17.63      2.429803      0.095320      0.252559      1892 
   2004RJ25    17.64      2.440862      0.100166      0.250990      1892 
     378671    17.65      2.436285      0.098591      0.251730      1892 
     576108    17.65      2.479617      0.102333      0.250569      1892 
     603705    17.65      2.463932      0.093387      0.251838      1892 
  2015HC226    17.65      2.484180      0.098742      0.248487      1892 
     589230    17.66      2.445412      0.096465      0.251706      1892 
   2015FO23    17.66      2.444298      0.094730      0.251709      1892 
   2017TS11    17.66      2.471412      0.096638      0.251442      1892 
   2018NA14    17.66      2.444461      0.097957      0.253095      1892 
  2008SS290    17.66      2.446119      0.101990      0.252920      1892 
     543892    17.67      2.419189      0.091763      0.254014      1892 
   2005UR34    17.67      2.422314      0.097076      0.251296      1892 
   2015GS23    17.67      2.461711      0.098414      0.252281      1892 
  2011WC148    17.67      2.451366      0.100163      0.251895      1892 
  2015AR239    17.67      2.428587      0.098689      0.252257      1892 
   2006HW86    17.68      2.449808      0.102043      0.252132      1892 
   2011LU32    17.68      2.466024      0.097411      0.250209      1892 
   2015MM58    17.68      2.488457      0.098974      0.253738      1892 
  2000ED210    17.68      2.469747      0.093831      0.251058      1892 
  2005UJ333    17.68      2.468050      0.101827      0.249062      1892 
  2008UM421    17.68      2.469953      0.099748      0.250225      1892 
     352904    17.69      2.482958      0.097229      0.250290      1892 
     532054    17.69      2.483308      0.094930      0.251148      1892 
     549716    17.69      2.447696      0.096495      0.251502      1892 
     573596    17.69      2.422633      0.100714      0.252751      1892 
    2017AO6    17.69      2.453541      0.101112      0.252005      1892 
   2008AJ86    17.69      2.470721      0.097586      0.250935      1892 
   2012PV31    17.69      2.431137      0.098623      0.252389      1892 
  2011UP470    17.69      2.445970      0.100412      0.253129      1892 
  2014WL373    17.69      2.442653      0.099330      0.251527      1892 
     447141    17.70      2.477094      0.099547      0.250055      1892 
     521593    17.70      2.442072      0.102133      0.249894      1892 
     579968    17.70      2.436190      0.097575      0.251154      1892 
    2012SE8    17.70      2.477311      0.100680      0.251006      1892 
   2006YW56    17.70      2.432541      0.097150      0.252291      1892 
   2016LL60    17.70      2.473066      0.096253      0.252057      1892 
  2003WW201    17.70      2.449169      0.100414      0.252558      1892 
  2005UN249    17.70      2.456941      0.098013      0.250835      1892 
  2007TF459    17.70      2.483891      0.099174      0.251281      1892 
  2008UH195    17.70      2.442863      0.095556      0.251462      1892 
  2014QQ495    17.70      2.449959      0.097564      0.251434      1892 
  2014WB489    17.70      2.465137      0.096104      0.250759      1892 
     492466    17.71      2.474187      0.099051      0.250576      1892 
   2015GS67    17.71      2.438401      0.097661      0.251274      1892 
  2002VT144    17.71      2.435328      0.093695      0.251307      1892 
  2003WU200    17.71      2.479891      0.092955      0.248815      1892 
     2011HD    17.72      2.474903      0.090679      0.250716      1892 
    2004SE8    17.72      2.428361      0.100818      0.253664      1892 
   2006UC82    17.72      2.441429      0.095419      0.251631      1892 
  2008ST318    17.72      2.484966      0.095995      0.248049      1892 
     525980    17.73      2.434338      0.096161      0.252147      1892 
     572115    17.73      2.453744      0.097258      0.250244      1892 
   2006AM53    17.73      2.444746      0.102486      0.250007      1892 
   2006KH55    17.73      2.462637      0.098665      0.252607      1892 
  2007TK333    17.73      2.440360      0.097827      0.252383      1892 
  2010FW137    17.73      2.428694      0.096813      0.251649      1892 
  2015FT368    17.73      2.434757      0.097155      0.252267      1892 
     538720    17.74      2.448810      0.089443      0.251155      1892 
     605711    17.74      2.443994      0.095723      0.251038      1892 
  2015PM275    17.74      2.428606      0.099265      0.252364      1892 
     556015    17.75      2.440657      0.098598      0.251728      1892 
    2013YL7    17.75      2.482933      0.106438      0.250973      1892 
    2018SW6    17.75      2.426442      0.097814      0.254758      1892 
   2000TP79    17.75      2.445706      0.093901      0.250869      1892 
   2015BQ82    17.75      2.415349      0.096280      0.253175      1892 
  2000WG203    17.75      2.447159      0.097230      0.252710      1892 
   2008KN49    17.76      2.450581      0.097647      0.251429      1892 
   2018BS33    17.76      2.469264      0.100341      0.250042      1892 
  2014QY528    17.76      2.458786      0.097460      0.252155      1892 
     583115    17.77      2.439614      0.099172      0.251835      1892 
   2007GE65    17.77      2.479735      0.097388      0.249877      1892 
   2015BV14    17.77      2.475179      0.101960      0.251465      1892 
   2015KT12    17.77      2.484733      0.103218      0.251798      1892 
     481815    17.79      2.454719      0.095695      0.251511      1892 
     498496    17.79      2.444159      0.096313      0.251760      1892 
     523993    17.79      2.442941      0.103281      0.253098      1892 
     531104    17.79      2.418295      0.098589      0.252764      1892 
   2007WS67    17.80      2.483225      0.097915      0.248941      1892 
  2003SB452    17.80      2.480112      0.091139      0.249450      1892 
  2006HF155    17.80      2.470972      0.102652      0.252009      1892 
  2008YX181    17.80      2.444980      0.092963      0.249573      1892 
  2014QX528    17.80      2.423141      0.101587      0.253587      1892 
     556109    17.81      2.434346      0.098105      0.252052      1892 
   2011YO22    17.81      2.478535      0.097017      0.249598      1892 
   2017CA43    17.81      2.477911      0.098656      0.248887      1892 
   2017TG25    17.81      2.472769      0.095574      0.250528      1892 
     473285    17.82      2.428930      0.096727      0.252489      1892 
   2007TR53    17.82      2.450089      0.094168      0.251818      1892 
   2021CL31    17.82      2.440150      0.095932      0.251260      1892 
  2010XL102    17.82      2.460546      0.096790      0.250697      1892 
     541669    17.83      2.432604      0.093963      0.251293      1892 
   2006XY80    17.83      2.453796      0.099306      0.251640      1892 
   2019OU23    17.83      2.442638      0.098584      0.251742      1892 
   2014UX87    17.84      2.483814      0.095464      0.249041      1892 
   2016RJ46    17.84      2.478182      0.094331      0.249634      1892 
   2017PK30    17.84      2.484241      0.101777      0.249632      1892 
   2019LA15    17.84      2.480035      0.091577      0.249816      1892 
  2014OT256    17.84      2.481028      0.101328      0.250796      1892 
  2015BB465    17.84      2.430579      0.099524      0.252627      1892 
     416092    17.85      2.428243      0.099351      0.252298      1892 
     541626    17.85      2.441562      0.094582      0.249881      1892 
     548379    17.85      2.487238      0.099839      0.247481      1892 
   2007TX32    17.85      2.430712      0.097934      0.251881      1892 
   2009VJ42    17.85      2.424176      0.101394      0.251727      1892 
   2011LF31    17.85      2.436515      0.100590      0.251304      1892 
   2015FH65    17.85      2.451199      0.097092      0.251265      1892 
   2016DS31    17.85      2.446772      0.096335      0.251822      1892 
   2017WF52    17.85      2.482489      0.095485      0.248701      1892 
  2008UR127    17.85      2.426174      0.097031      0.253183      1892 
  2012VL111    17.85      2.454542      0.097602      0.250988      1892 
   2007MU29    17.86      2.467454      0.098826      0.251184      1892 
  2016UJ260    17.86      2.450932      0.096756      0.251680      1892 
  2017FT185    17.86      2.434892      0.100058      0.252243      1892 
     592448    17.87      2.463294      0.097987      0.250504      1892 
   2018VQ73    17.87      2.445927      0.100437      0.252412      1892 
  2012TK346    17.87      2.425885      0.095970      0.252906      1892 
  2013WA131    17.87      2.429065      0.098764      0.249754      1892 
     549698    17.88      2.445721      0.104122      0.252902      1892 
     592572    17.88      2.443129      0.098336      0.251316      1892 
   2007LF27    17.88      2.439321      0.094085      0.251561      1892 
   2007WR68    17.88      2.430988      0.095630      0.251202      1892 
   2012VV69    17.88      2.426342      0.097326      0.251679      1892 
   2018PV43    17.88      2.426653      0.095163      0.252588      1892 
   2018YM13    17.88      2.436180      0.097340      0.251989      1892 
  2011UR472    17.88      2.427209      0.102056      0.251264      1892 
  2014QF517    17.88      2.435301      0.100079      0.252334      1892 
  2015TD367    17.88      2.421981      0.099070      0.251449      1892 
     605646    17.89      2.420413      0.094650      0.252649      1892 
   2013JK51    17.89      2.435240      0.100345      0.250894      1892 
   2017FX55    17.89      2.472370      0.097630      0.250755      1892 
   2018XL29    17.89      2.478397      0.100649      0.252209      1892 
  2010VX249    17.89      2.416031      0.095052      0.253930      1892 
  2017FA177    17.89      2.455054      0.097328      0.251190      1892 
     578258    17.90      2.425563      0.098828      0.252180      1892 
    2006TQ1    17.90      2.431956      0.100611      0.252272      1892 
   2006KK62    17.90      2.445487      0.099449      0.252808      1892 
   2010VR12    17.90      2.438592      0.099193      0.250928      1892 
   2012AR30    17.90      2.480137      0.094418      0.250463      1892 
     522604    17.91      2.421306      0.095891      0.252362      1892 
     536926    17.91      2.476052      0.096576      0.249084      1892 
     552683    17.91      2.430904      0.094487      0.250090      1892 
     560984    17.91      2.440702      0.097937      0.251982      1892 
     601839    17.91      2.485257      0.103596      0.250051      1892 
   2014NG89    17.91      2.443117      0.095217      0.252115      1892 
   2015PD35    17.91      2.460156      0.094032      0.252000      1892 
  2015DY103    17.91      2.423402      0.096198      0.252933      1892 
  2015HS193    17.91      2.481737      0.103671      0.253150      1892 
     547284    17.92      2.428498      0.098569      0.252403      1892 
     556719    17.92      2.458986      0.097288      0.250852      1892 
   2012QA11    17.92      2.418463      0.094415      0.252648      1892 
   2013PJ72    17.92      2.426002      0.099194      0.252294      1892 
   2016SH65    17.92      2.482479      0.093355      0.248740      1892 
  2010RJ201    17.92      2.413532      0.090302      0.253353      1892 
  2012UQ248    17.92      2.434344      0.102519      0.252908      1892 
    2004FA7    17.93      2.415337      0.096042      0.251938      1892 
   2016BQ84    17.93      2.436895      0.099090      0.251672      1892 
   2021RO52    17.93      2.448803      0.095203      0.251132      1892 
  2014HR187    17.93      2.440790      0.097519      0.252080      1892 
     562031    17.94      2.421432      0.097508      0.253328      1892 
   2005JK41    17.94      2.446245      0.099757      0.248989      1892 
   2008VS93    17.94      2.470525      0.105104      0.250379      1892 
   2013NT64    17.94      2.464329      0.096590      0.251819      1892 
   2017SX56    17.94      2.474874      0.097521      0.251739      1892 
  2015AL182    17.94      2.431078      0.098504      0.251848      1892 
    2016OV5    17.95      2.440574      0.098910      0.251388      1892 
   2016NK92    17.95      2.423130      0.096029      0.252077      1892 
  2002CR321    17.95      2.460714      0.097724      0.251860      1892 
  2002EW166    17.95      2.442475      0.096256      0.251994      1892 
  2008WH151    17.95      2.435919      0.095007      0.252096      1892 
  2012BU175    17.95      2.465677      0.095627      0.252215      1892 
  2012VS137    17.95      2.469074      0.099380      0.249988      1892 
  2015XO173    17.95      2.429780      0.093179      0.252584      1892 
  2017UD141    17.95      2.410858      0.093910      0.251892      1892 
     554957    17.96      2.469546      0.097775      0.251190      1892 
   2012JP28    17.96      2.440479      0.098398      0.251800      1892 
   2016NB27    17.96      2.470232      0.100815      0.251802      1892 
  2014KB125    17.96      2.429357      0.094344      0.251134      1892 
  2014QH263    17.96      2.426048      0.096691      0.251994      1892 
     521493    17.97      2.443437      0.101714      0.252161      1892 
     522511    17.97      2.425242      0.096490      0.251804      1892 
    2000VA1    17.97      2.445623      0.099112      0.251884      1892 
   2015MN55    17.97      2.483742      0.102625      0.249604      1892 
   2017HJ67    17.97      2.474608      0.101050      0.251326      1892 
  2013YW163    17.97      2.443257      0.095015      0.251825      1892 
  2015TK278    17.97      2.445467      0.099859      0.250984      1892 
  2017SG215    17.97      2.443386      0.097202      0.251744      1892 
    2012SE3    17.98      2.447609      0.096005      0.250658      1892 
   2008XF23    17.98      2.445427      0.097461      0.251232      1892 
  2008UB245    17.98      2.478702      0.097341      0.250594      1892 
     591410    17.99      2.445811      0.100690      0.252318      1892 
   2004TQ57    17.99      2.435731      0.098361      0.251105      1892 
   2012PX46    17.99      2.463676      0.096164      0.251325      1892 
   2013WR21    17.99      2.436517      0.091503      0.252000      1892 
   2014NP71    17.99      2.458004      0.096427      0.250969      1892 
  2015MQ152    17.99      2.441627      0.097916      0.252200      1892 
  2016AN163    17.99      2.485283      0.094763      0.248374      1892 
  2016GH313    17.99      2.480981      0.100734      0.249830      1892 
     488459    18.00      2.452377      0.099553      0.252665      1892 
     613358    18.00      2.437891      0.100943      0.250579      1892 
   2018CC22    18.00      2.421461      0.099647      0.252453      1892 
     540360    18.01      2.437824      0.096939      0.250898      1892 
   2009CD73    18.01      2.442360      0.097026      0.251800      1892 
  2009HZ127    18.01      2.442651      0.102317      0.251759      1892 
  2014WD601    18.01      2.446824      0.094789      0.249725      1892 
     552931    18.02      2.428742      0.093955      0.252113      1892 
     611575    18.02      2.431041      0.098074      0.252182      1892 
   2008VH58    18.02      2.457730      0.097977      0.251249      1892 
   2019NA60    18.02      2.449492      0.102479      0.250898      1892 
  2015XG266    18.02      2.413817      0.101357      0.252613      1892 
   2013OS13    18.03      2.418551      0.092652      0.252168      1892 
   2016EX91    18.03      2.445570      0.093097      0.250935      1892 
  2015BA161    18.03      2.452825      0.100509      0.252116      1892 
  2016CK213    18.03      2.434596      0.098007      0.251402      1892 
     589943    18.04      2.423919      0.096620      0.253553      1892 
   2016LE19    18.04      2.425710      0.102128      0.251966      1892 
  2015PY169    18.04      2.441939      0.097273      0.248897      1892 
   2015LV55    18.05      2.462620      0.099096      0.249785      1892 
  2007VJ285    18.05      2.464799      0.099798      0.250769      1892 
   2016WN70    18.06      2.469569      0.100088      0.251908      1892 
   2019QX79    18.06      2.444985      0.099183      0.252441      1892 
   2021GB89    18.06      2.476255      0.097406      0.249495      1892 
  2000CR130    18.06      2.414545      0.092775      0.251564      1892 
     548505    18.07      2.423063      0.101132      0.252735      1892 
     615866    18.07      2.442624      0.095978      0.251910      1892 
    2015RA6    18.07      2.456910      0.098423      0.251416      1892 
   2005SY80    18.07      2.425327      0.097590      0.251489      1892 
   2008LE19    18.07      2.441924      0.103421      0.251522      1892 
   2013SU40    18.07      2.483048      0.106229      0.251872      1892 
   2020XO11    18.07      2.475867      0.098168      0.250196      1892 
     470979    18.08      2.414915      0.093408      0.253504      1892 
     556233    18.08      2.454279      0.099666      0.251633      1892 
     591402    18.08      2.438130      0.095198      0.251707      1892 
     603275    18.08      2.446818      0.095387      0.252058      1892 
     608059    18.08      2.437373      0.104708      0.252718      1892 
   2015AJ12    18.08      2.476026      0.093897      0.250450      1892 
   2015FJ28    18.08      2.483352      0.101079      0.249878      1892 
   2016ER10    18.08      2.433222      0.094402      0.251221      1892 
  2010VU277    18.08      2.441109      0.094602      0.251871      1892 
     469607    18.09      2.415583      0.098351      0.252616      1892 
     539127    18.09      2.482464      0.104649      0.249400      1892 
   2008DF72    18.09      2.431486      0.097644      0.252034      1892 
   2016EE26    18.09      2.477409      0.100378      0.251045      1892 
  2010RE107    18.09      2.452522      0.100620      0.252431      1892 
  2010VW252    18.09      2.462329      0.099123      0.252077      1892 
     603520    18.10      2.431260      0.100005      0.251687      1892 
    2019XC8    18.10      2.446080      0.098161      0.251513      1892 
   2016GF71    18.10      2.474651      0.096489      0.250994      1892 
   2017RB71    18.10      2.464424      0.102758      0.252556      1892 
  2011UW489    18.10      2.469911      0.100180      0.250614      1892 
  2015XX295    18.10      2.438186      0.097488      0.251936      1892 
  2016AJ232    18.10      2.448763      0.098180      0.252752      1892 
    2014QK5    18.11      2.477637      0.096432      0.251629      1892 
   2011KE48    18.11      2.462412      0.098807      0.252837      1892 
   2011UZ71    18.11      2.472592      0.099011      0.250731      1892 
   2015UE23    18.11      2.436250      0.097577      0.251963      1892 
   2018XV31    18.11      2.432252      0.100525      0.250922      1892 
   2022CJ23    18.11      2.478744      0.094597      0.248648      1892 
  2014QW279    18.11      2.483907      0.100593      0.251452      1892 
  2015FK366    18.11      2.427750      0.096428      0.252163      1892 
  2016EK164    18.11      2.414645      0.089310      0.252568      1892 
  2016EK269    18.11      2.465429      0.095804      0.251480      1892 
     514764    18.12      2.437894      0.095940      0.251354      1892 
   2017NU20    18.12      2.483032      0.097447      0.249398      1892 
  2014UH207    18.12      2.433998      0.100902      0.253101      1892 
     556070    18.13      2.433194      0.095033      0.251763      1892 
   2011FF75    18.13      2.439801      0.097073      0.251068      1892 
   2019OD41    18.13      2.450774      0.096390      0.251443      1892 
  2008CP104    18.13      2.473006      0.103438      0.252245      1892 
     553549    18.14      2.478316      0.097905      0.250346      1892 
   2007BK35    18.14      2.439208      0.096719      0.251720      1892 
   2014AM66    18.14      2.427840      0.099256      0.253301      1892 
   2016CU94    18.14      2.418377      0.098586      0.252359      1892 
   2016LG20    18.14      2.436895      0.097485      0.252224      1892 
  2015BZ569    18.14      2.437526      0.095290      0.252040      1892 
  2015PM213    18.14      2.440530      0.095791      0.251295      1892 
   2011YY95    18.15      2.434295      0.100458      0.251650      1892 
   2014BR88    18.15      2.473347      0.097836      0.251523      1892 
   2014SC78    18.15      2.449375      0.098788      0.250941      1892 
   2016LE80    18.15      2.472779      0.100822      0.248139      1892 
   2016SE92    18.15      2.436767      0.095006      0.251824      1892 
   2017XC73    18.15      2.429794      0.097643      0.252163      1892 
   2018BS40    18.15      2.426496      0.098114      0.252182      1892 
   2018KA15    18.15      2.453146      0.097632      0.252095      1892 
   2019AF68    18.15      2.432235      0.103433      0.253326      1892 
  2009SG420    18.15      2.443866      0.098586      0.252947      1892 
   2012BJ66    18.16      2.434845      0.096886      0.250678      1892 
   2015CJ43    18.16      2.434360      0.094377      0.250106      1892 
   2015TK33    18.16      2.443373      0.090916      0.250205      1892 
   2015XD72    18.16      2.469548      0.090815      0.252020      1892 
   2016WJ11    18.16      2.462532      0.099568      0.251763      1892 
   2018TY34    18.16      2.488119      0.092379      0.246533      1892 
  2005UK525    18.16      2.430779      0.097091      0.251348      1892 
  2008AK155    18.16      2.433069      0.094323      0.251231      1892 
  2013SX107    18.16      2.487195      0.100936      0.250851      1892 
    2015FV9    18.17      2.454400      0.095220      0.251559      1892 
    2020MW9    18.18      2.458424      0.100596      0.252486      1892 
   2006YH25    18.18      2.468793      0.101577      0.249166      1892 
   2012JJ47    18.18      2.429162      0.095390      0.250917      1892 
   2016GK30    18.18      2.439507      0.104018      0.252194      1892 
  2015VO190    18.18      2.476267      0.097519      0.251481      1892 
  2017RD104    18.18      2.456488      0.097139      0.251622      1892 
  2019JO112    18.18      2.448149      0.098175      0.251466      1892 
  2021RH177    18.18      2.486517      0.096224      0.247607      1892 
   2015LQ27    18.19      2.473450      0.100190      0.250054      1892 
   2000JR96    18.20      2.439954      0.097784      0.252365      1892 
   2013PD42    18.20      2.442894      0.100120      0.252838      1892 
   2014YT74    18.20      2.428904      0.101990      0.252015      1892 
   2017VL46    18.20      2.437566      0.098105      0.252018      1892 
   2017YP59    18.20      2.475839      0.100588      0.252062      1892 
  2008UJ181    18.20      2.483500      0.101082      0.250204      1892 
  2012TL262    18.20      2.436283      0.100209      0.251011      1892 
  2017UG120    18.20      2.436057      0.100173      0.252019      1892 
     520278    18.21      2.447710      0.095173      0.250759      1892 
     591366    18.21      2.450483      0.100895      0.251991      1892 
   1995UA73    18.21      2.467115      0.092586      0.250848      1892 
   2011DL32    18.21      2.471095      0.095901      0.250488      1892 
   2013PG51    18.21      2.427770      0.098320      0.251218      1892 
   2020HR28    18.21      2.463942      0.100221      0.251767      1892 
  2011SC346    18.21      2.465096      0.097754      0.250681      1892 
  2011SO287    18.21      2.415181      0.095098      0.253981      1892 
  2014OC317    18.21      2.430645      0.096503      0.252157      1892 
  2014OJ100    18.21      2.457453      0.101539      0.253216      1892 
  2017QN132    18.21      2.446218      0.102521      0.251937      1892 
    2012JF6    18.22      2.472768      0.092527      0.251550      1892 
   2018AT58    18.22      2.469022      0.096670      0.250020      1892 
   2018MD27    18.22      2.436987      0.095512      0.251319      1892 
   2020MX27    18.22      2.484412      0.105743      0.253165      1892 
  2002EF172    18.22      2.412720      0.096275      0.254390      1892 
  2016CE381    18.22      2.461398      0.093872      0.250274      1892 
    2018AX4    18.23      2.434385      0.099697      0.252183      1892 
   2016ST91    18.23      2.461290      0.103097      0.251787      1892 
   2018MM21    18.23      2.484384      0.099141      0.248132      1892 
  2005UQ264    18.23      2.449152      0.096312      0.250247      1892 
  2005VR108    18.23      2.479388      0.105907      0.251699      1892 
  2006SY457    18.23      2.415231      0.088036      0.252052      1892 
  2011SN285    18.23      2.429998      0.096745      0.251525      1892 
  2014WR601    18.23      2.451607      0.093783      0.250885      1892 
  2016PH150    18.23      2.472300      0.091817      0.248657      1892 
  2016PL182    18.23      2.449557      0.089575      0.252597      1892 
  2016TE153    18.23      2.472779      0.101121      0.248792      1892 
   2017ON32    18.24      2.434858      0.096293      0.252345      1892 
  2015AW135    18.24      2.414685      0.091080      0.253354      1892 
   2019AW87    18.25      2.472960      0.092344      0.251649      1892 
   2020SS64    18.25      2.485459      0.100844      0.250229      1892 
  2009WW171    18.25      2.426824      0.097764      0.252243      1892 
  2011WL174    18.25      2.440625      0.091960      0.251723      1892 
  2014WM608    18.25      2.483062      0.097257      0.249664      1892 
  2015MU154    18.25      2.423103      0.099935      0.252051      1892 
   2013HW39    18.26      2.439086      0.098152      0.252175      1892 
   2013NX64    18.26      2.460490      0.090407      0.250449      1892 
  2016QF119    18.26      2.426956      0.106710      0.252853      1892 
  2017BV185    18.26      2.482222      0.103287      0.250476      1892 
   2013OK10    18.27      2.434279      0.104409      0.252429      1892 
   2016BK37    18.27      2.484889      0.103637      0.250670      1892 
  2004TM104    18.27      2.476384      0.090721      0.247185      1892 
  2014WB609    18.27      2.427986      0.099678      0.252142      1892 
  2016GJ289    18.27      2.464840      0.099223      0.250217      1892 
     591403    18.28      2.462223      0.097891      0.251437      1892 
   2014SG52    18.28      2.456021      0.096959      0.251038      1892 
  2016GS282    18.28      2.427250      0.095691      0.252918      1892 
    2015XL6    18.29      2.424550      0.097236      0.252422      1892 
    2021SU6    18.29      2.473556      0.097971      0.250249      1892 
   2015PF89    18.29      2.478854      0.098566      0.251501      1892 
   2020MX33    18.29      2.444430      0.098924      0.252571      1892 
  2007RT159    18.29      2.487788      0.102097      0.250583      1892 
  2014QA385    18.29      2.427264      0.103611      0.253000      1892 
  2016PG135    18.29      2.433139      0.101170      0.252995      1892 
   2018LZ28    18.30      2.448644      0.092915      0.251156      1892 
   2019JF24    18.30      2.426005      0.098412      0.251231      1892 
   2020QJ27    18.30      2.453372      0.100121      0.251838      1892 
  2014UZ233    18.30      2.477895      0.096064      0.247823      1892 
  2016TE149    18.30      2.476517      0.100382      0.250078      1892 
  2017SH207    18.30      2.409779      0.097517      0.252478      1892 
    2020GW7    18.31      2.426142      0.103585      0.251479      1892 
   2011PX19    18.31      2.444165      0.097976      0.251506      1892 
  2016ET180    18.31      2.433120      0.098013      0.250312      1892 
  2016EV238    18.31      2.429217      0.098281      0.252466      1892 
   2017TH43    18.32      2.469011      0.095765      0.251753      1892 
   2019NX85    18.32      2.461256      0.101649      0.249138      1892 
  2013AV162    18.32      2.480028      0.098274      0.250653      1892 
   2013CK94    18.33      2.445067      0.101152      0.250279      1892 
   2015FA90    18.33      2.424808      0.099699      0.252597      1892 
  2005UK544    18.33      2.428195      0.096622      0.252770      1892 
  2010VH242    18.33      2.477120      0.106338      0.251673      1892 
   2013TA77    18.34      2.409190      0.100122      0.251488      1892 
   2017OO50    18.34      2.442648      0.103403      0.251709      1892 
  2012BC166    18.34      2.426072      0.100023      0.252487      1892 
  2014WR608    18.34      2.478775      0.103197      0.249459      1892 
  2015BC293    18.34      2.472970      0.105350      0.251820      1892 
  2015DR238    18.34      2.470736      0.098624      0.250553      1892 
   2014BM89    18.35      2.431622      0.097334      0.252352      1892 
   2014OJ85    18.35      2.427609      0.099919      0.250945      1892 
   2014PZ88    18.35      2.447115      0.100365      0.251486      1892 
   2016RM90    18.35      2.427845      0.097379      0.251159      1892 
   2016SK90    18.35      2.443815      0.101859      0.252330      1892 
   2021NR26    18.35      2.439817      0.103279      0.251609      1892 
  2014WP608    18.35      2.426445      0.096404      0.252817      1892 
  2016PQ182    18.35      2.430369      0.100835      0.253159      1892 
  2016PY150    18.35      2.487969      0.098928      0.252422      1892 
   2007WD75    18.36      2.421431      0.101123      0.252697      1892 
   2021JB27    18.36      2.458303      0.099199      0.251682      1892 
  2020HO122    18.36      2.406222      0.098336      0.254215      1892 
   2016QN18    18.37      2.426956      0.099415      0.252139      1892 
   2017XM89    18.37      2.437068      0.094009      0.251462      1892 
  2015HW153    18.37      2.443438      0.098602      0.252246      1892 
   2010WT14    18.38      2.435755      0.097715      0.252196      1892 
   2017UU61    18.38      2.454369      0.102467      0.249408      1892 
  2014QV102    18.38      2.418467      0.099283      0.252882      1892 
   2020BG31    18.39      2.461209      0.101766      0.252008      1892 
   2022BH40    18.39      2.467292      0.100310      0.250079      1892 
  2010GT202    18.39      2.467024      0.095986      0.250489      1892 
    2016ED9    18.40      2.444459      0.103880      0.251878      1892 
   2003LU11    18.40      2.423129      0.103883      0.252889      1892 
   2018AD61    18.40      2.451813      0.100251      0.252646      1892 
   2018XR34    18.40      2.477495      0.098179      0.251253      1892 
   2019NN43    18.40      2.475086      0.098234      0.251928      1892 
  2015PE184    18.40      2.422252      0.096779      0.252269      1892 
  2016GF283    18.40      2.433092      0.099930      0.252453      1892 
  2016NF125    18.40      2.425439      0.096591      0.252585      1892 
   2016OX11    18.41      2.441493      0.103411      0.249561      1892 
   2016SX99    18.41      2.425487      0.098615      0.252700      1892 
  2005TY216    18.41      2.431618      0.096519      0.252270      1892 
  2012DU126    18.41      2.421099      0.097665      0.252933      1892 
  2014WB195    18.41      2.421233      0.098608      0.251953      1892 
  2015TK229    18.41      2.414301      0.097439      0.253731      1892 
  2016NV117    18.41      2.402024      0.094752      0.252985      1892 
  2016QP117    18.41      2.438797      0.099237      0.252036      1892 
   2015OE61    18.42      2.477021      0.101483      0.252618      1892 
  2015TJ342    18.42      2.425990      0.094012      0.252101      1892 
   2017WS68    18.43      2.417654      0.091678      0.252245      1892 
  2015MK199    18.43      2.423505      0.098362      0.251864      1892 
  2015PX208    18.43      2.446087      0.095274      0.252068      1892 
  2016GV321    18.43      2.442690      0.097062      0.251298      1892 
    2014QZ5    18.44      2.425661      0.099018      0.251772      1892 
    2016MK6    18.44      2.481749      0.098289      0.251332      1892 
   2015OT99    18.44      2.485992      0.099436      0.253321      1892 
  2016GL271    18.44      2.450509      0.097232      0.250506      1892 
  2020HX125    18.44      2.414177      0.093678      0.252809      1892 
   2018KA14    18.45      2.444679      0.097304      0.252316      1892 
   2020WB17    18.45      2.441465      0.102410      0.249458      1892 
  2011SA329    18.45      2.414615      0.090875      0.251733      1892 
  2015PA224    18.45      2.433635      0.099309      0.252223      1892 
  2015TZ341    18.45      2.445996      0.095774      0.251875      1892 
   2011OX29    18.46      2.437930      0.104123      0.250061      1892 
   2013HE63    18.46      2.441328      0.097062      0.252255      1892 
   2016GX22    18.46      2.429278      0.101144      0.252687      1892 
   2018LJ21    18.46      2.439477      0.098673      0.250646      1892 
   2021PB58    18.46      2.428808      0.099143      0.252236      1892 
  2015HH228    18.46      2.415939      0.095437      0.253411      1892 
  2015OD125    18.46      2.403238      0.095498      0.252386      1892 
  2016GQ286    18.46      2.465119      0.098144      0.251417      1892 
   2016TN51    18.47      2.488699      0.101389      0.248398      1892 
   2020OO31    18.47      2.415058      0.092052      0.254024      1892 
  2014WM266    18.47      2.439377      0.101929      0.252568      1892 
   2001HD17    18.48      2.432004      0.095542      0.252126      1892 
   2007JD15    18.48      2.429192      0.097573      0.251033      1892 
   2014RZ73    18.48      2.420822      0.097966      0.252750      1892 
   2016QF23    18.48      2.429309      0.096800      0.252464      1892 
   2020HW49    18.48      2.463518      0.093418      0.252623      1892 
   2021VY29    18.48      2.428355      0.097784      0.250911      1892 
  2003WZ172    18.48      2.477406      0.094484      0.251299      1892 
  2016EY288    18.48      2.428265      0.097000      0.252011      1892 
  2017SM287    18.48      2.468332      0.100346      0.250665      1892 
   2016SO90    18.49      2.434734      0.097279      0.251821      1892 
   2019GG31    18.49      2.413341      0.098412      0.251075      1892 
   2020SZ60    18.49      2.442530      0.098114      0.251379      1892 
    2018WD9    18.50      2.408227      0.094645      0.253107      1892 
   2019QT29    18.50      2.416492      0.095751      0.251348      1892 
   2019RH30    18.50      2.458717      0.102718      0.250034      1892 
  2016GA181    18.50      2.426601      0.097388      0.252974      1892 
  2017QO131    18.50      2.457568      0.098493      0.252078      1892 
    2016MP6    18.51      2.439183      0.095608      0.251731      1892 
   2020HE65    18.51      2.449943      0.097904      0.252354      1892 
   2019UQ32    18.52      2.429774      0.098636      0.251139      1892 
   2020SZ45    18.53      2.459909      0.096283      0.251255      1892 
  2008CN247    18.53      2.415831      0.097904      0.251186      1892 
  2009SG155    18.53      2.462048      0.100222      0.251846      1892 
  2015KN201    18.53      2.428835      0.097248      0.252521      1892 
   2017WQ54    18.54      2.468310      0.097501      0.250933      1892 
  2015HY227    18.54      2.462898      0.103123      0.249522      1892 
   2016EF16    18.55      2.431446      0.095295      0.251914      1892 
  2008UQ421    18.55      2.421936      0.101814      0.251081      1892 
  2016EU320    18.55      2.433842      0.099194      0.252784      1892 
  2017SZ286    18.55      2.479986      0.099984      0.249745      1892 
  1999TA342    18.56      2.416577      0.095776      0.251213      1892 
  1999TH340    18.56      2.422692      0.097517      0.252841      1892 
  2016QG141    18.56      2.429505      0.097103      0.253090      1892 
  2016SF107    18.56      2.413291      0.097171      0.251108      1892 
   2012UV96    18.57      2.409465      0.095678      0.252949      1892 
   2016QE51    18.57      2.434344      0.096429      0.252113      1892 
  2015DS254    18.57      2.447345      0.097029      0.251509      1892 
  2015XC250    18.57      2.449135      0.092607      0.252002      1892 
  2016QT118    18.57      2.421511      0.101777      0.253248      1892 
  2016TK166    18.57      2.442191      0.096014      0.251661      1892 
   2015HE89    18.58      2.473912      0.098264      0.252207      1892 
   2017GU26    18.58      2.472301      0.100580      0.252705      1892 
   2019GY70    18.58      2.427061      0.099801      0.252372      1892 
  2005TG216    18.58      2.422433      0.097450      0.251183      1892 
    2016RE8    18.59      2.433960      0.096550      0.252515      1892 
   2018TZ10    18.59      2.425679      0.097611      0.252663      1892 
  2017UZ181    18.59      2.461001      0.099616      0.251427      1892 
  2021RJ160    18.59      2.401484      0.095810      0.253387      1892 
   2013OY13    18.60      2.408214      0.097793      0.253108      1892 
   2019RV84    18.60      2.443257      0.100782      0.251585      1892 
  2014QE328    18.60      2.414102      0.099489      0.252388      1892 
   2015MU95    18.61      2.441942      0.095381      0.251099      1892 
   2021TR49    18.61      2.472772      0.098181      0.251215      1892 
  2016UY261    18.61      2.461036      0.096435      0.251387      1892 
  2017SY186    18.61      2.440094      0.096989      0.251783      1892 
  2021RU145    18.61      2.465423      0.100071      0.250975      1892 
  2021RX130    18.61      2.425879      0.101594      0.251791      1892 
  2021TR134    18.61      2.438480      0.100827      0.252183      1892 
   2010TW13    18.62      2.432080      0.096093      0.251797      1892 
   2014NF82    18.62      2.424530      0.098298      0.250702      1892 
   2017BK25    18.62      2.422542      0.096217      0.252985      1892 
   2018LX29    18.62      2.479514      0.102558      0.252792      1892 
   2020KT23    18.62      2.425254      0.096625      0.252927      1892 
  2019UM120    18.62      2.418264      0.096468      0.252486      1892 
   2015SD39    18.63      2.440835      0.101472      0.251957      1892 
   2019PF26    18.63      2.427904      0.095101      0.250761      1892 
   2021QA62    18.63      2.476947      0.103609      0.250464      1892 
  2005SA302    18.63      2.421058      0.101933      0.253535      1892 
  2021PS135    18.63      2.440960      0.098427      0.252588      1892 
    2017NR9    18.64      2.420750      0.098630      0.252294      1892 
   2016RL72    18.64      2.436250      0.096576      0.251905      1892 
   2020TU85    18.64      2.467433      0.095236      0.250794      1892 
  1998SM180    18.64      2.423976      0.098634      0.250814      1892 
  2015XR109    18.64      2.449855      0.098667      0.251104      1892 
  2017QD144    18.64      2.441654      0.097425      0.251109      1892 
  2015TQ334    18.65      2.430896      0.099147      0.252908      1892 
   2014PP17    18.66      2.434837      0.101483      0.250876      1892 
   2019KP38    18.66      2.436435      0.103458      0.251300      1892 
   2019KZ14    18.66      2.432826      0.094145      0.251824      1892 
   2019UG57    18.66      2.446029      0.098186      0.254136      1892 
  2014WJ442    18.66      2.417886      0.099502      0.253554      1892 
   2017NP24    18.67      2.402184      0.096569      0.252916      1892 
   2019YU15    18.67      2.437483      0.096817      0.252032      1892 
  2007RF336    18.67      2.430865      0.098084      0.252274      1892 
  2015RR213    18.67      2.436099      0.099405      0.252208      1892 
   2017UN31    18.68      2.427265      0.099068      0.252629      1892 
  2006UP392    18.68      2.417604      0.092178      0.251008      1892 
  2015OF113    18.68      2.441251      0.099460      0.251553      1892 
  2016CM341    18.68      2.486710      0.098855      0.251678      1892 
  2016NV130    18.68      2.426321      0.099745      0.252086      1892 
   2016NK69    18.69      2.434318      0.094387      0.252799      1892 
   2019GC35    18.69      2.413540      0.092279      0.251793      1892 
   2019NE60    18.69      2.480945      0.097563      0.251553      1892 
  2016EQ213    18.69      2.423895      0.099282      0.254248      1892 
  2015DR259    18.70      2.451150      0.096364      0.252828      1892 
  2016AW318    18.70      2.463557      0.097193      0.250194      1892 
   2018TF35    18.71      2.430088      0.092807      0.251993      1892 
  2015TG408    18.71      2.485926      0.101010      0.252512      1892 
  2017QC134    18.71      2.435523      0.103106      0.252912      1892 
  2020OH107    18.71      2.469976      0.097090      0.250729      1892 
   2018RH64    18.72      2.445026      0.100801      0.252530      1892 
   2019LC32    18.72      2.426837      0.097752      0.252265      1892 
   2022DY18    18.72      2.434832      0.097179      0.251935      1892 
  2011QJ106    18.72      2.446357      0.099333      0.253035      1892 
  2017QR129    18.72      2.425244      0.097891      0.250507      1892 
  2006SM458    18.73      2.446381      0.092427      0.249239      1892 
  2020HC134    18.73      2.444908      0.095145      0.251948      1892 
   2016JV43    18.74      2.441865      0.096034      0.249726      1892 
   2013QY96    18.75      2.413859      0.097006      0.253457      1892 
   2013SP63    18.75      2.426770      0.100555      0.252111      1892 
   2017OA70    18.75      2.422067      0.098120      0.251442      1892 
   2018GK19    18.75      2.401721      0.096569      0.253376      1892 
   2020OF85    18.75      2.441407      0.097952      0.251616      1892 
   2006KM82    18.76      2.410289      0.094288      0.252161      1892 
   2019JE85    18.76      2.444251      0.093782      0.251688      1892 
  2003ST350    18.76      2.425347      0.094566      0.251899      1892 
   2012QR59    18.77      2.424040      0.099630      0.252326      1892 
   2014RV25    18.77      2.465066      0.102686      0.252493      1892 
   2015UX24    18.77      2.429967      0.096852      0.252661      1892 
   2012GM52    18.78      2.455356      0.097864      0.249437      1892 
   2016EU67    18.78      2.480076      0.103925      0.251424      1892 
  2015PP224    18.78      2.417902      0.095916      0.254873      1892 
  2016PZ132    18.78      2.422242      0.097302      0.252997      1892 
  2014QH572    18.79      2.447737      0.100250      0.252629      1892 
  2016TN152    18.79      2.428470      0.097948      0.251635      1892 
   2009RB36    18.80      2.423731      0.098641      0.252911      1892 
  2015XK165    18.80      2.424745      0.098290      0.252226      1892 
  2017SN140    18.80      2.436449      0.098821      0.251178      1892 
  2017US176    18.81      2.465378      0.094721      0.251441      1892 
  2019UT113    18.81      2.468160      0.098759      0.251537      1892 
   2015VV14    18.82      2.425551      0.097827      0.252907      1892 
  2003UG445    18.82      2.428148      0.099747      0.251924      1892 
    2015NX5    18.83      2.438596      0.096006      0.251684      1892 
  2016NQ128    18.83      2.424530      0.096148      0.251707      1892 
  2015KF222    18.84      2.462612      0.094680      0.251531      1892 
   2017MB25    18.85      2.415673      0.092493      0.252229      1892 
  2016QU117    18.85      2.459141      0.096487      0.250933      1892 
  2014QY346    18.86      2.442314      0.093990      0.250650      1892 
  2017SJ303    18.86      2.444208      0.092444      0.250139      1892 
  2020HD147    18.87      2.412199      0.096841      0.252151      1892 
   2015SP34    18.88      2.464308      0.100716      0.250152      1892 
   2020QY12    18.88      2.442737      0.097700      0.248736      1892 
  2016NG123    18.88      2.457383      0.093322      0.251690      1892 
  2020HC109    18.88      2.457505      0.094329      0.251132      1892 
  2016GO292    18.89      2.420406      0.095373      0.252618      1892 
  2002QT105    18.90      2.406278      0.098923      0.251415      1892 
  2009SC162    18.90      2.411543      0.096772      0.254446      1892 
   2013PR89    18.91      2.427053      0.095044      0.254040      1892 
   2017YE30    18.91      2.413877      0.091142      0.252593      1892 
   2019RN19    18.91      2.446824      0.099782      0.251763      1892 
  2016EB212    18.92      2.468392      0.098391      0.250528      1892 
   2021JF36    18.93      2.425097      0.094615      0.251287      1892 
   2013OS17    18.94      2.458999      0.097545      0.250278      1892 
   2013NU57    18.95      2.431853      0.096867      0.251777      1892 
   2020MM34    18.95      2.420552      0.092266      0.251464      1892 
  2016NL132    18.95      2.424822      0.097947      0.253352      1892 
  2015RS299    18.96      2.441531      0.097535      0.251155      1892 
   2014NM38    18.97      2.430258      0.097558      0.252737      1892 
   2011PE21    18.99      2.425324      0.105150      0.252702      1892 
   2015NM38    18.99      2.414345      0.100543      0.251814      1892 
   2021GK43    19.00      2.421041      0.098092      0.251545      1892 
  2017QY145    19.00      2.438108      0.098883      0.251153      1892 
  2014QT549    19.01      2.421927      0.095686      0.251795      1892 
  2017QN110    19.01      2.475584      0.102657      0.250839      1892 
    2014QT5    19.03      2.427255      0.102970      0.251789      1892 
  2017QS138    19.04      2.457447      0.098389      0.251452      1892 
  2017OJ133    19.05      2.475514      0.096297      0.248989      1892 
   2014QM15    19.06      2.450599      0.104458      0.252144      1892 
   2017QB84    19.06      2.427342      0.108349      0.252967      1892 
  2016PP240    19.06      2.441961      0.096820      0.251497      1892 
   2021GQ80    19.08      2.406886      0.093612      0.251607      1892 
  2015TD406    19.09      2.423225      0.097981      0.251929      1892 
  2017QJ112    19.12      2.459876      0.093374      0.250835      1892 
    2016PE9    19.13      2.426541      0.099618      0.250569      1892 
  2015PD340    19.19      2.414936      0.100512      0.253617      1892 
   2017QN82    19.23      2.436583      0.090562      0.252004      1892 
  2015OA140    19.23      2.418329      0.102679      0.252482      1892 
  2005UV556    19.26      2.418465      0.093382      0.250981      1892 
  2016PH247    19.26      2.400464      0.094367      0.253045      1892 
  2017RS125    19.31      2.438685      0.093315      0.253814      1892 
  2017QR147    19.34      2.408945      0.101227      0.252371      1892 
  2016NZ141    19.44      2.423406      0.095080      0.251467      1892 
   2021SV28    19.48      2.428304      0.098088      0.253022      1892 
