       4793    13.14      2.668801      0.193594      0.068765      2782 
       6793    13.59      2.678643      0.195725      0.067652      2782 
       2782    13.63      2.680959      0.193660      0.066494      2782 
      11990    13.63      2.676076      0.195188      0.067623      2782 
      13246    13.67      2.672743      0.194374      0.068020      2782 
      30313    13.81      2.683098      0.195204      0.067228      2782 
      22452    14.27      2.686877      0.186835      0.068423      2782 
      18076    14.30      2.676004      0.192415      0.065802      2782 
      21233    14.39      2.688164      0.191050      0.067360      2782 
      19263    14.46      2.669499      0.189355      0.069668      2782 
      62691    14.63      2.675492      0.193876      0.067282      2782 
      33133    14.66      2.677548      0.189751      0.066924      2782 
      71105    14.67      2.681280      0.188306      0.065124      2782 
      72166    14.67      2.659177      0.186059      0.066015      2782 
      70758    14.69      2.698098      0.182823      0.066805      2782 
      27785    14.70      2.699273      0.191062      0.066808      2782 
      40945    14.74      2.693688      0.197049      0.065686      2782 
      59478    14.78      2.666806      0.192021      0.067081      2782 
      66843    14.78      2.694542      0.193312      0.066521      2782 
     111384    14.82      2.676347      0.189175      0.069593      2782 
      55243    14.87      2.699226      0.187911      0.067337      2782 
      43990    14.88      2.663366      0.191450      0.068727      2782 
      54318    14.92      2.675847      0.191480      0.066982      2782 
      25950    14.93      2.700306      0.193443      0.067126      2782 
     109527    14.96      2.695359      0.198533      0.067207      2782 
      21085    15.02      2.674445      0.188029      0.065754      2782 
     123184    15.03      2.669227      0.194069      0.067842      2782 
      71247    15.10      2.689603      0.191011      0.069860      2782 
      75873    15.11      2.680031      0.194337      0.065727      2782 
     139547    15.15      2.698173      0.193004      0.067182      2782 
      99144    15.23      2.690036      0.190393      0.068675      2782 
     110917    15.23      2.697809      0.192602      0.065955      2782 
      73269    15.26      2.698080      0.192701      0.067475      2782 
     108063    15.26      2.688834      0.190839      0.067283      2782 
      64473    15.27      2.651921      0.188064      0.068910      2782 
      90617    15.30      2.698822      0.194338      0.065466      2782 
     112675    15.31      2.705259      0.190760      0.064593      2782 
     138091    15.34      2.684419      0.191369      0.068446      2782 
      41701    15.37      2.696794      0.195968      0.065502      2782 
      38711    15.38      2.656070      0.193432      0.064572      2782 
      64797    15.39      2.692832      0.200121      0.067133      2782 
     109668    15.43      2.689133      0.187807      0.065181      2782 
      83173    15.45      2.691063      0.185901      0.066925      2782 
     122398    15.45      2.700738      0.191733      0.068170      2782 
     101322    15.46      2.663998      0.187746      0.068606      2782 
      84487    15.50      2.699270      0.186746      0.067109      2782 
      46578    15.51      2.685234      0.194840      0.067929      2782 
     176255    15.55      2.685804      0.186901      0.066133      2782 
     179147    15.56      2.698869      0.192400      0.067304      2782 
     191036    15.59      2.700500      0.195889      0.068011      2782 
     103369    15.60      2.695154      0.190889      0.068415      2782 
     155444    15.63      2.694209      0.198343      0.066097      2782 
     130956    15.64      2.700498      0.191213      0.065846      2782 
     154355    15.64      2.687194      0.195514      0.065896      2782 
     152661    15.67      2.691191      0.192354      0.065087      2782 
     107967    15.68      2.688385      0.190529      0.070963      2782 
     182761    15.73      2.699195      0.192857      0.066783      2782 
     121315    15.74      2.698502      0.193539      0.067305      2782 
     100483    15.75      2.697217      0.184267      0.066521      2782 
     205181    15.82      2.699350      0.193784      0.064118      2782 
     143256    15.85      2.696844      0.189685      0.065271      2782 
     220327    15.88      2.695635      0.183745      0.070068      2782 
     103702    15.91      2.654786      0.188161      0.069233      2782 
     146720    15.96      2.661703      0.191343      0.068173      2782 
     206099    15.96      2.698663      0.186729      0.069547      2782 
     174315    15.99      2.680118      0.189829      0.066092      2782 
     129658    16.03      2.692037      0.191127      0.068835      2782 
     209335    16.04      2.700900      0.181716      0.065479      2782 
     136489    16.15      2.687681      0.184857      0.068347      2782 
     246261    16.16      2.656873      0.184655      0.064821      2782 
     108193    16.17      2.693396      0.188113      0.069195      2782 
     202218    16.18      2.656222      0.185078      0.064922      2782 
     208937    16.20      2.658643      0.183854      0.065639      2782 
     184541    16.28      2.694376      0.192132      0.068518      2782 
     182571    16.30      2.700173      0.183795      0.066258      2782 
     176297    16.31      2.696200      0.186682      0.065445      2782 
     222809    16.32      2.700908      0.186781      0.067431      2782 
     258394    16.34      2.695851      0.186893      0.070111      2782 
     210445    16.36      2.689202      0.196154      0.067648      2782 
     220593    16.38      2.681716      0.195565      0.065373      2782 
     174392    16.39      2.700342      0.194660      0.067991      2782 
     220348    16.39      2.694003      0.187367      0.066802      2782 
     218704    16.40      2.697574      0.189268      0.065210      2782 
     218046    16.42      2.698059      0.179968      0.065403      2782 
     176286    16.43      2.691851      0.188500      0.066634      2782 
     184390    16.43      2.679958      0.195116      0.067336      2782 
     221188    16.49      2.651167      0.187742      0.068115      2782 
     185697    16.53      2.698543      0.187918      0.065726      2782 
     264692    16.56      2.685783      0.190189      0.070742      2782 
     213282    16.60      2.689033      0.185148      0.069941      2782 
     181606    16.64      2.663820      0.189786      0.070233      2782 
     204516    16.64      2.698078      0.189880      0.065790      2782 
     277658    16.65      2.697116      0.190772      0.066420      2782 
     305243    16.65      2.664456      0.190834      0.067364      2782 
     313542    16.65      2.695352      0.192471      0.065822      2782 
     401804    16.67      2.690386      0.192007      0.066900      2782 
     293847    16.68      2.687416      0.191789      0.069057      2782 
     301517    16.71      2.697500      0.186674      0.068556      2782 
     343462    16.72      2.670125      0.191316      0.068106      2782 
     358340    16.75      2.687358      0.189027      0.063623      2782 
     300534    16.81      2.688610      0.182391      0.067988      2782 
     265724    16.85      2.662784      0.185850      0.067703      2782 
     286324    16.85      2.692671      0.193249      0.066641      2782 
     438309    16.87      2.692164      0.197566      0.066413      2782 
     360614    17.00      2.666626      0.188383      0.065280      2782 
     360314    17.01      2.652537      0.193796      0.066109      2782 
     270377    17.10      2.690003      0.192273      0.066617      2782 
     258296    17.11      2.687776      0.186396      0.066121      2782 
     281245    17.12      2.696340      0.193970      0.063463      2782 
  2003SC371    17.15      2.675019      0.188661      0.064438      2782 
     240168    17.16      2.679143      0.194348      0.065181      2782 
     367335    17.17      2.685189      0.190228      0.066212      2782 
     429589    17.19      2.651726      0.194030      0.064788      2782 
     332348    17.21      2.697182      0.190328      0.066992      2782 
     277582    17.22      2.695019      0.196526      0.066962      2782 
     383950    17.23      2.678051      0.189045      0.065129      2782 
     399160    17.24      2.675965      0.195983      0.067256      2782 
     330115    17.29      2.686900      0.193624      0.066753      2782 
     572545    17.30      2.681645      0.189836      0.068300      2782 
     402696    17.32      2.689820      0.190127      0.065079      2782 
     452838    17.33      2.699959      0.189830      0.065468      2782 
  2002RD172    17.39      2.677488      0.190936      0.066712      2782 
   2017CU33    17.43      2.668285      0.189047      0.065024      2782 
     567682    17.45      2.690053      0.186520      0.069555      2782 
     551969    17.47      2.691364      0.190319      0.063898      2782 
     458331    17.48      2.688059      0.190924      0.068611      2782 
     592965    17.50      2.669970      0.189115      0.067311      2782 
   2006BZ91    17.50      2.695358      0.196462      0.067375      2782 
     335819    17.52      2.667086      0.191537      0.067281      2782 
     415991    17.53      2.657627      0.186340      0.066920      2782 
   2011SO84    17.53      2.697221      0.195156      0.068323      2782 
     568902    17.54      2.669245      0.192245      0.066431      2782 
     594259    17.55      2.654969      0.184676      0.066056      2782 
   2012HS53    17.55      2.665227      0.187142      0.067332      2782 
   2017BJ70    17.55      2.695244      0.188864      0.067318      2782 
   2012ET12    17.57      2.694377      0.195594      0.065101      2782 
  2012UJ144    17.57      2.659982      0.184004      0.066931      2782 
   2016NC73    17.58      2.671609      0.192515      0.069046      2782 
   2007UC35    17.59      2.690044      0.196655      0.067622      2782 
     586881    17.60      2.685783      0.189905      0.066346      2782 
     445727    17.61      2.665019      0.191423      0.068801      2782 
     526909    17.61      2.682841      0.194274      0.066903      2782 
   2012JS42    17.61      2.688085      0.187146      0.066477      2782 
  2000AB259    17.61      2.667421      0.190079      0.067787      2782 
  2015FJ173    17.67      2.659579      0.184662      0.066992      2782 
     614053    17.68      2.656059      0.183728      0.065606      2782 
     465673    17.70      2.699312      0.197798      0.065331      2782 
    2007RB1    17.70      2.667043      0.191270      0.069334      2782 
   2017FV46    17.70      2.704953      0.181181      0.069106      2782 
  2009BW200    17.70      2.699819      0.181972      0.066052      2782 
  2005UU137    17.71      2.656900      0.187085      0.066088      2782 
     515323    17.72      2.690016      0.192020      0.067020      2782 
   2014PN35    17.72      2.665336      0.188558      0.069406      2782 
     513975    17.73      2.688038      0.192115      0.066229      2782 
     438316    17.75      2.656400      0.187203      0.066696      2782 
     509818    17.75      2.663409      0.193090      0.065426      2782 
   2014OA82    17.75      2.699314      0.180555      0.065821      2782 
  2015TY297    17.76      2.691918      0.182098      0.067366      2782 
     414911    17.77      2.659807      0.193754      0.065146      2782 
     598460    17.79      2.672340      0.193403      0.068325      2782 
  2012TN270    17.80      2.676064      0.189004      0.066269      2782 
  2014SP138    17.80      2.695102      0.192291      0.064442      2782 
   2019MM21    17.83      2.698181      0.182255      0.067674      2782 
   2019SR12    17.83      2.700649      0.186804      0.067037      2782 
  2017BH141    17.84      2.691891      0.199445      0.068025      2782 
   2012TY12    17.85      2.664787      0.188082      0.064885      2782 
   2012DG95    17.86      2.664184      0.191961      0.068676      2782 
  2006SP399    17.87      2.671501      0.191910      0.069522      2782 
     567232    17.89      2.662687      0.189352      0.065390      2782 
     610814    17.89      2.665539      0.192500      0.067320      2782 
    2018JY8    17.90      2.690641      0.190100      0.063875      2782 
   2017RR59    17.93      2.658241      0.188453      0.068256      2782 
  2006SZ204    17.93      2.690932      0.183785      0.069575      2782 
  2017BU123    17.95      2.698704      0.180058      0.065663      2782 
   2019AV87    17.98      2.686227      0.193008      0.066727      2782 
   2015DT82    18.01      2.696290      0.193827      0.064221      2782 
     497194    18.03      2.697574      0.199079      0.064933      2782 
  2007TJ428    18.05      2.667334      0.192947      0.065773      2782 
   2015EN32    18.08      2.665020      0.190012      0.066277      2782 
  2008UU165    18.08      2.679957      0.192900      0.067116      2782 
  2015AR147    18.10      2.653688      0.188106      0.068177      2782 
  2005QL200    18.12      2.673265      0.192126      0.066694      2782 
  2008UF223    18.12      2.701927      0.182179      0.068458      2782 
   2008TV92    18.17      2.679935      0.190069      0.068189      2782 
   2013VP30    18.17      2.699227      0.181143      0.064627      2782 
   2017SN79    18.17      2.697496      0.196620      0.065056      2782 
     529402    18.18      2.683344      0.188961      0.063879      2782 
   2015XD28    18.20      2.690679      0.187662      0.066428      2782 
   2008DY91    18.24      2.689931      0.194873      0.068381      2782 
    2022BM8    18.27      2.663783      0.187002      0.066209      2782 
   2012QQ72    18.27      2.697272      0.185571      0.066182      2782 
  2013TV220    18.28      2.698300      0.181652      0.066026      2782 
  2016AP109    18.29      2.677508      0.192281      0.066685      2782 
   2015SV36    18.30      2.697735      0.196396      0.067113      2782 
  2014SF159    18.30      2.697843      0.193518      0.066110      2782 
  2006UT327    18.32      2.662817      0.186692      0.065775      2782 
  2012TK205    18.33      2.699714      0.188151      0.067415      2782 
  2007RB167    18.34      2.689435      0.194216      0.066178      2782 
  2014EM236    18.34      2.686372      0.183585      0.067792      2782 
  2008UB146    18.35      2.691857      0.200552      0.065790      2782 
   2013SX53    18.36      2.679953      0.189974      0.064222      2782 
  2021RM129    18.36      2.695451      0.194551      0.067353      2782 
    2014NG4    18.38      2.687988      0.187777      0.065963      2782 
   2022AB13    18.39      2.660106      0.188391      0.068150      2782 
  2006QM206    18.39      2.698276      0.195658      0.066319      2782 
   2014SC57    18.40      2.694549      0.200185      0.064582      2782 
   2015KF93    18.40      2.663811      0.191675      0.068769      2782 
   2016CA13    18.40      2.658702      0.188360      0.066063      2782 
  2003SG463    18.41      2.701025      0.191251      0.065245      2782 
  2011SK229    18.44      2.659354      0.191273      0.067959      2782 
   2020PK29    18.45      2.699121      0.195263      0.066739      2782 
  2007RW282    18.52      2.677483      0.187849      0.065226      2782 
  2015TP410    18.55      2.700398      0.193902      0.067213      2782 
   2021JZ12    18.58      2.685703      0.186948      0.066178      2782 
  2016PR237    18.58      2.704939      0.190484      0.064749      2782 
  2000WK204    18.60      2.683529      0.194989      0.066664      2782 
  2016PV134    18.61      2.663713      0.191290      0.065849      2782 
    2015YQ4    18.64      2.667045      0.188982      0.066860      2782 
   2020RG89    18.64      2.669633      0.188157      0.065070      2782 
   2013JG77    18.65      2.661811      0.188989      0.067906      2782 
  2010TW218    18.65      2.695809      0.186397      0.067001      2782 
  2014DY160    18.68      2.695140      0.195941      0.066514      2782 
   2008SB23    18.72      2.660562      0.184719      0.068371      2782 
   2009QJ53    18.76      2.693277      0.200657      0.066279      2782 
   2017WT65    18.77      2.654046      0.188403      0.065475      2782 
   2016GA38    18.81      2.662817      0.185828      0.067704      2782 
  2015KT221    18.81      2.654424      0.185554      0.066700      2782 
  2016CV376    18.82      2.685823      0.185513      0.068261      2782 
   2005RS47    18.84      2.686379      0.186565      0.067583      2782 
  2016BC109    18.85      2.692896      0.187104      0.069283      2782 
   2018VX99    18.86      2.673321      0.190122      0.069551      2782 
   2020PL15    18.96      2.673216      0.190999      0.066576      2782 
  2015PF336    18.96      2.698797      0.181106      0.065722      2782 
   2019VQ13    19.03      2.700164      0.188908      0.067186      2782 
   2021UT13    19.05      2.687394      0.195512      0.067546      2782 
  2015XG239    19.06      2.685796      0.195307      0.068317      2782 
  2017RM135    19.06      2.675785      0.189123      0.068084      2782 
