         27     7.00      2.347023      0.185856      0.012377        27 
       3014    12.96      2.364047      0.190990      0.014800        27 
       3473    13.51      2.362974      0.195566      0.011563        27 
       5002    13.70      2.327765      0.192626      0.013881        27 
       5009    13.76      2.308798      0.196742      0.015945        27 
       5444    13.83      2.377192      0.185469      0.014724        27 
       6738    14.53      2.338911      0.182594      0.007664        27 
      21598    14.53      2.334536      0.191387      0.015343        27 
       8344    14.57      2.377020      0.196118      0.014693        27 
       9440    14.61      2.389787      0.180939      0.016819        27 
       9638    14.62      2.402702      0.183540      0.013518        27 
      15933    14.66      2.363770      0.200539      0.014056        27 
      11486    14.68      2.375508      0.197083      0.015196        27 
      14609    14.69      2.388147      0.182467      0.017596        27 
       9139    14.72      2.372790      0.197105      0.014694        27 
      35859    14.78      2.332317      0.198420      0.013706        27 
      48766    14.85      2.375162      0.184093      0.018531        27 
      12841    14.86      2.325055      0.195795      0.013270        27 
      20686    14.89      2.341564      0.186016      0.012929        27 
      27131    14.91      2.377761      0.182638      0.016834        27 
      15116    14.98      2.378468      0.196075      0.012841        27 
      21806    15.01      2.399486      0.185802      0.016737        27 
      31021    15.01      2.357824      0.193342      0.018003        27 
      30651    15.10      2.395088      0.180257      0.014649        27 
       9654    15.12      2.342383      0.182931      0.011910        27 
      96640    15.13      2.389216      0.180624      0.015854        27 
      56444    15.17      2.387191      0.192922      0.012546        27 
      39375    15.18      2.345978      0.183525      0.018843        27 
      38184    15.19      2.326693      0.192055      0.014014        27 
      47250    15.20      2.347610      0.192961      0.014681        27 
      28247    15.21      2.386222      0.190759      0.013425        27 
      37643    15.27      2.373448      0.198250      0.012818        27 
      26091    15.28      2.312070      0.197627      0.015238        27 
      41498    15.28      2.371698      0.184326      0.012920        27 
      25625    15.29      2.384138      0.190909      0.013534        27 
      61052    15.29      2.402496      0.190531      0.013394        27 
      64372    15.32      2.395338      0.193816      0.014410        27 
      42622    15.35      2.348635      0.192032      0.019176        27 
      30046    15.36      2.362982      0.182622      0.017465        27 
      52337    15.36      2.388140      0.190120      0.013006        27 
      46691    15.41      2.332889      0.191979      0.014598        27 
      27307    15.43      2.354542      0.194967      0.018241        27 
      16304    15.44      2.383053      0.189838      0.014408        27 
      12241    15.46      2.327908      0.188534      0.011384        27 
      55548    15.53      2.347972      0.191470      0.015778        27 
      94833    15.54      2.370653      0.182854      0.012981        27 
      87161    15.56      2.376768      0.190916      0.012670        27 
     102353    15.56      2.379198      0.197995      0.013912        27 
      47497    15.57      2.366734      0.200761      0.014211        27 
      58501    15.58      2.325528      0.196042      0.012051        27 
      18314    15.59      2.365583      0.189764      0.014574        27 
      50474    15.59      2.373878      0.184744      0.012033        27 
      59170    15.60      2.393410      0.181728      0.016876        27 
     101343    15.60      2.368681      0.190560      0.016326        27 
      22501    15.62      2.371446      0.185184      0.013337        27 
      28497    15.62      2.355900      0.193604      0.016744        27 
      95802    15.65      2.402348      0.177025      0.013374        27 
      54350    15.66      2.370131      0.188756      0.013792        27 
      75353    15.70      2.395363      0.190331      0.013757        27 
      61100    15.75      2.385839      0.180157      0.017707        27 
      80307    15.75      2.346361      0.196372      0.011881        27 
      89552    15.77      2.338395      0.190955      0.012771        27 
      75276    15.78      2.337155      0.190928      0.019383        27 
      42919    15.84      2.341916      0.185037      0.011960        27 
      89700    15.84      2.393916      0.193380      0.017638        27 
      53042    15.88      2.341042      0.183026      0.010156        27 
      12517    15.89      2.349287      0.186435      0.014811        27 
     101916    15.89      2.400039      0.184932      0.014576        27 
      95100    15.91      2.363988      0.196785      0.016508        27 
      49881    15.93      2.356021      0.195968      0.014618        27 
      84825    15.93      2.343126      0.184621      0.014920        27 
      94834    15.95      2.395308      0.176942      0.011592        27 
      32551    15.96      2.374482      0.192715      0.013708        27 
      75792    16.00      2.406268      0.191591      0.013069        27 
     102841    16.02      2.397534      0.180544      0.016996        27 
     103532    16.07      2.349310      0.184219      0.014044        27 
      65384    16.08      2.388103      0.191303      0.012596        27 
     160120    16.09      2.394617      0.193419      0.013620        27 
      61332    16.10      2.312825      0.197712      0.015286        27 
     114561    16.10      2.396439      0.191713      0.013845        27 
     120755    16.10      2.350816      0.179361      0.015494        27 
      68697    16.11      2.341805      0.181959      0.008990        27 
      75109    16.11      2.344855      0.192922      0.014286        27 
      57193    16.18      2.402829      0.190024      0.013658        27 
      43939    16.19      2.326242      0.194289      0.015037        27 
     127599    16.19      2.394275      0.180707      0.011236        27 
     106968    16.20      2.364430      0.188543      0.014559        27 
      35367    16.24      2.393646      0.190998      0.017519        27 
     131677    16.26      2.336632      0.194043      0.014209        27 
     124739    16.27      2.366228      0.194265      0.015109        27 
     164701    16.27      2.341060      0.195455      0.014901        27 
     128338    16.30      2.339332      0.189713      0.014940        27 
     102880    16.31      2.374714      0.193969      0.016578        27 
      74598    16.33      2.354318      0.182836      0.013775        27 
      90937    16.33      2.395348      0.186198      0.013742        27 
     106227    16.34      2.376048      0.186870      0.013825        27 
     107272    16.36      2.384801      0.189087      0.013175        27 
      39930    16.38      2.391518      0.189972      0.012753        27 
     112324    16.39      2.346280      0.183607      0.015035        27 
      89977    16.41      2.377294      0.184259      0.017138        27 
     108159    16.42      2.361208      0.182605      0.014569        27 
     139237    16.43      2.400414      0.190105      0.017526        27 
      86824    16.44      2.355426      0.193292      0.020600        27 
     112794    16.47      2.387010      0.180561      0.015495        27 
     151670    16.48      2.356412      0.187629      0.013509        27 
     196358    16.48      2.396543      0.190731      0.012606        27 
      69352    16.50      2.385337      0.187452      0.011479        27 
     156030    16.51      2.350802      0.186638      0.012718        27 
     172101    16.51      2.357693      0.189913      0.012644        27 
     196314    16.51      2.372350      0.187613      0.015143        27 
     103882    16.52      2.337944      0.184832      0.017362        27 
      77343    16.54      2.335284      0.188167      0.013421        27 
     148489    16.54      2.361190      0.196142      0.015427        27 
      86971    16.55      2.361040      0.200252      0.014023        27 
      90527    16.56      2.345991      0.197119      0.013634        27 
     118590    16.56      2.358131      0.193128      0.012531        27 
     137506    16.56      2.397818      0.193755      0.018963        27 
     154467    16.56      2.352977      0.192276      0.014214        27 
      33884    16.57      2.347238      0.191995      0.015247        27 
      80697    16.57      2.389228      0.196465      0.012436        27 
     121003    16.57      2.388572      0.187680      0.016099        27 
     132133    16.59      2.383882      0.189907      0.012846        27 
     170366    16.59      2.358666      0.197440      0.015773        27 
     131633    16.60      2.404903      0.182789      0.014485        27 
     143680    16.60      2.390495      0.188928      0.016836        27 
     115731    16.61      2.329719      0.197918      0.015892        27 
     121085    16.61      2.329892      0.185517      0.015284        27 
     125750    16.61      2.403859      0.187449      0.013692        27 
     100843    16.63      2.375619      0.186091      0.014107        27 
      81009    16.64      2.401264      0.186819      0.015160        27 
      72112    16.65      2.359882      0.199024      0.013509        27 
     120507    16.67      2.400120      0.181283      0.013200        27 
     131014    16.69      2.371429      0.194196      0.015653        27 
      50764    16.70      2.397897      0.191104      0.012661        27 
     107334    16.70      2.328965      0.190243      0.018280        27 
     194602    16.70      2.352373      0.197113      0.015345        27 
     100110    16.71      2.380159      0.185557      0.015634        27 
     148223    16.71      2.318044      0.195270      0.012086        27 
     203890    16.71      2.323784      0.193201      0.016942        27 
     144641    16.72      2.335670      0.195996      0.016235        27 
     184324    16.73      2.330166      0.198160      0.015398        27 
     156873    16.75      2.400786      0.184674      0.014796        27 
     172132    16.75      2.393230      0.177226      0.012350        27 
      89320    16.76      2.335281      0.183578      0.012247        27 
     106366    16.77      2.380845      0.195521      0.016624        27 
     168406    16.77      2.318039      0.198641      0.012119        27 
     194622    16.77      2.401935      0.179856      0.013312        27 
     177387    16.78      2.384393      0.192682      0.013496        27 
     124334    16.79      2.359286      0.187721      0.013338        27 
     214609    16.79      2.380806      0.196424      0.010298        27 
      96023    16.80      2.352959      0.180300      0.016564        27 
     115493    16.81      2.384957      0.185807      0.013664        27 
     121059    16.82      2.389544      0.191871      0.017241        27 
     156800    16.82      2.378805      0.194668      0.015936        27 
     165364    16.82      2.341645      0.185714      0.012882        27 
     155383    16.84      2.395710      0.193566      0.014526        27 
     183878    16.84      2.383976      0.193746      0.012349        27 
     253746    16.84      2.390840      0.178288      0.015363        27 
     129543    16.85      2.355797      0.179212      0.015782        27 
      62290    16.86      2.389016      0.195562      0.012769        27 
     139027    16.86      2.387491      0.190581      0.013983        27 
     167031    16.86      2.386497      0.190692      0.017066        27 
     169596    16.86      2.335768      0.191711      0.017038        27 
      92572    16.87      2.332082      0.182892      0.014409        27 
      80827    16.89      2.364387      0.194340      0.012056        27 
     213391    16.89      2.392428      0.190066      0.017221        27 
     101396    16.90      2.377718      0.191928      0.013919        27 
     136676    16.90      2.381350      0.185372      0.014595        27 
     154386    16.90      2.354686      0.193676      0.015048        27 
     176152    16.95      2.362173      0.185251      0.015386        27 
     190791    16.95      2.337169      0.182770      0.014452        27 
     125141    16.96      2.352195      0.195262      0.021061        27 
     193103    16.97      2.351327      0.184342      0.014089        27 
     312028    16.97      2.397638      0.189605      0.016199        27 
     130523    16.98      2.323269      0.191163      0.014568        27 
     157524    16.98      2.333489      0.187295      0.013083        27 
     181003    16.98      2.379277      0.193295      0.015036        27 
     241728    16.99      2.363581      0.196422      0.013850        27 
      77393    17.00      2.332850      0.185136      0.019214        27 
     195151    17.00      2.396343      0.182563      0.016515        27 
     264468    17.01      2.389193      0.194166      0.013554        27 
     145930    17.02      2.364569      0.194722      0.017595        27 
     193155    17.02      2.366136      0.187842      0.014583        27 
     251672    17.02      2.379520      0.187975      0.015570        27 
     146019    17.03      2.384203      0.185943      0.016886        27 
     152571    17.03      2.370788      0.198261      0.012731        27 
     264942    17.03      2.385330      0.190605      0.012410        27 
     160672    17.04      2.347908      0.192248      0.015479        27 
     160684    17.05      2.358357      0.198548      0.013087        27 
     192166    17.05      2.379062      0.187667      0.017120        27 
     260541    17.06      2.397819      0.187792      0.014174        27 
     199309    17.07      2.371564      0.192772      0.013895        27 
     164569    17.08      2.369492      0.195393      0.013571        27 
     242252    17.08      2.353818      0.187410      0.013904        27 
     275846    17.08      2.350799      0.197457      0.014245        27 
     138996    17.09      2.335818      0.192460      0.014669        27 
     163066    17.11      2.328039      0.194682      0.016501        27 
     221867    17.13      2.326516      0.191998      0.014003        27 
     183932    17.16      2.397650      0.192062      0.013140        27 
     100216    17.17      2.358807      0.196287      0.014038        27 
     148237    17.17      2.373162      0.189865      0.016280        27 
     252787    17.19      2.342324      0.188608      0.012354        27 
     384282    17.20      2.392348      0.191944      0.018597        27 
     179794    17.21      2.336036      0.185626      0.020652        27 
     180389    17.21      2.384736      0.185579      0.013162        27 
     212062    17.21      2.396205      0.188963      0.013425        27 
     220940    17.21      2.332264      0.194484      0.015381        27 
     247874    17.21      2.343312      0.183959      0.019387        27 
     262056    17.22      2.341622      0.192930      0.017705        27 
     338403    17.22      2.348707      0.192190      0.012254        27 
     144628    17.23      2.403780      0.190266      0.013645        27 
     205900    17.23      2.370707      0.188712      0.014312        27 
     255901    17.23      2.355248      0.178067      0.015015        27 
     285784    17.23      2.390118      0.183320      0.018140        27 
     304799    17.23      2.374897      0.190444      0.015430        27 
     169023    17.27      2.349652      0.183311      0.015377        27 
     173589    17.27      2.328004      0.196702      0.016649        27 
     181989    17.27      2.390294      0.193199      0.017870        27 
     155024    17.28      2.345721      0.190594      0.014635        27 
     223138    17.28      2.376530      0.195930      0.014907        27 
     158631    17.31      2.369771      0.192440      0.013560        27 
     253813    17.32      2.358146      0.179174      0.018659        27 
     303441    17.32      2.399686      0.184914      0.015109        27 
     145683    17.33      2.364847      0.186001      0.014277        27 
     181922    17.33      2.344511      0.199222      0.015596        27 
     313618    17.33      2.358751      0.189269      0.012778        27 
     317427    17.33      2.379857      0.185219      0.016352        27 
     250609    17.34      2.337320      0.182597      0.009466        27 
     336783    17.35      2.337145      0.190368      0.015445        27 
     216444    17.36      2.328958      0.190608      0.012788        27 
     296904    17.37      2.356603      0.191994      0.013388        27 
     131759    17.38      2.388820      0.189933      0.015453        27 
     266551    17.38      2.333846      0.184380      0.015309        27 
     247884    17.39      2.369927      0.198607      0.017132        27 
     253776    17.39      2.324526      0.190926      0.012912        27 
     297929    17.39      2.339151      0.188230      0.014397        27 
     337618    17.41      2.376638      0.189186      0.017342        27 
     350785    17.41      2.368104      0.189014      0.014136        27 
     348733    17.43      2.347003      0.193329      0.015491        27 
     134313    17.45      2.344629      0.191348      0.018516        27 
     227182    17.45      2.343996      0.192237      0.018003        27 
     316459    17.45      2.410494      0.181755      0.011313        27 
     228833    17.46      2.353232      0.196919      0.016980        27 
     203587    17.47      2.355957      0.184303      0.014326        27 
     275835    17.47      2.337988      0.187537      0.015938        27 
     282547    17.47      2.379615      0.195080      0.017410        27 
     318528    17.47      2.337727      0.183980      0.013320        27 
     354204    17.47      2.376188      0.187723      0.016380        27 
     383106    17.47      2.386860      0.192994      0.016295        27 
     147120    17.48      2.361057      0.194264      0.013904        27 
     297384    17.48      2.383078      0.194971      0.012880        27 
     317757    17.48      2.384199      0.185486      0.013969        27 
     409067    17.48      2.381201      0.184996      0.015259        27 
     225238    17.49      2.394593      0.196034      0.011955        27 
     267916    17.51      2.347462      0.189545      0.012535        27 
     289155    17.51      2.363069      0.183449      0.015669        27 
     311294    17.51      2.404590      0.183032      0.012490        27 
     253785    17.52      2.357263      0.197936      0.015807        27 
     321337    17.52      2.350402      0.192882      0.015127        27 
     469748    17.54      2.394957      0.190954      0.014490        27 
     211128    17.56      2.352370      0.190016      0.012355        27 
     273320    17.57      2.360727      0.197925      0.013380        27 
     257299    17.58      2.362608      0.182881      0.017191        27 
     279997    17.58      2.351888      0.191647      0.013919        27 
     266175    17.62      2.348482      0.196131      0.012919        27 
     351276    17.62      2.388205      0.196294      0.016284        27 
     332485    17.63      2.354819      0.184113      0.018259        27 
     346406    17.63      2.361367      0.195880      0.014167        27 
     326265    17.66      2.354711      0.193253      0.012275        27 
     158663    17.67      2.412039      0.184804      0.013535        27 
     296681    17.68      2.395515      0.184663      0.013454        27 
     325024    17.68      2.367253      0.198965      0.017576        27 
     328179    17.69      2.337133      0.185418      0.014441        27 
     344623    17.69      2.399408      0.186532      0.015436        27 
   2004VS79    17.69      2.385388      0.194370      0.015385        27 
     249581    17.70      2.411093      0.181590      0.012146        27 
     294861    17.70      2.328130      0.193570      0.013422        27 
     349627    17.70      2.405747      0.185863      0.014114        27 
     278094    17.71      2.352727      0.181319      0.016301        27 
     389373    17.71      2.339576      0.190415      0.014237        27 
     277297    17.72      2.333031      0.193453      0.014675        27 
     256751    17.73      2.373151      0.184180      0.014295        27 
     338475    17.74      2.363229      0.192526      0.015875        27 
     288892    17.75      2.351571      0.182178      0.017174        27 
     305728    17.77      2.365639      0.200429      0.013940        27 
     340092    17.77      2.325004      0.196208      0.013404        27 
   2009QN41    17.78      2.347225      0.185047      0.013421        27 
     213017    17.81      2.361802      0.189053      0.015500        27 
  2000SR239    17.81      2.399256      0.183471      0.015402        27 
     469807    17.82      2.388492      0.187660      0.012283        27 
     298979    17.84      2.393913      0.191819      0.018028        27 
     430573    17.85      2.407762      0.180780      0.011417        27 
     386067    17.86      2.348543      0.189311      0.011544        27 
     324966    17.87      2.332363      0.191261      0.018932        27 
  2005TV107    17.88      2.335297      0.193775      0.016446        27 
     317371    17.89      2.363236      0.188526      0.014116        27 
     264333    17.90      2.330229      0.186567      0.012113        27 
     373630    17.90      2.323696      0.190859      0.012657        27 
     565357    17.90      2.322645      0.192112      0.017261        27 
     368905    17.91      2.361329      0.193474      0.015748        27 
     386080    17.91      2.382960      0.197485      0.011537        27 
     399683    17.92      2.355340      0.189464      0.013193        27 
     229342    17.93      2.367392      0.201077      0.014184        27 
     312121    17.93      2.400464      0.181489      0.010480        27 
     379154    17.93      2.345937      0.197347      0.013815        27 
     203617    17.95      2.409359      0.182257      0.013596        27 
     294982    17.95      2.346506      0.197293      0.014515        27 
     400278    17.95      2.360281      0.191988      0.013213        27 
     383582    17.97      2.399312      0.184052      0.014476        27 
     441489    17.97      2.325037      0.193530      0.017085        27 
     486093    17.97      2.332437      0.189713      0.018300        27 
     200761    17.98      2.331027      0.197078      0.013214        27 
     329337    17.98      2.360527      0.188178      0.014124        27 
     339882    17.98      2.341578      0.191280      0.018692        27 
     354940    17.98      2.354328      0.194764      0.019703        27 
     477348    17.98      2.338214      0.184794      0.016549        27 
     404227    17.99      2.342946      0.184057      0.012931        27 
     266600    18.00      2.374366      0.193165      0.016692        27 
   2013YE39    18.00      2.375110      0.184287      0.013869        27 
     415567    18.01      2.402388      0.191387      0.018999        27 
     439020    18.01      2.342258      0.190472      0.012232        27 
     474900    18.03      2.388596      0.191584      0.012558        27 
     367126    18.05      2.388833      0.185191      0.012648        27 
     469760    18.05      2.382169      0.199100      0.012199        27 
     381717    18.07      2.386097      0.185870      0.018111        27 
     446273    18.07      2.367784      0.191418      0.015066        27 
     428112    18.09      2.379887      0.184931      0.017944        27 
     431717    18.10      2.323827      0.196502      0.012002        27 
     499572    18.10      2.361044      0.194403      0.014530        27 
   2004GG80    18.10      2.368462      0.185570      0.015008        27 
     367999    18.11      2.370093      0.197163      0.016930        27 
     426061    18.11      2.346976      0.187061      0.013930        27 
     422610    18.12      2.346857      0.188163      0.015274        27 
     301278    18.14      2.371177      0.188098      0.014086        27 
     397191    18.14      2.387034      0.187280      0.016009        27 
     451082    18.14      2.404971      0.174402      0.013136        27 
     310301    18.16      2.399318      0.189734      0.018482        27 
     421517    18.16      2.355959      0.186301      0.015658        27 
     309267    18.17      2.358059      0.192779      0.013176        27 
     374733    18.17      2.369695      0.195088      0.016009        27 
     408319    18.17      2.339160      0.189839      0.012460        27 
     511113    18.18      2.393090      0.186829      0.013694        27 
   2011DA21    18.20      2.393903      0.196269      0.011818        27 
     358042    18.21      2.313685      0.197686      0.014190        27 
     501679    18.22      2.341488      0.190245      0.013072        27 
     356335    18.23      2.352162      0.182665      0.015118        27 
     517240    18.23      2.375197      0.197288      0.012399        27 
     530887    18.24      2.327706      0.196211      0.015247        27 
     481084    18.26      2.326155      0.194856      0.014351        27 
     269846    18.28      2.347471      0.192803      0.015140        27 
     420423    18.28      2.386258      0.186099      0.017169        27 
   2017QV21    18.28      2.396331      0.193581      0.017711        27 
     579682    18.29      2.342868      0.192987      0.019101        27 
     594013    18.31      2.365178      0.200334      0.014060        27 
   2017WJ22    18.31      2.342112      0.184595      0.015325        27 
   2000OK70    18.32      2.381940      0.182056      0.019114        27 
   2008CE34    18.33      2.370373      0.188850      0.014922        27 
     612797    18.34      2.349535      0.183654      0.017806        27 
  2005SA296    18.34      2.312801      0.197906      0.014888        27 
  2011SS245    18.34      2.371900      0.187811      0.013504        27 
  2004XU122    18.35      2.379536      0.191691      0.013013        27 
     568418    18.36      2.396322      0.195738      0.012828        27 
     579197    18.37      2.343226      0.194409      0.011498        27 
    2009FM1    18.37      2.375072      0.194042      0.016547        27 
  2007RP146    18.37      2.364414      0.186147      0.014364        27 
     404826    18.38      2.355598      0.194249      0.012419        27 
     601032    18.38      2.390270      0.186778      0.015360        27 
     379569    18.39      2.338766      0.181709      0.011944        27 
     412922    18.40      2.350805      0.184161      0.018521        27 
     345279    18.41      2.364641      0.195841      0.013629        27 
   2002QP51    18.41      2.332061      0.188757      0.018434        27 
   2011QY50    18.42      2.382231      0.194572      0.011166        27 
     552286    18.43      2.382753      0.186263      0.011782        27 
   2005HK12    18.43      2.356604      0.178554      0.019171        27 
     481065    18.45      2.331626      0.192900      0.014116        27 
     439062    18.46      2.342458      0.199961      0.016994        27 
  2008CM144    18.46      2.379478      0.192366      0.014405        27 
     467939    18.48      2.364287      0.197340      0.016083        27 
     511873    18.48      2.387772      0.196639      0.011868        27 
     369965    18.49      2.340108      0.183755      0.013412        27 
     453371    18.49      2.375071      0.193356      0.014890        27 
  2004FH169    18.51      2.324174      0.195431      0.011594        27 
  2007VS339    18.51      2.401271      0.190842      0.017849        27 
     491701    18.52      2.342280      0.192078      0.015425        27 
     473882    18.53      2.378954      0.196192      0.011561        27 
     529852    18.53      2.397807      0.182599      0.013875        27 
     410329    18.54      2.328970      0.186708      0.013756        27 
   2008UH27    18.56      2.326822      0.189792      0.012734        27 
   2014OW52    18.56      2.345426      0.198925      0.014884        27 
   2009SY44    18.58      2.318484      0.192268      0.018142        27 
  2004TT380    18.58      2.331028      0.193725      0.015265        27 
  2012FJ102    18.58      2.385139      0.192190      0.016321        27 
     569170    18.59      2.332297      0.198333      0.015465        27 
   2020HO13    18.59      2.353036      0.193364      0.014212        27 
   2006GR53    18.60      2.317734      0.196737      0.013603        27 
   2012UP28    18.60      2.363254      0.192785      0.012501        27 
   2018FU35    18.60      2.374782      0.191611      0.015322        27 
     360389    18.61      2.358367      0.184038      0.014206        27 
   2008VP48    18.61      2.354018      0.183884      0.016114        27 
  2013GK122    18.61      2.357869      0.194144      0.017914        27 
  2015BD597    18.61      2.348334      0.191654      0.010873        27 
     590476    18.62      2.403140      0.175484      0.013517        27 
   2010TU87    18.62      2.385177      0.184650      0.012247        27 
   2013NC55    18.62      2.305464      0.195313      0.016016        27 
   2018LM32    18.62      2.356511      0.186075      0.013605        27 
  2012HA103    18.62      2.365960      0.194522      0.015716        27 
  2006QF190    18.63      2.350188      0.187059      0.012788        27 
   2007DV72    18.64      2.396101      0.181685      0.013535        27 
   1999TF50    18.66      2.385823      0.191980      0.015550        27 
   2009QO76    18.66      2.366041      0.187892      0.014230        27 
  2008YO151    18.66      2.402272      0.187807      0.016137        27 
   2013TV70    18.69      2.386364      0.190297      0.014539        27 
  2009HV121    18.71      2.410877      0.183494      0.014712        27 
     497086    18.72      2.354029      0.185561      0.016178        27 
   2006DP74    18.72      2.373041      0.186428      0.013339        27 
     589073    18.73      2.367812      0.197682      0.016284        27 
     565634    18.74      2.393242      0.188633      0.013479        27 
   2014TT67    18.74      2.338159      0.184807      0.015418        27 
    2007DD6    18.75      2.377961      0.196905      0.015709        27 
  2001DV114    18.75      2.377189      0.181214      0.019015        27 
  2007TG130    18.75      2.387726      0.186110      0.014259        27 
  2012TP194    18.75      2.325686      0.191880      0.014054        27 
  2015AF192    18.75      2.363826      0.194380      0.013905        27 
     613419    18.76      2.307964      0.195721      0.014864        27 
   2006SK20    18.78      2.364863      0.183245      0.015946        27 
  2006UL295    18.78      2.370413      0.191685      0.013994        27 
     491934    18.79      2.356981      0.199144      0.012405        27 
     592366    18.79      2.357519      0.189954      0.012947        27 
  2009SC375    18.80      2.367788      0.195158      0.016472        27 
   2005QM91    18.81      2.356972      0.182944      0.017578        27 
     540879    18.82      2.346085      0.193927      0.012832        27 
   2014MW90    18.83      2.350768      0.191917      0.013005        27 
  2014OL240    18.83      2.360513      0.193608      0.016998        27 
     469360    18.85      2.373010      0.194749      0.013871        27 
   2004TP58    18.85      2.398787      0.177620      0.013356        27 
   2011SU83    18.87      2.333750      0.184241      0.020712        27 
   2014RA86    18.87      2.356592      0.195247      0.011891        27 
   2007FB55    18.88      2.328024      0.189332      0.011639        27 
   2014EP15    18.88      2.383309      0.190759      0.014296        27 
   2017NX13    18.88      2.401967      0.190862      0.013239        27 
     488857    18.90      2.347062      0.183809      0.015841        27 
  2015AN305    18.90      2.392383      0.192204      0.016396        27 
   2003UH46    18.91      2.377854      0.189609      0.013323        27 
   2007HH60    18.91      2.359898      0.193521      0.017436        27 
   2012KS51    18.91      2.364397      0.198320      0.016278        27 
   2017RU35    18.91      2.345634      0.188639      0.016817        27 
  2010JY161    18.91      2.335523      0.184386      0.015439        27 
  2013SE103    18.91      2.394646      0.188669      0.016727        27 
  2000CL154    18.92      2.340701      0.194912      0.013590        27 
     611115    18.93      2.392535      0.186364      0.015828        27 
   2011WB36    18.93      2.343795      0.190400      0.012200        27 
  2011HW105    18.94      2.344566      0.195696      0.011212        27 
   2014VQ14    18.95      2.332189      0.184637      0.015504        27 
   2005GF98    18.97      2.402372      0.188966      0.015846        27 
  2015TA408    18.97      2.392964      0.178621      0.014730        27 
  2012UA230    18.98      2.397821      0.178159      0.012977        27 
  2013CZ204    18.98      2.337140      0.184633      0.013254        27 
  2016EM274    18.99      2.367790      0.196308      0.012611        27 
  2017UR104    18.99      2.393194      0.191817      0.013026        27 
  2001VU137    19.00      2.349780      0.190470      0.015078        27 
  2010VB223    19.00      2.363793      0.191600      0.016018        27 
   2016GL30    19.01      2.334188      0.198128      0.016816        27 
   2007UC70    19.02      2.397820      0.180293      0.014537        27 
  2012UK207    19.03      2.360510      0.197170      0.012476        27 
    2018DQ9    19.04      2.385232      0.185268      0.012544        27 
   1998RJ11    19.04      2.339253      0.185246      0.019998        27 
   2006FN59    19.04      2.313283      0.194848      0.015627        27 
   2006KY82    19.04      2.390534      0.195459      0.016978        27 
  2008SW261    19.04      2.326383      0.193080      0.016952        27 
  2017OW128    19.04      2.397726      0.180821      0.011074        27 
  2014UB188    19.05      2.395711      0.191133      0.015921        27 
  2005TT191    19.06      2.331048      0.191475      0.013249        27 
  2016EA290    19.06      2.313697      0.196373      0.016292        27 
   2008FD87    19.07      2.372231      0.184878      0.012789        27 
   2019RV85    19.07      2.358352      0.190653      0.014562        27 
   2017JM10    19.08      2.362442      0.195687      0.017320        27 
   2013UE40    19.10      2.343820      0.192829      0.019875        27 
  2005EZ347    19.10      2.389394      0.189513      0.016013        27 
  2008YT189    19.10      2.343740      0.194318      0.013544        27 
  2004TH114    19.11      2.351948      0.194494      0.013967        27 
  2015FQ455    19.11      2.394822      0.177699      0.013309        27 
  2008GY161    19.12      2.363171      0.196379      0.016067        27 
  2008UR398    19.13      2.373381      0.194609      0.014419        27 
  2011UX455    19.13      2.321649      0.190638      0.012957        27 
   2005TG22    19.14      2.399887      0.181173      0.011986        27 
  2014OP421    19.16      2.382395      0.194668      0.014786        27 
   2013ET17    19.17      2.325486      0.193171      0.012652        27 
   2010TZ23    19.18      2.319135      0.197563      0.012821        27 
   2015GX71    19.20      2.358660      0.194003      0.015140        27 
  2016CG356    19.21      2.347436      0.188766      0.014394        27 
   2019CY21    19.23      2.400573      0.193551      0.019159        27 
  2000CB147    19.23      2.362131      0.195044      0.011882        27 
  2005EU246    19.23      2.316540      0.193938      0.018189        27 
  2005SR200    19.23      2.338976      0.193912      0.015925        27 
   2013JZ19    19.24      2.343398      0.182868      0.016285        27 
  2005UD326    19.24      2.369456      0.192907      0.016582        27 
   2010SW25    19.26      2.375054      0.188565      0.015220        27 
  2015HJ205    19.27      2.364378      0.196865      0.012006        27 
  2015HZ206    19.27      2.331262      0.196055      0.015389        27 
   2005RS61    19.28      2.375767      0.197586      0.014233        27 
  2015DX200    19.28      2.380195      0.182583      0.017895        27 
   2013NQ37    19.30      2.323751      0.197153      0.012958        27 
  2007RY226    19.30      2.327194      0.197323      0.015062        27 
   2008GL56    19.32      2.367391      0.189092      0.013948        27 
   2012MC13    19.32      2.343352      0.184390      0.019382        27 
   2015DY84    19.33      2.374354      0.183593      0.013377        27 
  2014UU104    19.33      2.338814      0.184913      0.017604        27 
    2022CZ9    19.34      2.348069      0.193789      0.012177        27 
   2021EP47    19.37      2.357201      0.196315      0.017336        27 
   2005BN34    19.39      2.314778      0.197377      0.014744        27 
  2012TG242    19.39      2.403393      0.189923      0.013941        27 
  2014DV186    19.40      2.327843      0.197117      0.016589        27 
   2019RK39    19.43      2.394391      0.189233      0.017396        27 
   2011AU96    19.44      2.370828      0.199346      0.013726        27 
   2017QC82    19.48      2.368231      0.194387      0.014370        27 
  2008TP209    19.50      2.375345      0.184724      0.010592        27 
  2015HY138    19.50      2.380614      0.188797      0.014228        27 
   2012FO16    19.52      2.330615      0.196037      0.016688        27 
  2005QN210    19.54      2.325758      0.191887      0.014039        27 
  2008RD163    19.60      2.386628      0.195472      0.015399        27 
  2012TG364    19.68      2.338077      0.195164      0.012946        27 
  2014JX133    19.68      2.332850      0.191492      0.017776        27 
   2005XR22    19.69      2.344615      0.191600      0.014728        27 
  2014WK461    19.73      2.356067      0.179886      0.017728        27 
  2014DH189    19.77      2.319533      0.196895      0.012447        27 
  2017BB192    19.96      2.377516      0.195762      0.014735        27 
