        283     8.66      3.046020      0.113196      0.158313       283 
       3369    12.15      3.044754      0.113864      0.157841       283 
      13618    12.86      3.046890      0.111734      0.156937       283 
      17754    13.00      3.043384      0.113707      0.158216       283 
      15974    13.02      3.048226      0.113356      0.158013       283 
      11793    13.07      3.041317      0.112806      0.157700       283 
      14076    13.11      3.044459      0.113174      0.158171       283 
      14736    13.17      3.053988      0.114746      0.158405       283 
      16897    13.23      3.048682      0.113714      0.158109       283 
      39539    13.26      3.053510      0.110497      0.157136       283 
      29266    13.31      3.038827      0.126192      0.165378       283 
      30331    13.49      3.046206      0.112399      0.157617       283 
      50847    13.50      3.045655      0.113004      0.157891       283 
      26572    13.55      3.050046      0.113898      0.158183       283 
      82906    13.59      3.038802      0.119483      0.162701       283 
      59477    13.60      3.048370      0.110980      0.159177       283 
      20510    13.62      3.068061      0.120949      0.157948       283 
      51947    13.64      3.048962      0.116904      0.158504       283 
      25855    13.67      3.044376      0.110378      0.157008       283 
      55614    13.71      3.043128      0.112505      0.157416       283 
      86232    13.76      3.043032      0.115034      0.158647       283 
      32190    13.80      3.050314      0.113004      0.157487       283 
      28331    13.81      3.050489      0.113682      0.158105       283 
      47761    13.82      3.040808      0.113642      0.157842       283 
      21793    13.85      3.051634      0.113442      0.157361       283 
      40210    13.90      3.041673      0.121624      0.163915       283 
      47791    13.91      3.035031      0.113563      0.159062       283 
      21663    13.92      3.057116      0.114484      0.157306       283 
      34499    13.93      3.047296      0.111572      0.156706       283 
      54576    13.94      3.056937      0.114619      0.158048       283 
      41376    13.95      3.060622      0.116862      0.158018       283 
      34110    13.97      3.042700      0.117077      0.160998       283 
      50533    14.01      3.063754      0.117699      0.157863       283 
      41998    14.02      3.063133      0.117741      0.157989       283 
      53263    14.02      3.041186      0.119831      0.162629       283 
      38511    14.03      3.042762      0.117713      0.160586       283 
      60638    14.04      3.060614      0.116859      0.157614       283 
      25904    14.06      3.043258      0.115256      0.158604       283 
      37264    14.07      3.050873      0.113355      0.157476       283 
      56879    14.07      3.037553      0.109516      0.155968       283 
      77825    14.07      3.055817      0.120050      0.158125       283 
      66016    14.09      3.048795      0.111632      0.156367       283 
      78629    14.19      3.056399      0.114088      0.157777       283 
     123343    14.20      3.043978      0.118962      0.160185       283 
      72822    14.25      3.050593      0.113063      0.157892       283 
      66010    14.31      3.066694      0.119366      0.158294       283 
      51334    14.32      3.045289      0.113863      0.158431       283 
      66033    14.35      3.046061      0.115899      0.158532       283 
      89821    14.36      3.036390      0.120163      0.162902       283 
     119921    14.36      3.038209      0.112348      0.156679       283 
      58977    14.40      3.035995      0.114624      0.158628       283 
      71640    14.41      3.062702      0.116078      0.157725       283 
      39771    14.42      3.041637      0.118039      0.160326       283 
      80060    14.42      3.051515      0.113118      0.157395       283 
     106783    14.44      3.049521      0.117607      0.158714       283 
      55928    14.45      3.035076      0.118788      0.161350       283 
      62147    14.45      3.063154      0.116541      0.157436       283 
     103964    14.46      3.052992      0.112932      0.157278       283 
     123860    14.46      3.053815      0.112666      0.157447       283 
     114614    14.47      3.052630      0.113181      0.157532       283 
      94155    14.48      3.048078      0.118423      0.158903       283 
     138553    14.48      3.046375      0.111500      0.156961       283 
     119775    14.49      3.069028      0.120535      0.158950       283 
      32931    14.50      3.038710      0.119422      0.162371       283 
      60368    14.50      3.047163      0.114278      0.158586       283 
     191499    14.50      3.039915      0.108213      0.158203       283 
     109024    14.51      3.044740      0.113955      0.156821       283 
      83725    14.53      3.061338      0.114167      0.157122       283 
      97711    14.53      3.040110      0.120368      0.162480       283 
     191419    14.54      3.040409      0.121396      0.162975       283 
     119017    14.55      3.045793      0.110472      0.157138       283 
      89875    14.57      3.055802      0.112774      0.156648       283 
      94298    14.58      3.044448      0.107606      0.156007       283 
     103263    14.59      3.036745      0.118909      0.161755       283 
      54155    14.60      3.052754      0.112002      0.156955       283 
     120125    14.60      3.050057      0.111027      0.156489       283 
     135100    14.60      3.056073      0.112653      0.157350       283 
      58201    14.61      3.042387      0.108484      0.155753       283 
      67413    14.61      3.056275      0.112652      0.156948       283 
      80070    14.62      3.059777      0.114501      0.157138       283 
      92199    14.62      3.041338      0.120909      0.163154       283 
     201319    14.62      3.036411      0.121100      0.163890       283 
     118059    14.64      3.046093      0.116155      0.157985       283 
      73629    14.65      3.050582      0.117682      0.157694       283 
     106678    14.66      3.045504      0.110584      0.156122       283 
     123684    14.67      3.033620      0.114179      0.158221       283 
     128292    14.68      3.047738      0.117532      0.158445       283 
     103376    14.69      3.047379      0.110321      0.156481       283 
      84852    14.70      3.054136      0.115893      0.158654       283 
      91146    14.70      3.045487      0.108713      0.156650       283 
     105306    14.71      3.044435      0.119423      0.160603       283 
     106226    14.71      3.047715      0.112806      0.158280       283 
     108702    14.71      3.048156      0.111526      0.157215       283 
     108755    14.73      3.037005      0.119300      0.161660       283 
     189887    14.73      3.063300      0.116665      0.159970       283 
     152716    14.75      3.054673      0.119203      0.158418       283 
      64631    14.76      3.044231      0.108330      0.156344       283 
      39482    14.78      3.038826      0.115980      0.159828       283 
      62994    14.78      3.060377      0.115652      0.157608       283 
      64137    14.79      3.055100      0.113843      0.158163       283 
      82665    14.79      3.034479      0.113779      0.158406       283 
     121810    14.79      3.060050      0.115292      0.158461       283 
     123714    14.80      3.056790      0.112286      0.156736       283 
     160248    14.81      3.067746      0.119577      0.157094       283 
     166500    14.82      3.070758      0.117502      0.158025       283 
     161096    14.83      3.054579      0.111936      0.157285       283 
     123798    14.84      3.053799      0.112917      0.157342       283 
     104370    14.86      3.062635      0.115529      0.157686       283 
     118024    14.86      3.040767      0.116781      0.160124       283 
     124014    14.86      3.070490      0.119166      0.157890       283 
     146121    14.87      3.038955      0.120788      0.162143       283 
     105085    14.88      3.047554      0.110072      0.156123       283 
     105772    14.88      3.060351      0.114093      0.157415       283 
      83321    14.90      3.054749      0.120033      0.158136       283 
      89124    14.90      3.066034      0.117598      0.158000       283 
     118986    14.91      3.055164      0.114766      0.157938       283 
     154156    14.91      3.051684      0.111182      0.157923       283 
     176451    14.91      3.050327      0.118028      0.159475       283 
     115196    14.92      3.034235      0.117929      0.162285       283 
     171966    14.93      3.054954      0.112287      0.156970       283 
     131322    14.94      3.057692      0.112615      0.157075       283 
     133041    14.94      3.047308      0.112241      0.157343       283 
     197070    14.94      3.048270      0.112527      0.157649       283 
     110818    14.95      3.037917      0.121328      0.163634       283 
     156673    14.95      3.064320      0.117429      0.157762       283 
     116257    14.96      3.034015      0.120804      0.163204       283 
     187835    14.96      3.057928      0.113862      0.157068       283 
     146241    14.97      3.048930      0.112958      0.156904       283 
     208427    14.97      3.046955      0.112450      0.156983       283 
     117586    14.98      3.052710      0.112385      0.157415       283 
     140494    14.98      3.076677      0.109820      0.154397       283 
     231950    14.99      3.058421      0.113500      0.157191       283 
     196837    15.01      3.044524      0.119606      0.160859       283 
     228898    15.02      3.059675      0.114937      0.157728       283 
     113954    15.03      3.046892      0.110276      0.156238       283 
     189333    15.03      3.051015      0.113244      0.157747       283 
     190347    15.03      3.042876      0.108596      0.156009       283 
     189029    15.05      3.033160      0.120788      0.162411       283 
     134118    15.06      3.057879      0.113483      0.157111       283 
     138622    15.06      3.049967      0.119157      0.158827       283 
     138658    15.06      3.038832      0.116618      0.158966       283 
     221950    15.06      3.045889      0.112664      0.158513       283 
     266800    15.06      3.044394      0.109742      0.157668       283 
     161040    15.08      3.060304      0.115211      0.157863       283 
     196125    15.09      3.052328      0.119174      0.158471       283 
     236913    15.09      3.048814      0.116308      0.158531       283 
     143560    15.10      3.062217      0.115497      0.157467       283 
     163545    15.10      3.039006      0.112146      0.156586       283 
     182764    15.10      3.042560      0.118544      0.159999       283 
     185009    15.10      3.038893      0.119576      0.161502       283 
     136583    15.11      3.042574      0.113701      0.157785       283 
     255324    15.11      3.049262      0.119656      0.158910       283 
     161572    15.12      3.054343      0.112062      0.156734       283 
     228247    15.12      3.034577      0.118804      0.161921       283 
     174874    15.13      3.062330      0.118340      0.159315       283 
     214045    15.13      3.069718      0.119408      0.158954       283 
     186955    15.14      3.034349      0.118658      0.162673       283 
     210709    15.14      3.045106      0.107988      0.154911       283 
     286339    15.14      3.052234      0.112377      0.157814       283 
     200068    15.15      3.051204      0.111049      0.156511       283 
     219207    15.15      3.059943      0.114178      0.157663       283 
     206845    15.16      3.069195      0.117078      0.157496       283 
     247954    15.16      3.046807      0.117121      0.157658       283 
     182155    15.17      3.055401      0.121541      0.159112       283 
     159154    15.18      3.034108      0.113053      0.159587       283 
     265092    15.20      3.054972      0.112389      0.157151       283 
     197170    15.21      3.045954      0.116073      0.158357       283 
     197544    15.21      3.049745      0.119499      0.158091       283 
     220850    15.21      3.046600      0.108579      0.155941       283 
     184802    15.22      3.044932      0.123164      0.162892       283 
      91563    15.23      3.053887      0.111915      0.157565       283 
     200329    15.24      3.035485      0.122428      0.163268       283 
     230664    15.24      3.054961      0.120063      0.159900       283 
     113985    15.25      3.034694      0.113380      0.159427       283 
     195957    15.25      3.057524      0.114188      0.158436       283 
     217707    15.25      3.051245      0.110705      0.156506       283 
      91612    15.28      3.054685      0.111642      0.156750       283 
     276294    15.28      3.057538      0.113821      0.157713       283 
     123222    15.29      3.054361      0.111284      0.156574       283 
     139452    15.29      3.050301      0.114546      0.158674       283 
     153210    15.29      3.061557      0.107224      0.154799       283 
     230718    15.30      3.038903      0.121412      0.162496       283 
     170085    15.32      3.060097      0.113309      0.157250       283 
     248132    15.32      3.049893      0.110826      0.155352       283 
     151403    15.34      3.033918      0.112457      0.159884       283 
     322409    15.34      3.057709      0.112550      0.157028       283 
     168040    15.35      3.055106      0.112054      0.156498       283 
     206802    15.35      3.050515      0.107824      0.156019       283 
     209426    15.35      3.038870      0.116910      0.158043       283 
     276533    15.35      3.041864      0.123952      0.162777       283 
     157192    15.36      3.053301      0.113135      0.157804       283 
     234952    15.36      3.036661      0.120338      0.162583       283 
     176415    15.37      3.047573      0.117136      0.159018       283 
     147413    15.38      3.039650      0.122217      0.163074       283 
     238338    15.38      3.050172      0.113138      0.157460       283 
     333210    15.38      3.044985      0.110211      0.156146       283 
     143428    15.39      3.041571      0.124332      0.164046       283 
     166726    15.39      3.048825      0.108855      0.157144       283 
     249299    15.39      3.042627      0.108554      0.157354       283 
     331031    15.39      3.048579      0.124064      0.162172       283 
     201216    15.40      3.054869      0.113256      0.157196       283 
     210906    15.40      3.040982      0.117495      0.158871       283 
     221498    15.40      3.049832      0.119673      0.158824       283 
     223891    15.40      3.057415      0.113078      0.157591       283 
     264149    15.40      3.050458      0.114276      0.157260       283 
     288434    15.40      3.047008      0.117909      0.158621       283 
     373967    15.41      3.052983      0.121163      0.158342       283 
     140965    15.42      3.055882      0.111822      0.156462       283 
     280058    15.43      3.053183      0.119461      0.158606       283 
     329448    15.43      3.052402      0.118621      0.158985       283 
     185478    15.45      3.067021      0.117450      0.158446       283 
     189355    15.45      3.033245      0.119670      0.163474       283 
     213924    15.45      3.052069      0.120294      0.158231       283 
     249605    15.45      3.066015      0.114298      0.156775       283 
     270619    15.46      3.048828      0.109686      0.156064       283 
     296084    15.47      3.054587      0.112949      0.157360       283 
     286280    15.49      3.048479      0.121441      0.161058       283 
     313330    15.50      3.028607      0.123961      0.163136       283 
     186336    15.51      3.059986      0.112681      0.157155       283 
     208434    15.51      3.052431      0.114417      0.158318       283 
     208986    15.52      3.061144      0.113042      0.157012       283 
     320508    15.52      3.042388      0.123536      0.164037       283 
     175518    15.54      3.063795      0.115689      0.157182       283 
     222399    15.54      3.039640      0.115327      0.159887       283 
     244501    15.54      3.047191      0.126145      0.163710       283 
     267388    15.54      3.061558      0.114590      0.157515       283 
     270741    15.54      3.070663      0.115489      0.157460       283 
     285581    15.54      3.070714      0.114966      0.157804       283 
     119926    15.55      3.054581      0.109194      0.155470       283 
     287776    15.55      3.038173      0.119326      0.161101       283 
     325738    15.55      3.064103      0.116818      0.158707       283 
     291465    15.56      3.049927      0.110455      0.158322       283 
     318313    15.56      3.044198      0.125643      0.163618       283 
     288942    15.57      3.068172      0.112778      0.158537       283 
     308617    15.57      3.034737      0.122162      0.163269       283 
      86266    15.58      3.041127      0.125047      0.163424       283 
     195840    15.58      3.052868      0.113049      0.157171       283 
     248858    15.58      3.060858      0.112745      0.157289       283 
     265918    15.58      3.066244      0.116679      0.158792       283 
     280443    15.58      3.054057      0.111599      0.156106       283 
     335960    15.58      3.034298      0.123182      0.162842       283 
     292826    15.59      3.065675      0.116710      0.158405       283 
     300893    15.59      3.063400      0.113882      0.157032       283 
     207901    15.60      3.056481      0.112029      0.156823       283 
     313985    15.60      3.047021      0.108174      0.155573       283 
     324284    15.60      3.070233      0.115728      0.158155       283 
     343572    15.60      3.045493      0.108264      0.155726       283 
     300043    15.62      3.055220      0.111026      0.156423       283 
     168247    15.63      3.038629      0.110487      0.155514       283 
     319213    15.63      3.039827      0.120651      0.161818       283 
     353870    15.63      3.062884      0.113174      0.156942       283 
     238816    15.64      3.045838      0.108069      0.156627       283 
     271217    15.65      3.048345      0.108151      0.156589       283 
     307150    15.65      3.050112      0.108802      0.155314       283 
     247914    15.66      3.054857      0.113273      0.157332       283 
     230461    15.67      3.067096      0.116419      0.158167       283 
     316733    15.67      3.058702      0.113219      0.157167       283 
     344318    15.67      3.066264      0.115911      0.158180       283 
     203753    15.68      3.043135      0.126534      0.164495       283 
     243183    15.68      3.066323      0.115147      0.157619       283 
     251299    15.68      3.063470      0.114886      0.157680       283 
     261773    15.68      3.058972      0.113612      0.157255       283 
     333403    15.68      3.070114      0.114511      0.158802       283 
     361910    15.68      3.043317      0.122560      0.162740       283 
     314411    15.69      3.042073      0.118046      0.159752       283 
     206795    15.70      3.034776      0.122364      0.165060       283 
     288276    15.70      3.040995      0.121488      0.163266       283 
     178001    15.71      3.053610      0.114153      0.157899       283 
     226956    15.71      3.068106      0.114262      0.158176       283 
     248520    15.71      3.042599      0.117208      0.161118       283 
     274987    15.71      3.033814      0.114597      0.158181       283 
     325502    15.71      3.043713      0.123827      0.163330       283 
     325696    15.71      3.042153      0.112646      0.157755       283 
     262965    15.72      3.038652      0.119998      0.160888       283 
     297255    15.72      3.056884      0.112944      0.157047       283 
     328376    15.72      3.060059      0.114519      0.157275       283 
     328864    15.72      3.064973      0.117090      0.158820       283 
     333689    15.72      3.042231      0.124053      0.164204       283 
     235506    15.73      3.056948      0.112577      0.157511       283 
     305484    15.73      3.067905      0.114018      0.156585       283 
     329621    15.74      3.064347      0.114237      0.157128       283 
     519094    15.74      3.064590      0.113804      0.158325       283 
     363671    15.75      3.037218      0.121440      0.163160       283 
     409712    15.75      3.050479      0.114016      0.160097       283 
     190107    15.76      3.070589      0.116264      0.158880       283 
     245946    15.77      3.062034      0.112675      0.157419       283 
     327553    15.77      3.054302      0.114261      0.158168       283 
     337666    15.77      3.059662      0.113290      0.157832       283 
     344278    15.77      3.056499      0.121458      0.158296       283 
     247428    15.78      3.067918      0.114073      0.157364       283 
     306321    15.78      3.066810      0.115920      0.157347       283 
     350732    15.78      3.067798      0.120811      0.157362       283 
     469078    15.78      3.040166      0.117315      0.159028       283 
     519010    15.78      3.060351      0.112640      0.157197       283 
     243077    15.79      3.040110      0.123029      0.162356       283 
     292758    15.79      3.066678      0.114900      0.159791       283 
     396270    15.79      3.061843      0.118249      0.157895       283 
     220713    15.80      3.037228      0.120613      0.162791       283 
     284415    15.80      3.051283      0.119277      0.159305       283 
     337506    15.80      3.057251      0.120500      0.160440       283 
     276676    15.81      3.063413      0.112481      0.157688       283 
     309053    15.81      3.040905      0.108179      0.158485       283 
     369411    15.81      3.070143      0.114908      0.157623       283 
     271928    15.82      3.053422      0.111474      0.156757       283 
     443290    15.82      3.055074      0.107833      0.156427       283 
     276536    15.83      3.056165      0.111366      0.156486       283 
     333402    15.83      3.060030      0.112433      0.156821       283 
     401163    15.83      3.059459      0.114861      0.158695       283 
     415452    15.83      3.063178      0.117092      0.158155       283 
     242401    15.84      3.069976      0.115508      0.160160       283 
     315055    15.84      3.057813      0.119109      0.159660       283 
     435373    15.86      3.042154      0.125167      0.162565       283 
     295425    15.87      3.050062      0.108985      0.155312       283 
     380669    15.88      3.067815      0.114990      0.158491       283 
     443071    15.88      3.038914      0.120321      0.161765       283 
     181496    15.89      3.039821      0.119991      0.162508       283 
     233906    15.89      3.056859      0.114304      0.158400       283 
     281754    15.89      3.040840      0.124536      0.163565       283 
     371284    15.89      3.055646      0.111415      0.156269       283 
     421676    15.89      3.051508      0.112554      0.158276       283 
     160000    15.90      3.069702      0.114295      0.157574       283 
     266664    15.90      3.057884      0.115243      0.158192       283 
     356771    15.90      3.064453      0.115401      0.158551       283 
     178152    15.91      3.058603      0.113160      0.157397       283 
     281751    15.91      3.044186      0.121182      0.161493       283 
     330725    15.91      3.077499      0.115924      0.161234       283 
   2014DS20    15.91      3.034708      0.120204      0.162788       283 
     161876    15.92      3.057475      0.111833      0.155830       283 
     398092    15.92      3.064136      0.114191      0.157357       283 
     483262    15.92      3.059384      0.113374      0.157558       283 
     195912    15.93      3.056655      0.109462      0.157448       283 
     325593    15.93      3.038901      0.122076      0.162670       283 
     381325    15.93      3.034815      0.113266      0.159808       283 
     409708    15.93      3.043397      0.125426      0.164502       283 
     472643    15.93      3.065369      0.113158      0.156773       283 
     358796    15.94      3.057557      0.113688      0.157851       283 
     247558    15.96      3.059057      0.113485      0.157750       283 
     353840    15.96      3.057188      0.112983      0.157392       283 
     262891    15.97      3.063438      0.111665      0.156266       283 
     395840    15.97      3.064099      0.115095      0.159846       283 
     324172    15.98      3.043250      0.124268      0.162680       283 
     324792    15.98      3.061520      0.112781      0.157627       283 
     390306    15.98      3.056888      0.116992      0.157469       283 
     403735    15.98      3.034742      0.122461      0.165417       283 
     459238    15.98      3.044787      0.112615      0.157008       283 
     207980    15.99      3.054649      0.111380      0.156257       283 
     334539    15.99      3.058292      0.112586      0.156944       283 
     371786    15.99      3.045485      0.125695      0.165071       283 
     297033    16.00      3.061720      0.113488      0.157620       283 
     325601    16.00      3.042738      0.124743      0.163426       283 
     365773    16.00      3.035998      0.113820      0.159341       283 
     379500    16.00      3.058561      0.110993      0.157746       283 
     294582    16.01      3.040794      0.121720      0.161044       283 
     359777    16.01      3.052664      0.110590      0.155988       283 
     244040    16.02      3.070116      0.115745      0.157618       283 
     277909    16.02      3.063109      0.114488      0.156983       283 
     329704    16.02      3.060620      0.110941      0.157648       283 
     397141    16.02      3.066955      0.114993      0.158606       283 
     427013    16.02      3.062295      0.113039      0.157482       283 
     428475    16.02      3.064797      0.112797      0.157157       283 
     487257    16.02      3.062997      0.115902      0.158278       283 
     281691    16.03      3.049962      0.109058      0.156657       283 
     318315    16.03      3.050330      0.111060      0.156829       283 
     370247    16.03      3.061710      0.115099      0.158468       283 
     231606    16.04      3.031976      0.122875      0.163403       283 
     246553    16.04      3.057926      0.112677      0.157449       283 
     325566    16.04      3.036383      0.126007      0.165199       283 
     377243    16.04      3.045943      0.121164      0.159411       283 
     420075    16.04      3.061339      0.113528      0.157475       283 
     493398    16.04      3.062742      0.114290      0.157834       283 
     278519    16.05      3.047489      0.119278      0.158787       283 
     328772    16.05      3.070936      0.121282      0.158365       283 
     362257    16.05      3.055365      0.112345      0.157346       283 
     417375    16.05      3.050785      0.121000      0.157432       283 
     610083    16.05      3.058323      0.112200      0.156701       283 
     419886    16.06      3.038683      0.120394      0.164247       283 
     451356    16.06      3.041160      0.126973      0.163527       283 
     328857    16.07      3.063180      0.112460      0.156864       283 
     330810    16.07      3.064056      0.112757      0.156732       283 
     384985    16.07      3.047200      0.124682      0.162336       283 
     414015    16.07      3.059942      0.111308      0.156281       283 
     414718    16.07      3.058592      0.112709      0.156698       283 
     476495    16.07      3.038863      0.123335      0.162465       283 
     566638    16.07      3.063366      0.118635      0.156574       283 
     242619    16.08      3.035521      0.120762      0.162023       283 
     287570    16.08      3.059960      0.115487      0.157659       283 
     327550    16.08      3.058119      0.110429      0.156657       283 
     402828    16.08      3.051116      0.108955      0.156988       283 
     349894    16.09      3.066708      0.113718      0.157409       283 
     437675    16.09      3.063466      0.114892      0.156687       283 
     316260    16.10      3.033197      0.120641      0.162824       283 
     386175    16.10      3.034867      0.123540      0.165050       283 
     437245    16.10      3.065860      0.120917      0.158830       283 
     335911    16.11      3.058587      0.107505      0.155038       283 
     364111    16.11      3.041077      0.111146      0.156488       283 
     472201    16.11      3.067144      0.115557      0.157048       283 
   2016PZ78    16.11      3.060143      0.111920      0.156346       283 
     435990    16.12      3.048273      0.121436      0.158068       283 
     343313    16.13      3.048687      0.110585      0.155789       283 
     379826    16.13      3.053695      0.119183      0.158038       283 
     384063    16.13      3.035616      0.120604      0.163093       283 
     406279    16.13      3.045026      0.128654      0.163764       283 
     437726    16.13      3.057375      0.116164      0.158958       283 
     268672    16.14      3.058324      0.113735      0.157678       283 
     492146    16.14      3.046389      0.111505      0.157575       283 
     293835    16.15      3.060470      0.112172      0.156363       283 
     349061    16.15      3.077778      0.116343      0.159889       283 
     377495    16.15      3.044666      0.121068      0.159230       283 
     400743    16.15      3.062870      0.113443      0.157773       283 
     433089    16.15      3.070911      0.116598      0.157405       283 
  2015FW238    16.15      3.050341      0.107936      0.156525       283 
     221899    16.16      3.049065      0.120924      0.163381       283 
     341765    16.16      3.044047      0.109063      0.156843       283 
     359758    16.16      3.068043      0.113744      0.157321       283 
     411024    16.16      3.035629      0.109046      0.156022       283 
     430322    16.16      3.070065      0.112992      0.157615       283 
  2014QG451    16.16      3.051007      0.107896      0.155251       283 
     369429    16.17      3.038730      0.122741      0.162953       283 
     405851    16.17      3.053059      0.110477      0.157770       283 
     414587    16.17      3.064229      0.115618      0.157145       283 
     462353    16.17      3.065469      0.114860      0.157277       283 
  2016GR193    16.17      3.062613      0.112871      0.157137       283 
     299790    16.18      3.042451      0.126005      0.163262       283 
     411029    16.18      3.063660      0.113166      0.157242       283 
     411115    16.18      3.064226      0.113684      0.158295       283 
     436676    16.18      3.066422      0.115368      0.156719       283 
     199315    16.19      3.060914      0.113616      0.157356       283 
     245447    16.19      3.039929      0.126550      0.164770       283 
     305448    16.19      3.049480      0.116184      0.158232       283 
     442569    16.19      3.047419      0.120346      0.162393       283 
   2010JK92    16.19      3.050699      0.118346      0.158587       283 
     375565    16.20      3.042178      0.122778      0.162594       283 
     478296    16.20      3.050121      0.108903      0.155150       283 
     499966    16.20      3.067528      0.113698      0.157643       283 
     273971    16.21      3.033858      0.120854      0.163559       283 
     381268    16.21      3.067769      0.110217      0.157544       283 
     387202    16.21      3.061150      0.112497      0.156884       283 
     411580    16.21      3.034897      0.120723      0.162155       283 
     414637    16.21      3.062570      0.118542      0.158304       283 
     416512    16.21      3.059287      0.112358      0.157401       283 
     450497    16.21      3.064644      0.114510      0.157015       283 
     483081    16.21      3.055517      0.108566      0.157965       283 
     500289    16.21      3.060679      0.115791      0.159006       283 
   2012FL30    16.21      3.041429      0.120968      0.161431       283 
     394650    16.22      3.043635      0.108616      0.154353       283 
     407500    16.22      3.065788      0.113720      0.156548       283 
     441981    16.22      3.043876      0.124170      0.163139       283 
     457256    16.22      3.065537      0.113863      0.156957       283 
     395950    16.23      3.036773      0.126591      0.163008       283 
     425915    16.23      3.069538      0.115683      0.156740       283 
     550568    16.23      3.066168      0.112222      0.156255       283 
     602729    16.23      3.054841      0.108809      0.156609       283 
     342955    16.24      3.030602      0.120817      0.161456       283 
     378974    16.24      3.048735      0.109306      0.156191       283 
     407604    16.24      3.066394      0.112553      0.156835       283 
     439619    16.24      3.048924      0.126094      0.164716       283 
     458468    16.24      3.050878      0.109953      0.156297       283 
     225046    16.25      3.051077      0.117993      0.158380       283 
     364545    16.25      3.054322      0.114081      0.159761       283 
     396153    16.25      3.062197      0.112000      0.157527       283 
     485904    16.25      3.034353      0.115159      0.158518       283 
     386804    16.26      3.060109      0.111514      0.156699       283 
   2013XC13    16.26      3.035409      0.123058      0.162359       283 
   2014RM14    16.26      3.033528      0.115227      0.156796       283 
     324857    16.27      3.067894      0.119886      0.157217       283 
     378898    16.27      3.060450      0.112307      0.156118       283 
     460699    16.27      3.077335      0.110109      0.153862       283 
     491471    16.27      3.076438      0.115629      0.162939       283 
  2004TE373    16.27      3.070406      0.120494      0.159601       283 
     367621    16.28      3.040433      0.124898      0.161956       283 
   2010LB48    16.28      3.040146      0.124903      0.163896       283 
     199430    16.29      3.051535      0.114870      0.157112       283 
     274692    16.29      3.067823      0.110144      0.156409       283 
     329660    16.29      3.064703      0.114126      0.156990       283 
     416133    16.30      3.060689      0.119855      0.160571       283 
     300912    16.31      3.057308      0.110390      0.156008       283 
     356402    16.31      3.037793      0.122484      0.161466       283 
  2010CJ203    16.31      3.068037      0.112943      0.156769       283 
     356706    16.32      3.056075      0.109963      0.156036       283 
     380951    16.32      3.058634      0.111167      0.157149       283 
     460520    16.32      3.040893      0.124996      0.163088       283 
     495748    16.32      3.051974      0.108661      0.156919       283 
     549258    16.32      3.029480      0.121420      0.163175       283 
     331210    16.33      3.051734      0.118500      0.157604       283 
     396006    16.33      3.053443      0.109551      0.156002       283 
     397322    16.33      3.067844      0.116737      0.157065       283 
     401823    16.33      3.051192      0.112294      0.158017       283 
     516828    16.33      3.035328      0.124116      0.162893       283 
     535628    16.33      3.042470      0.119031      0.159436       283 
   2016RH21    16.33      3.046006      0.123712      0.163254       283 
     343668    16.34      3.065049      0.115046      0.157624       283 
     498061    16.34      3.058579      0.110544      0.156437       283 
     396344    16.35      3.041519      0.126671      0.163838       283 
     452974    16.35      3.055782      0.116342      0.157696       283 
   2010BH25    16.35      3.061070      0.113251      0.157220       283 
     393846    16.36      3.066928      0.110014      0.156856       283 
     412381    16.36      3.053897      0.108166      0.156102       283 
     446509    16.36      3.067673      0.112693      0.157221       283 
   2004VT58    16.36      3.060526      0.116028      0.158008       283 
   2015BO81    16.36      3.047054      0.126873      0.163851       283 
  2016CP120    16.36      3.037542      0.116281      0.157781       283 
     315120    16.37      3.060700      0.111275      0.156417       283 
   2002RZ65    16.37      3.040890      0.124131      0.163086       283 
   2017FW42    16.37      3.050571      0.111038      0.156670       283 
     330504    16.38      3.035861      0.121163      0.163330       283 
     518806    16.38      3.036345      0.123850      0.163782       283 
     570818    16.38      3.071222      0.113160      0.159718       283 
     360937    16.39      3.033826      0.124354      0.163826       283 
     460923    16.39      3.042666      0.127136      0.162759       283 
     510093    16.39      3.069499      0.116176      0.156543       283 
    2012MF1    16.39      3.055554      0.111061      0.156542       283 
     321038    16.40      3.061145      0.109382      0.156791       283 
     390041    16.40      3.035455      0.113772      0.159556       283 
     447070    16.40      3.074600      0.114152      0.158307       283 
     450526    16.40      3.066647      0.115436      0.159848       283 
     546470    16.40      3.062095      0.112394      0.158295       283 
    2015NA7    16.40      3.037528      0.115154      0.159156       283 
   2010DH53    16.40      3.065703      0.113615      0.157948       283 
     420938    16.41      3.061705      0.113159      0.157006       283 
    2011CC1    16.41      3.067617      0.113136      0.156695       283 
     327557    16.42      3.033658      0.126585      0.165438       283 
     424318    16.42      3.051622      0.114240      0.157506       283 
     493097    16.42      3.070898      0.114905      0.159129       283 
     418643    16.43      3.063358      0.114002      0.157784       283 
     454067    16.43      3.067893      0.117499      0.157480       283 
     470026    16.43      3.057426      0.110054      0.156053       283 
     610527    16.43      3.036639      0.124438      0.163649       283 
     450494    16.44      3.064009      0.115780      0.159229       283 
     473425    16.44      3.065601      0.113423      0.157342       283 
     513682    16.44      3.057062      0.111975      0.156382       283 
     365691    16.45      3.076404      0.115946      0.162714       283 
     500278    16.45      3.066467      0.116526      0.160060       283 
     504140    16.45      3.052348      0.113146      0.157296       283 
   2017BL84    16.45      3.057536      0.111286      0.156402       283 
  2004BB170    16.45      3.057782      0.107658      0.153854       283 
     444116    16.46      3.063699      0.112815      0.156667       283 
     546336    16.46      3.051711      0.108218      0.156554       283 
    2014XS8    16.46      3.060609      0.111699      0.156686       283 
   2010JE63    16.46      3.064492      0.114425      0.157557       283 
   2010OQ21    16.46      3.034862      0.121125      0.163114       283 
  2012BL120    16.46      3.056073      0.111602      0.157301       283 
  2014UR110    16.46      3.069227      0.113898      0.158931       283 
  2009WA252    16.47      3.041865      0.109578      0.155882       283 
     391249    16.48      3.052516      0.118476      0.158110       283 
     398445    16.48      3.033818      0.115827      0.156215       283 
     435921    16.48      3.034540      0.117373      0.160924       283 
     443052    16.48      3.052051      0.109577      0.157031       283 
     449630    16.48      3.068048      0.112531      0.157444       283 
     487513    16.48      3.043796      0.119214      0.160413       283 
     519199    16.48      3.036608      0.124305      0.164333       283 
     583952    16.48      3.045378      0.125629      0.161948       283 
     604523    16.48      3.056499      0.107730      0.155586       283 
  2011WD135    16.48      3.045036      0.109295      0.155413       283 
     287054    16.49      3.048903      0.111178      0.156760       283 
     301874    16.49      3.040255      0.120771      0.162264       283 
     343416    16.49      3.068077      0.115624      0.156974       283 
     479048    16.50      3.059050      0.113242      0.156831       283 
     510404    16.50      3.069444      0.113916      0.159073       283 
     518815    16.50      3.040923      0.124038      0.163388       283 
     548127    16.50      3.063092      0.112216      0.157252       283 
   2010GF86    16.50      3.030692      0.123098      0.162516       283 
   2017WX22    16.50      3.066070      0.112426      0.158372       283 
  2002QV142    16.50      3.044516      0.119239      0.159599       283 
   2017WG10    16.51      3.060672      0.109222      0.156366       283 
  2017DN118    16.51      3.062633      0.111804      0.156432       283 
     395265    16.52      3.048420      0.106403      0.155205       283 
     460965    16.52      3.067331      0.115079      0.158847       283 
     498378    16.52      3.064262      0.112403      0.157040       283 
     543326    16.52      3.076319      0.112219      0.157391       283 
     581751    16.52      3.057771      0.113447      0.157079       283 
   2014QW92    16.52      3.061059      0.112609      0.157010       283 
     352063    16.53      3.068865      0.110561      0.158029       283 
     364031    16.53      3.051538      0.109949      0.155585       283 
     379453    16.53      3.045419      0.125901      0.163827       283 
     395884    16.53      3.063519      0.112987      0.156601       283 
     466475    16.53      3.044383      0.127120      0.165308       283 
     502626    16.53      3.061919      0.112905      0.156890       283 
     469011    16.54      3.037056      0.122096      0.162190       283 
    2009ST4    16.54      3.067615      0.111815      0.156913       283 
     425378    16.55      3.041281      0.116988      0.160273       283 
     481465    16.55      3.035739      0.125689      0.164354       283 
     321687    16.56      3.076210      0.115988      0.159342       283 
     365025    16.56      3.041666      0.125582      0.163464       283 
     399100    16.56      3.062962      0.111950      0.156394       283 
     409793    16.56      3.034305      0.126117      0.162886       283 
     443515    16.56      3.047548      0.125715      0.161324       283 
     548740    16.56      3.064518      0.113704      0.156749       283 
   2014XV10    16.56      3.067916      0.114970      0.157211       283 
   2015XQ25    16.56      3.062011      0.113697      0.157789       283 
     392105    16.57      3.061193      0.109204      0.155808       283 
     392399    16.57      3.044726      0.113244      0.158022       283 
     448520    16.57      3.038556      0.117327      0.158655       283 
     482145    16.57      3.059044      0.108394      0.156323       283 
     505013    16.57      3.033831      0.121142      0.163477       283 
     610359    16.57      3.060963      0.112395      0.156645       283 
   2016CN24    16.57      3.068018      0.115243      0.159899       283 
  2004FA120    16.57      3.067960      0.116799      0.158693       283 
  2005JJ105    16.57      3.056329      0.111693      0.156673       283 
  2007TN477    16.57      3.042599      0.125188      0.164083       283 
     437687    16.58      3.063696      0.113327      0.156999       283 
     479223    16.58      3.069392      0.120390      0.160325       283 
     559669    16.58      3.042034      0.115992      0.162062       283 
     392170    16.59      3.055350      0.112178      0.156234       283 
     490570    16.59      3.033464      0.120802      0.162068       283 
     546806    16.59      3.046773      0.125087      0.162782       283 
     595936    16.59      3.039663      0.126387      0.163800       283 
  2008CM233    16.59      3.075607      0.120870      0.160313       283 
     424719    16.60      3.050107      0.119804      0.156153       283 
     481229    16.60      3.044895      0.110210      0.156153       283 
     487959    16.60      3.063083      0.109108      0.155781       283 
     496596    16.60      3.066082      0.114553      0.157324       283 
     560651    16.60      3.065310      0.116388      0.159100       283 
     563896    16.60      3.064231      0.109829      0.156592       283 
  2009SE350    16.60      3.036259      0.122294      0.163418       283 
   2014NL56    16.61      3.049688      0.118506      0.157898       283 
  2006WA184    16.61      3.060611      0.115011      0.158296       283 
  2015PJ135    16.61      3.061049      0.116675      0.159072       283 
     358723    16.62      3.035311      0.124650      0.162495       283 
     398200    16.62      3.039922      0.123477      0.163410       283 
     593441    16.62      3.068805      0.110822      0.156387       283 
  2015FS254    16.62      3.072698      0.107836      0.156395       283 
  2016AX116    16.62      3.063699      0.111956      0.155704       283 
     413259    16.63      3.038799      0.116514      0.158340       283 
     489487    16.63      3.066777      0.114157      0.157031       283 
     517498    16.63      3.053160      0.114756      0.158104       283 
     549407    16.63      3.053212      0.120646      0.159732       283 
     595508    16.63      3.066143      0.118253      0.157011       283 
  2010KO110    16.63      3.064746      0.114196      0.157447       283 
     299859    16.64      3.048149      0.108864      0.156491       283 
     398218    16.64      3.034823      0.122589      0.162632       283 
   2010HY49    16.64      3.066581      0.112298      0.156830       283 
  2001TT157    16.64      3.063971      0.113348      0.157118       283 
  2014QJ451    16.64      3.038910      0.125775      0.164270       283 
   2008RA90    16.65      3.034848      0.122562      0.162266       283 
     271221    16.66      3.044210      0.113596      0.157050       283 
     369786    16.66      3.044144      0.128209      0.164456       283 
     389806    16.66      3.070682      0.110223      0.156822       283 
     490507    16.66      3.046027      0.124820      0.162133       283 
     507479    16.66      3.048915      0.113603      0.158191       283 
     541316    16.66      3.060404      0.118063      0.157194       283 
     570893    16.67      3.072667      0.121566      0.159377       283 
     594739    16.67      3.063044      0.113731      0.156501       283 
   2016QR74    16.67      3.067910      0.117852      0.158791       283 
     348869    16.68      3.069990      0.110614      0.157591       283 
     376456    16.68      3.041383      0.120050      0.157701       283 
     535403    16.68      3.044525      0.111508      0.158282       283 
   2015HG40    16.68      3.037895      0.121876      0.162681       283 
  2008UJ389    16.68      3.054323      0.112651      0.157036       283 
     498305    16.69      3.074648      0.114671      0.157280       283 
     520473    16.69      3.067667      0.115006      0.158375       283 
     555836    16.69      3.067949      0.112730      0.156204       283 
   2013RC58    16.69      3.042962      0.114462      0.158476       283 
     449926    16.70      3.037983      0.116640      0.157629       283 
     468597    16.70      3.039035      0.115786      0.158743       283 
     553387    16.70      3.071162      0.114265      0.158945       283 
     611659    16.70      3.066801      0.110771      0.155534       283 
   2015UV23    16.70      3.065429      0.110437      0.156506       283 
     465478    16.71      3.041308      0.126600      0.164340       283 
     507171    16.71      3.066822      0.115320      0.157440       283 
   2004YS25    16.71      3.035891      0.125331      0.163521       283 
   2010ON63    16.71      3.059096      0.112554      0.158307       283 
   2012XD28    16.71      3.067623      0.107719      0.156028       283 
   2017PF34    16.71      3.070036      0.111794      0.157508       283 
     559759    16.72      3.045095      0.126114      0.162032       283 
   2008SY32    16.72      3.042565      0.117617      0.160469       283 
     397685    16.73      3.048086      0.112420      0.157583       283 
     518668    16.73      3.066345      0.114299      0.157741       283 
     521836    16.73      3.036534      0.122677      0.162366       283 
     533067    16.73      3.069345      0.115684      0.157970       283 
   2010KS98    16.73      3.062501      0.111212      0.156519       283 
   2013AO69    16.73      3.068322      0.113995      0.156470       283 
   2016FG10    16.73      3.066322      0.114126      0.157344       283 
  1999TC329    16.73      3.069828      0.115853      0.157352       283 
  2002QD139    16.73      3.060228      0.118269      0.157533       283 
     511473    16.74      3.055070      0.110502      0.155963       283 
     578996    16.74      3.046145      0.125787      0.163053       283 
  2016GZ298    16.74      3.063424      0.112761      0.157490       283 
     424857    16.75      3.042845      0.127884      0.163232       283 
     447049    16.75      3.065317      0.111865      0.156807       283 
   2016WH32    16.75      3.035963      0.124345      0.163938       283 
  2013AK114    16.75      3.045942      0.111222      0.156895       283 
  2015MJ105    16.75      3.056686      0.108752      0.155169       283 
     611745    16.76      3.030250      0.117082      0.160577       283 
   2016BW88    16.76      3.065059      0.112247      0.157425       283 
  2008TF117    16.76      3.062114      0.112380      0.157081       283 
  2010KB155    16.76      3.070616      0.112382      0.156965       283 
  2010OK118    16.76      3.035239      0.117242      0.160921       283 
     510749    16.77      3.036545      0.118829      0.161368       283 
     579432    16.77      3.064960      0.112340      0.156345       283 
     449037    16.78      3.061166      0.121599      0.158661       283 
   2012HK43    16.80      3.040033      0.123623      0.163805       283 
   2014PT25    16.80      3.067912      0.112308      0.156923       283 
   2014TX65    16.80      3.059293      0.111768      0.156164       283 
     599641    16.81      3.043445      0.116842      0.162368       283 
   2016RN58    16.81      3.050016      0.120693      0.163717       283 
  2008UY350    16.81      3.049818      0.113499      0.158890       283 
     424776    16.82      3.070437      0.111761      0.157594       283 
     483855    16.82      3.069623      0.122087      0.157890       283 
     512020    16.82      3.057074      0.111585      0.156166       283 
     584172    16.82      3.041327      0.125752      0.164824       283 
     611691    16.82      3.064327      0.111632      0.156533       283 
     614913    16.82      3.043659      0.124662      0.163308       283 
   2008VV28    16.82      3.067738      0.119687      0.159733       283 
   2017CT26    16.82      3.032843      0.117205      0.157006       283 
   2017OD57    16.82      3.035548      0.125630      0.163640       283 
  2009SO198    16.82      3.042720      0.122078      0.161559       283 
     546360    16.83      3.041587      0.116480      0.161018       283 
     605530    16.83      3.042781      0.125770      0.162552       283 
     610423    16.83      3.063072      0.109400      0.156753       283 
  2014QP312    16.83      3.072920      0.110724      0.155259       283 
  2015DW144    16.83      3.052216      0.111640      0.159104       283 
     457966    16.84      3.035732      0.128469      0.164513       283 
     472883    16.84      3.079157      0.116673      0.161177       283 
     514733    16.84      3.063399      0.114327      0.158509       283 
   2010NQ70    16.84      3.045215      0.123900      0.165238       283 
  2010GG112    16.84      3.035101      0.126721      0.163395       283 
  2012UF173    16.84      3.040492      0.118343      0.161413       283 
     452716    16.85      3.063788      0.119725      0.159561       283 
     483302    16.85      3.066791      0.112882      0.157262       283 
     513845    16.85      3.028678      0.120160      0.160596       283 
     517479    16.85      3.066793      0.112821      0.157770       283 
     544317    16.85      3.036536      0.125015      0.162918       283 
     601473    16.85      3.049659      0.107209      0.154784       283 
     602550    16.85      3.062369      0.111252      0.156062       283 
  2007VN361    16.85      3.070972      0.110922      0.156937       283 
  2015AQ113    16.85      3.035327      0.115168      0.157914       283 
     529896    16.86      3.069749      0.114165      0.159093       283 
     559043    16.86      3.064167      0.111757      0.157226       283 
     559592    16.86      3.039091      0.123532      0.162637       283 
     578297    16.86      3.034180      0.124446      0.164256       283 
  2010RC202    16.86      3.052184      0.118989      0.156027       283 
     487832    16.87      3.068142      0.111645      0.157900       283 
     501461    16.87      3.035186      0.125674      0.164783       283 
     592032    16.87      3.070943      0.116676      0.156944       283 
     472125    16.88      3.031999      0.108454      0.155760       283 
     498877    16.88      3.054459      0.118680      0.157148       283 
     503557    16.88      3.039923      0.128185      0.164052       283 
     527946    16.88      3.035090      0.114444      0.158096       283 
     569167    16.88      3.042289      0.123839      0.160929       283 
     570941    16.88      3.068214      0.113705      0.158411       283 
  2008YV139    16.88      3.060016      0.111892      0.156139       283 
     445361    16.89      3.037957      0.125840      0.164912       283 
     470170    16.89      3.028430      0.124647      0.163087       283 
     577113    16.89      3.064486      0.113411      0.157512       283 
   2013QR38    16.89      3.056478      0.112550      0.157075       283 
   2014WZ31    16.89      3.044902      0.121167      0.159662       283 
  2014WS193    16.89      3.033891      0.117119      0.161751       283 
  2015BT284    16.89      3.061440      0.110532      0.155631       283 
  2017FX180    16.89      3.042438      0.112944      0.156792       283 
     427399    16.90      3.034629      0.124098      0.163196       283 
     464615    16.90      3.067783      0.109695      0.156452       283 
     554310    16.90      3.065429      0.113279      0.157609       283 
     564455    16.90      3.060302      0.112903      0.157291       283 
     594410    16.90      3.039444      0.124029      0.162102       283 
     610148    16.90      3.074768      0.116179      0.157787       283 
   2010KE25    16.90      3.062287      0.112676      0.158699       283 
   2013QP23    16.90      3.038820      0.127336      0.164256       283 
  2006UZ392    16.90      3.044368      0.119962      0.160126       283 
  2015XZ215    16.90      3.045872      0.110448      0.156117       283 
     587267    16.91      3.034851      0.125293      0.163976       283 
     604859    16.91      3.046680      0.112087      0.156737       283 
   2016BN92    16.91      3.066298      0.112693      0.156546       283 
  2010LL126    16.91      3.068022      0.118220      0.155563       283 
  2014WN481    16.91      3.055642      0.113493      0.157025       283 
  2016CE113    16.91      3.066816      0.111176      0.157355       283 
     514743    16.92      3.070837      0.115484      0.156509       283 
     614661    16.92      3.068913      0.111163      0.156558       283 
   2010KZ44    16.92      3.076015      0.120808      0.159620       283 
   2015EE54    16.92      3.035602      0.120200      0.162367       283 
     574434    16.93      3.046388      0.111175      0.156793       283 
  2006SO359    16.93      3.066214      0.112699      0.157374       283 
  2008CG226    16.93      3.068361      0.116449      0.157300       283 
  2010BK128    16.93      3.048824      0.117064      0.158280       283 
     581891    16.94      3.036043      0.128717      0.165005       283 
    2016PT3    16.94      3.063703      0.115754      0.158943       283 
   2003BU96    16.94      3.062170      0.113654      0.157076       283 
  2016EJ170    16.94      3.054687      0.113807      0.157962       283 
  2003SG457    16.95      3.070912      0.115056      0.158527       283 
  2008UV335    16.95      3.033151      0.120229      0.160830       283 
  2015FH356    16.95      3.065209      0.111611      0.158265       283 
     533422    16.96      3.038774      0.124329      0.161575       283 
    2006LC8    16.96      3.036285      0.121187      0.161695       283 
   2006KF98    16.96      3.049084      0.115238      0.159108       283 
   2013VK51    16.96      3.070762      0.114436      0.157020       283 
  2008UU311    16.96      3.069774      0.113166      0.156797       283 
  2009UT163    16.96      3.039533      0.117636      0.162309       283 
  2016GK127    16.96      3.067940      0.114911      0.156587       283 
     463048    16.97      3.034701      0.127351      0.164449       283 
     559103    16.97      3.046828      0.120982      0.161483       283 
   2000CR73    16.97      3.069245      0.113553      0.156982       283 
   2010CD16    16.97      3.060138      0.122500      0.158027       283 
  2008TQ138    16.97      3.057306      0.109624      0.155308       283 
  2010LX114    16.97      3.059577      0.109770      0.155706       283 
     441347    16.98      3.042802      0.124826      0.163256       283 
     581158    16.98      3.061091      0.110069      0.156357       283 
     594465    16.98      3.037948      0.124277      0.162296       283 
     407039    16.99      3.063670      0.112249      0.157186       283 
     479110    16.99      3.042489      0.118003      0.160647       283 
     602696    16.99      3.057657      0.110499      0.157993       283 
  2016ER265    16.99      3.062586      0.113950      0.157158       283 
     536089    17.00      3.065395      0.119002      0.158153       283 
     579016    17.00      3.050231      0.108355      0.156279       283 
     581220    17.00      3.060448      0.110137      0.155925       283 
  2007TC361    17.00      3.069192      0.113937      0.157298       283 
     419303    17.01      3.040181      0.126526      0.163593       283 
     598213    17.01      3.059560      0.108370      0.154534       283 
     611805    17.01      3.068069      0.111300      0.154892       283 
   2010KD22    17.01      3.055467      0.111376      0.155807       283 
   2012CG32    17.01      3.061045      0.111981      0.156437       283 
  2014QZ254    17.01      3.069438      0.115328      0.157036       283 
  2014SV314    17.01      3.066036      0.110402      0.155041       283 
     547748    17.02      3.049533      0.113615      0.157169       283 
   1998VP40    17.02      3.064078      0.112764      0.157135       283 
   2017QY43    17.02      3.056728      0.113670      0.157239       283 
  2007VL132    17.02      3.067045      0.108564      0.155141       283 
   2005GH32    17.03      3.040017      0.127573      0.164607       283 
   2010OT37    17.03      3.047511      0.111154      0.157723       283 
     578517    17.04      3.068218      0.112237      0.156400       283 
   2014MY86    17.04      3.033960      0.120234      0.159867       283 
  2015BO260    17.04      3.042103      0.125361      0.162684       283 
     575579    17.05      3.039414      0.125641      0.164342       283 
   2015GH41    17.05      3.034375      0.125069      0.164121       283 
   2016UN17    17.05      3.066556      0.111951      0.157357       283 
   2017UZ15    17.05      3.071225      0.112737      0.158070       283 
  2011UL272    17.05      3.035843      0.120520      0.164942       283 
  2014UX110    17.05      3.075863      0.115040      0.157437       283 
     573256    17.06      3.059352      0.110613      0.156008       283 
   2013NA50    17.06      3.068453      0.106746      0.155430       283 
     478216    17.07      3.033715      0.126166      0.162794       283 
     485251    17.07      3.039758      0.127007      0.164801       283 
   2016BY30    17.07      3.060309      0.111061      0.157079       283 
   2019FD15    17.07      3.068933      0.111793      0.156889       283 
  2006WK229    17.07      3.066823      0.112004      0.156688       283 
  2007TW312    17.07      3.059989      0.116476      0.157691       283 
     464541    17.08      3.049145      0.109093      0.155773       283 
     540988    17.08      3.053560      0.112186      0.156848       283 
     570906    17.08      3.076076      0.108369      0.157078       283 
     604732    17.08      3.060469      0.114241      0.156991       283 
   2007WA47    17.08      3.078223      0.115063      0.160458       283 
   2013TB99    17.08      3.068160      0.114309      0.156623       283 
   2016FA86    17.08      3.053953      0.114082      0.159804       283 
   2018VX71    17.08      3.043398      0.108230      0.154635       283 
  2016QL106    17.08      3.035189      0.113613      0.159500       283 
     611801    17.09      3.040158      0.124428      0.162792       283 
   2004YD41    17.09      3.066643      0.112086      0.157121       283 
   2016CJ82    17.09      3.062944      0.111958      0.158110       283 
  2017RB144    17.09      3.045858      0.116030      0.157539       283 
   2012FA89    17.10      3.061059      0.108886      0.155310       283 
   2018VW92    17.10      3.051810      0.111932      0.159980       283 
  2007TR212    17.10      3.048535      0.116201      0.158615       283 
  2015DC163    17.10      3.067710      0.114625      0.156611       283 
     570493    17.11      3.039631      0.128455      0.163678       283 
     573581    17.11      3.070554      0.110825      0.157173       283 
   2008CF88    17.11      3.065001      0.109871      0.156263       283 
   2012KL31    17.11      3.047025      0.113957      0.157871       283 
   2014RK45    17.11      3.070988      0.119667      0.158001       283 
   2016WV19    17.11      3.035548      0.129318      0.164651       283 
  2010JV204    17.11      3.037159      0.114706      0.157964       283 
  2013RX118    17.11      3.042009      0.125282      0.163839       283 
  2015BP379    17.11      3.043035      0.109024      0.157999       283 
  2016EV294    17.11      3.077911      0.116457      0.159228       283 
     578735    17.12      3.052573      0.112622      0.157802       283 
     602525    17.12      3.075345      0.110571      0.154417       283 
     612936    17.12      3.040246      0.124120      0.162050       283 
   2018VR70    17.12      3.043760      0.111177      0.156427       283 
  2014UY269    17.12      3.059789      0.110832      0.156285       283 
     566916    17.13      3.055425      0.120305      0.157941       283 
     583851    17.13      3.066563      0.112521      0.156265       283 
     591944    17.13      3.056007      0.109326      0.156183       283 
     600493    17.13      3.064705      0.114110      0.157706       283 
   2014GB88    17.13      3.078022      0.114259      0.159315       283 
  2004TK320    17.13      3.061002      0.108836      0.154927       283 
  2014OS152    17.13      3.036592      0.125506      0.163792       283 
     580543    17.14      3.065716      0.108904      0.156049       283 
    2018WD8    17.14      3.051690      0.115150      0.157600       283 
   2008UG31    17.14      3.043209      0.117372      0.161254       283 
   2010BY74    17.14      3.044518      0.126134      0.165735       283 
   2016FS32    17.14      3.062640      0.111036      0.157776       283 
   2018CQ19    17.14      3.034075      0.125331      0.162979       283 
  2015AZ205    17.14      3.068234      0.112669      0.157331       283 
     519753    17.15      3.065804      0.107562      0.153988       283 
     594308    17.15      3.037631      0.124298      0.164800       283 
     601632    17.15      3.077689      0.115756      0.163531       283 
     604544    17.15      3.063076      0.118294      0.157876       283 
   2004VN34    17.15      3.066075      0.112135      0.156351       283 
  2003UD442    17.15      3.035563      0.119639      0.162394       283 
  2014SJ162    17.15      3.062201      0.113142      0.157820       283 
  2017SF198    17.15      3.044272      0.113834      0.157456       283 
     432536    17.16      3.056880      0.119136      0.158380       283 
     568509    17.16      3.057896      0.119534      0.159505       283 
     611777    17.16      3.033468      0.120750      0.162437       283 
   2017HY82    17.16      3.035995      0.116780      0.157249       283 
  2003SF453    17.16      3.073554      0.111056      0.157220       283 
  2012TY105    17.16      3.057912      0.108401      0.155146       283 
  2019UG116    17.16      3.055873      0.111282      0.156075       283 
     604587    17.17      3.039852      0.122656      0.164377       283 
     604753    17.17      3.034660      0.127100      0.165510       283 
   2017BD75    17.17      3.060006      0.112249      0.157044       283 
  2014WR239    17.17      3.033942      0.123899      0.160423       283 
  2015OE133    17.17      3.069726      0.108354      0.156469       283 
   2010AO34    17.18      3.036015      0.122196      0.165140       283 
   2012UJ11    17.18      3.058503      0.109751      0.155600       283 
   2016CY86    17.18      3.058045      0.117617      0.157412       283 
  2013TZ165    17.18      3.036100      0.115481      0.158394       283 
  2016CT298    17.18      3.058439      0.111561      0.156302       283 
  2018VX139    17.18      3.055461      0.113764      0.158841       283 
     576878    17.19      3.042287      0.126595      0.164930       283 
  2006WG205    17.19      3.052212      0.110189      0.160411       283 
  2008SD280    17.19      3.046736      0.119707      0.162949       283 
  2008WZ155    17.19      3.058346      0.109698      0.158105       283 
  2009SN390    17.19      3.057504      0.112803      0.157032       283 
  2014WG358    17.19      3.046105      0.128523      0.162526       283 
   2012FV98    17.20      3.062662      0.108311      0.155138       283 
   2017QW87    17.20      3.041298      0.117638      0.159253       283 
  2015FS255    17.20      3.042588      0.120604      0.157772       283 
     526529    17.21      3.061237      0.109385      0.155971       283 
   2015PW39    17.21      3.059971      0.119026      0.157267       283 
  2005QR208    17.21      3.046643      0.114607      0.158790       283 
  2008TH174    17.22      3.056555      0.113042      0.157562       283 
     542949    17.23      3.042630      0.111099      0.155620       283 
     572325    17.23      3.036015      0.126915      0.165152       283 
     583953    17.23      3.045231      0.125318      0.165624       283 
    2014DG4    17.23      3.050480      0.113950      0.157314       283 
   2006CF86    17.23      3.062000      0.111978      0.156734       283 
   2016BH51    17.23      3.071274      0.112914      0.157492       283 
   2016UF85    17.23      3.071085      0.112502      0.156143       283 
     596493    17.24      3.045280      0.113225      0.157573       283 
   2005AT72    17.24      3.068105      0.112512      0.158010       283 
   2016NL43    17.24      3.040084      0.112961      0.157135       283 
  2007VY205    17.24      3.053249      0.115803      0.157638       283 
     591804    17.25      3.035857      0.123726      0.162505       283 
   2021SP44    17.25      3.053586      0.110921      0.156021       283 
  2007EB234    17.25      3.045168      0.111691      0.157406       283 
  2016GO319    17.25      3.077774      0.110440      0.153251       283 
     528576    17.26      3.036411      0.124020      0.161456       283 
   2012KA59    17.26      3.077451      0.115467      0.163449       283 
  2008CF165    17.26      3.067828      0.118517      0.157425       283 
  2014UR200    17.26      3.063221      0.111042      0.157484       283 
     569299    17.27      3.054723      0.118657      0.156872       283 
     608973    17.27      3.050970      0.110296      0.156924       283 
   2017EY40    17.27      3.066257      0.113565      0.156776       283 
  2008GA171    17.27      3.060308      0.107900      0.154964       283 
  2010BN124    17.27      3.050682      0.111624      0.157222       283 
  2010GW168    17.27      3.070616      0.113619      0.156065       283 
   2015XF32    17.28      3.044189      0.120558      0.159311       283 
  2009BK212    17.29      3.076887      0.110399      0.153314       283 
  2010AH147    17.29      3.060079      0.113904      0.157487       283 
     558926    17.30      3.035627      0.124680      0.163116       283 
   2015TC33    17.30      3.065090      0.120582      0.157592       283 
   2017XR56    17.30      3.066773      0.108318      0.154841       283 
   2019KQ27    17.30      3.038234      0.125662      0.165082       283 
  2011EM104    17.30      3.043488      0.126703      0.163728       283 
     475620    17.31      3.038775      0.125213      0.163906       283 
   2017EV39    17.31      3.067418      0.115699      0.155819       283 
  2017BF168    17.31      3.067897      0.112965      0.154986       283 
  2017FO181    17.31      3.050435      0.116736      0.157196       283 
    2021NW2    17.32      3.033235      0.122351      0.163212       283 
   2010HX98    17.32      3.051379      0.111343      0.156110       283 
   2013MN17    17.32      3.068152      0.115232      0.157941       283 
   2013TZ83    17.32      3.041806      0.113987      0.158497       283 
   2013WP50    17.33      3.076283      0.114875      0.158923       283 
   2017US95    17.33      3.037335      0.123386      0.164572       283 
   2018PH77    17.33      3.033317      0.126823      0.163502       283 
   2021RX88    17.33      3.045644      0.117267      0.158855       283 
  2005XJ123    17.33      3.042569      0.120265      0.158616       283 
  2011CO146    17.33      3.047659      0.111245      0.159009       283 
  2014QH481    17.33      3.069079      0.110864      0.156638       283 
  2015PK248    17.33      3.048923      0.122191      0.161049       283 
   2006HF76    17.34      3.065303      0.112489      0.156377       283 
   2007RP44    17.34      3.043461      0.113032      0.157747       283 
   2010NY73    17.34      3.067919      0.117072      0.158500       283 
   2013NK54    17.34      3.041599      0.124171      0.165772       283 
   2015BA61    17.34      3.056283      0.110607      0.157978       283 
  2014SH383    17.34      3.057776      0.121476      0.160065       283 
   2019MF18    17.35      3.054352      0.118928      0.159583       283 
  2014DP176    17.35      3.074846      0.121232      0.160238       283 
   2012ST92    17.36      3.070674      0.111887      0.156078       283 
   2016HN11    17.36      3.033743      0.122463      0.162766       283 
  2012VG106    17.36      3.059744      0.111002      0.157705       283 
  2013CK113    17.36      3.038860      0.121454      0.164915       283 
  2015AB107    17.36      3.040792      0.124487      0.164889       283 
  2015FK294    17.36      3.067896      0.115468      0.158339       283 
  2005VB133    17.38      3.056752      0.119434      0.159102       283 
  2015RO324    17.38      3.067019      0.111968      0.157074       283 
  2016CO369    17.38      3.042785      0.123618      0.162106       283 
  2017SE308    17.38      3.065056      0.112077      0.157384       283 
    2021UK8    17.39      3.045606      0.119470      0.161761       283 
   2008UB68    17.39      3.059502      0.115578      0.160105       283 
   2016DN39    17.39      3.035601      0.115775      0.156805       283 
   2017XZ19    17.39      3.036876      0.121936      0.162472       283 
   2018BC29    17.39      3.068123      0.116891      0.157198       283 
  2001FA247    17.39      3.069418      0.110933      0.156291       283 
   2009AJ21    17.40      3.036873      0.126124      0.164140       283 
   2012HK92    17.40      3.064462      0.117111      0.158295       283 
   2018TE30    17.40      3.035576      0.120825      0.163689       283 
  2008SM326    17.40      3.078436      0.113671      0.157404       283 
  2014EM254    17.40      3.049344      0.118776      0.159266       283 
   2010OF23    17.41      3.046094      0.120535      0.161809       283 
  2005UT555    17.41      3.066144      0.112367      0.157459       283 
  2008CH225    17.41      3.053770      0.113032      0.156987       283 
  2015DJ289    17.41      3.070015      0.109856      0.154839       283 
  2016PR211    17.41      3.061856      0.114568      0.157819       283 
   2006VT98    17.43      3.049094      0.117182      0.157986       283 
   2017AJ45    17.43      3.039875      0.122002      0.159986       283 
   2021FJ50    17.43      3.068954      0.108916      0.155746       283 
  2005QY203    17.43      3.067683      0.113892      0.156610       283 
  2006UF114    17.43      3.042534      0.113360      0.157195       283 
  2017SZ232    17.43      3.075345      0.112967      0.157016       283 
   2021EE21    17.44      3.069452      0.109697      0.156515       283 
  2015VU133    17.44      3.071133      0.112893      0.156886       283 
   2010MY41    17.45      3.048092      0.114309      0.159246       283 
   2020HE95    17.45      3.070050      0.113351      0.155858       283 
   2021JG27    17.45      3.071219      0.112960      0.158539       283 
  2004CE136    17.45      3.043068      0.122180      0.161575       283 
  2016GP155    17.45      3.038102      0.120951      0.162837       283 
  2017UK137    17.45      3.064743      0.121392      0.158171       283 
  2010KY146    17.46      3.036736      0.122415      0.163700       283 
  2013CL236    17.46      3.034349      0.120052      0.164747       283 
  2015XE282    17.46      3.065791      0.113461      0.157605       283 
  2021GH103    17.46      3.034637      0.114292      0.159045       283 
   2015FG46    17.47      3.076417      0.109205      0.156752       283 
  2015BQ337    17.47      3.032942      0.113244      0.158116       283 
    2017SP5    17.49      3.034331      0.127351      0.162444       283 
   2015QX32    17.49      3.047492      0.119455      0.158707       283 
   2011QC85    17.50      3.046311      0.115072      0.157974       283 
  2010AG146    17.50      3.074806      0.116154      0.160557       283 
  2016QZ121    17.50      3.048338      0.125461      0.163537       283 
  2010MY104    17.51      3.065464      0.112699      0.157023       283 
  2016TW170    17.51      3.064092      0.117044      0.156837       283 
  2017SV290    17.52      3.065727      0.114531      0.156291       283 
  2010TN137    17.54      3.056074      0.112229      0.157132       283 
  2014SZ375    17.54      3.039796      0.124689      0.163856       283 
   2011JY38    17.55      3.060962      0.108473      0.155736       283 
  2017RC114    17.56      3.044430      0.126220      0.163664       283 
  2014QX111    17.57      3.050888      0.117350      0.157721       283 
  2014UD254    17.58      3.048758      0.125424      0.165080       283 
  2001FZ227    17.59      3.078333      0.114754      0.161021       283 
  2016TM156    17.59      3.040772      0.122823      0.162216       283 
   2010LL72    17.60      3.037407      0.120103      0.162650       283 
  2015TJ423    17.60      3.061979      0.110413      0.156333       283 
     578112    17.61      3.042151      0.125118      0.162589       283 
   2012GX48    17.61      3.033292      0.107336      0.155546       283 
   2019AL92    17.61      3.035137      0.126963      0.163042       283 
  2014KF144    17.61      3.048904      0.110519      0.159723       283 
  2016PE213    17.61      3.044494      0.107202      0.157149       283 
   2021GW44    17.62      3.047915      0.113729      0.157677       283 
  2016PU172    17.62      3.056507      0.112500      0.157363       283 
  2014OS176    17.63      3.070721      0.114128      0.157327       283 
  2014QR197    17.63      3.066542      0.118437      0.155965       283 
   2015KG96    17.64      3.065673      0.114518      0.156301       283 
   2019LY21    17.64      3.062642      0.108991      0.155544       283 
   2015VT81    17.65      3.061512      0.112096      0.159259       283 
   2017RA91    17.65      3.058957      0.118402      0.157881       283 
  2014OP322    17.65      3.044099      0.110198      0.155828       283 
  2017QR109    17.65      3.059016      0.112384      0.156861       283 
  2005YH109    17.66      3.033450      0.117137      0.162122       283 
  2014OF443    17.66      3.078062      0.115330      0.161738       283 
   2014HK51    17.67      3.041032      0.123018      0.161614       283 
   2016RA57    17.67      3.037269      0.122215      0.164257       283 
  2015TG435    17.68      3.045778      0.113495      0.157383       283 
   2020KH41    17.69      3.039980      0.117136      0.159520       283 
  2014WN565    17.69      3.038900      0.128224      0.161957       283 
   2014ND93    17.70      3.064126      0.113845      0.158335       283 
   2017UA48    17.70      3.069809      0.111040      0.155449       283 
  2008EG161    17.70      3.042425      0.128346      0.163122       283 
  2014QE513    17.70      3.058191      0.110747      0.156554       283 
  2015XT296    17.71      3.077154      0.121228      0.160142       283 
   2010ML45    17.72      3.070801      0.109535      0.156277       283 
   2021VZ26    17.73      3.056807      0.114571      0.157445       283 
  2015BY497    17.73      3.059342      0.107979      0.154638       283 
  2015PC179    17.73      3.056965      0.113159      0.157699       283 
  2003WP213    17.76      3.036622      0.125520      0.163697       283 
  2012TH374    17.76      3.044003      0.121061      0.158593       283 
   2012QL69    17.77      3.048089      0.110382      0.156645       283 
  2017SY253    17.77      3.037546      0.121364      0.164554       283 
   2014HS86    17.78      3.050808      0.107755      0.155010       283 
  2015RR340    17.78      3.055526      0.112946      0.156991       283 
  2015XS490    17.79      3.038787      0.121127      0.162627       283 
  2016PN109    17.80      3.043434      0.109999      0.155264       283 
   2019MJ28    17.81      3.065935      0.107646      0.155216       283 
  2011UB477    17.82      3.043755      0.128118      0.161950       283 
   2014QV89    17.84      3.066195      0.112645      0.157372       283 
   2017WU48    17.84      3.049410      0.120042      0.157530       283 
  2005VT155    17.84      3.073921      0.116813      0.159398       283 
  2010BP132    17.84      3.067684      0.112969      0.156272       283 
  2015TV319    17.88      3.058479      0.112304      0.157565       283 
   2004TZ81    17.89      3.054800      0.119813      0.157152       283 
  2014UZ256    17.89      3.037176      0.119184      0.162402       283 
   2020PD76    18.00      3.067747      0.113324      0.160017       283 
   2020OT31    18.06      3.035989      0.121415      0.164525       283 
   2021SF58    18.06      3.041444      0.128276      0.161928       283 
  2015TC435    18.08      3.062381      0.117060      0.157326       283 
  2015BY429    18.16      3.041907      0.118994      0.158888       283 
