          2     4.11      2.770601      0.280881      0.547176         2 
       5222    11.41      2.775366      0.277196      0.540717         2 
       2382    11.81      2.759492      0.274689      0.544478         2 
        531    12.01      2.786213      0.255368      0.545827         2 
       5234    12.07      2.760958      0.271230      0.546794         2 
       5330    12.30      2.764330      0.260973      0.530696         2 
      33750    12.57      2.790872      0.283575      0.549541         2 
       4969    12.66      2.757404      0.273520      0.544273         2 
      12377    12.69      2.764999      0.274506      0.548497         2 
      53168    12.74      2.741157      0.231280      0.535097         2 
      67779    12.75      2.723298      0.279265      0.553909         2 
      66803    12.76      2.774679      0.253996      0.548312         2 
      36273    12.93      2.769674      0.275060      0.549926         2 
      87306    12.95      2.756843      0.281599      0.546881         2 
      33166    12.98      2.789881      0.279046      0.536335         2 
       5690    13.03      2.799610      0.243012      0.539617         2 
      23830    13.18      2.783056      0.277776      0.546664         2 
      44232    13.30      2.761457      0.261196      0.544544         2 
      15834    13.31      2.778125      0.262376      0.548898         2 
      25853    13.35      2.777348      0.263145      0.533879         2 
       9016    13.43      2.729686      0.262315      0.529569         2 
      90368    13.46      2.743088      0.276261      0.541848         2 
      32773    13.51      2.779257      0.279452      0.550110         2 
      52229    13.54      2.758959      0.253243      0.557859         2 
      69371    13.58      2.738316      0.269821      0.551601         2 
       3579    13.60      2.733670      0.282387      0.543552         2 
      86021    13.61      2.782401      0.254244      0.537139         2 
      57050    13.62      2.769477      0.261651      0.531934         2 
      14916    13.66      2.736680      0.273392      0.540898         2 
     153652    13.69      2.770303      0.269232      0.548644         2 
      82899    13.72      2.739679      0.266096      0.532350         2 
      46037    13.74      2.759856      0.268384      0.538929         2 
     109640    13.74      2.772352      0.272369      0.535150         2 
       8009    13.75      2.772440      0.280523      0.556911         2 
      67370    13.78      2.715453      0.284751      0.539901         2 
      79796    13.87      2.766670      0.264739      0.532255         2 
      24793    13.88      2.719548      0.278164      0.539044         2 
      65965    13.89      2.751114      0.254809      0.535416         2 
      69931    13.89      2.756498      0.277705      0.541443         2 
       5678    13.91      2.730142      0.234122      0.551247         2 
      87006    13.91      2.783417      0.279884      0.546990         2 
     101283    13.95      2.771921      0.263757      0.533342         2 
     110323    13.96      2.729864      0.277221      0.542236         2 
      66846    13.97      2.756930      0.269068      0.543868         2 
     140951    13.98      2.738516      0.277099      0.536030         2 
     105002    14.00      2.718675      0.258001      0.551642         2 
      59472    14.04      2.761519      0.265682      0.544949         2 
      66714    14.06      2.729451      0.271622      0.538758         2 
     100052    14.12      2.795760      0.292687      0.547220         2 
      90212    14.13      2.735723      0.285829      0.543184         2 
      39646    14.17      2.759212      0.277544      0.546328         2 
      40433    14.19      2.751784      0.235523      0.527310         2 
     157914    14.19      2.798274      0.244118      0.534852         2 
     234076    14.19      2.766841      0.248481      0.546049         2 
      46536    14.21      2.780762      0.262634      0.546572         2 
     111268    14.24      2.768409      0.265160      0.530120         2 
     113770    14.26      2.755940      0.266775      0.531523         2 
      40101    14.38      2.731002      0.286001      0.547864         2 
     105061    14.41      2.725763      0.266640      0.529629         2 
      79086    14.45      2.774349      0.270272      0.548246         2 
      85483    14.45      2.720389      0.282272      0.552716         2 
     123854    14.45      2.779583      0.260407      0.545843         2 
     103779    14.46      2.751827      0.249226      0.561024         2 
     203214    14.47      2.716097      0.276807      0.563270         2 
     100590    14.48      2.773684      0.265554      0.544441         2 
     118223    14.48      2.775276      0.264590      0.545102         2 
     122277    14.48      2.765114      0.254951      0.545559         2 
      91399    14.60      2.774309      0.259264      0.533612         2 
     176413    14.61      2.772509      0.263746      0.536553         2 
     206956    14.63      2.740730      0.276447      0.541732         2 
     329802    14.66      2.713773      0.270497      0.538946         2 
      99953    14.68      2.737729      0.237025      0.533213         2 
     123349    14.69      2.760583      0.279190      0.538393         2 
     138406    14.72      2.710313      0.283527      0.553675         2 
     188324    14.75      2.755961      0.239256      0.539208         2 
     241808    14.77      2.781356      0.261042      0.540753         2 
     174441    14.80      2.713842      0.273193      0.541161         2 
     136038    14.83      2.757974      0.262219      0.536169         2 
     119368    14.84      2.716351      0.280138      0.540666         2 
     413133    14.94      2.746552      0.279963      0.542908         2 
     235579    14.96      2.742285      0.239218      0.544535         2 
     244602    14.96      2.730522      0.252317      0.529041         2 
     148027    15.02      2.793355      0.248507      0.535562         2 
     243085    15.03      2.768339      0.270902      0.548481         2 
     164196    15.05      2.717676      0.273362      0.540987         2 
     226039    15.06      2.724123      0.233087      0.555684         2 
     338813    15.09      2.772296      0.267953      0.547883         2 
     208118    15.10      2.718970      0.257036      0.550817         2 
     335163    15.10      2.768823      0.277434      0.541498         2 
     244522    15.14      2.759521      0.270538      0.533394         2 
     415955    15.15      2.787259      0.265389      0.530336         2 
     285935    15.17      2.750986      0.232773      0.533911         2 
     422703    15.17      2.714593      0.277199      0.542579         2 
     120452    15.22      2.763599      0.275137      0.557731         2 
     235142    15.23      2.710457      0.234380      0.549247         2 
     265027    15.24      2.728692      0.281625      0.551699         2 
     252565    15.26      2.714734      0.271236      0.540152         2 
     344056    15.26      2.723130      0.256019      0.556589         2 
     352474    15.27      2.742353      0.249254      0.554428         2 
     329613    15.28      2.741875      0.258925      0.551879         2 
     340125    15.31      2.773348      0.256918      0.543945         2 
     297295    15.40      2.766693      0.263770      0.552338         2 
     274369    15.48      2.789260      0.259659      0.532056         2 
     306010    15.48      2.720712      0.270339      0.538901         2 
     351138    15.51      2.731181      0.233841      0.533685         2 
     415779    15.51      2.759724      0.270025      0.541330         2 
     392586    15.59      2.778357      0.268651      0.536886         2 
     364316    15.60      2.754210      0.271123      0.550444         2 
     215769    15.62      2.794365      0.263853      0.534996         2 
     333368    15.63      2.781189      0.273983      0.547470         2 
     392430    15.63      2.789831      0.261818      0.547233         2 
     240596    15.65      2.725715      0.253984      0.541764         2 
     388906    15.65      2.738314      0.246408      0.539378         2 
     317673    15.67      2.775371      0.270568      0.549593         2 
     350527    15.68      2.725719      0.245672      0.534046         2 
     297249    15.69      2.725569      0.275966      0.546987         2 
     335185    15.69      2.762147      0.274534      0.548049         2 
     370779    15.69      2.735069      0.275397      0.535095         2 
     326436    15.70      2.740203      0.276333      0.546560         2 
     485674    15.72      2.751886      0.236332      0.531811         2 
     287195    15.76      2.715048      0.280628      0.547538         2 
     322904    15.78      2.716961      0.275141      0.541524         2 
     313537    15.80      2.761459      0.261063      0.548385         2 
   2014NQ63    15.88      2.765896      0.279392      0.539492         2 
     494698    15.90      2.791409      0.269371      0.529692         2 
     437529    15.91      2.785996      0.265927      0.542313         2 
     468667    15.91      2.747534      0.252653      0.561371         2 
     395424    15.92      2.770690      0.261640      0.549419         2 
     370757    15.95      2.709524      0.243680      0.539753         2 
    2015LT6    15.95      2.735000      0.262258      0.541293         2 
     279466    15.96      2.783739      0.271137      0.536462         2 
     417006    15.96      2.763028      0.283642      0.548851         2 
     248313    15.99      2.756901      0.272596      0.545944         2 
     434787    16.15      2.725704      0.261519      0.535760         2 
     373305    16.17      2.740914      0.271658      0.539333         2 
     479312    16.17      2.740648      0.264120      0.537740         2 
   2012BX20    16.18      2.751294      0.288054      0.560334         2 
  2015VD124    16.18      2.736031      0.252856      0.531887         2 
     503160    16.22      2.797550      0.264545      0.533589         2 
     566617    16.22      2.773488      0.268842      0.547221         2 
     461758    16.26      2.740083      0.251820      0.557466         2 
     484558    16.27      2.758900      0.255365      0.548815         2 
     508930    16.27      2.780927      0.283244      0.544792         2 
     532194    16.35      2.774180      0.281578      0.544871         2 
     491428    16.36      2.745542      0.275282      0.539025         2 
   2009FA82    16.40      2.759267      0.266488      0.550445         2 
     482101    16.41      2.725655      0.251550      0.546277         2 
     379504    16.45      2.757818      0.245400      0.551170         2 
   2003QS94    16.56      2.729749      0.286071      0.554850         2 
     512304    16.61      2.756370      0.261929      0.548998         2 
     594262    16.61      2.782625      0.269697      0.538389         2 
     492971    16.63      2.748044      0.243855      0.541726         2 
   2008JC25    16.63      2.755478      0.262071      0.527275         2 
     532949    16.64      2.742395      0.258149      0.559317         2 
   2004QC10    16.64      2.750332      0.238578      0.529473         2 
  2005QX166    16.64      2.725947      0.268037      0.549408         2 
     450173    16.68      2.759156      0.255090      0.548333         2 
     478766    16.71      2.725710      0.243114      0.541980         2 
  2013TQ136    16.74      2.761160      0.269503      0.530971         2 
     513494    16.79      2.790081      0.260716      0.547578         2 
  2009SW234    16.80      2.788007      0.280013      0.543508         2 
     370732    16.82      2.720491      0.283894      0.551271         2 
   2018SN11    16.82      2.751798      0.276162      0.543846         2 
    2015XM1    16.83      2.776575      0.267427      0.528508         2 
     2016MP    16.85      2.758006      0.263061      0.548786         2 
   2003KN40    16.88      2.769628      0.282797      0.545201         2 
   2010ES40    16.89      2.760647      0.258036      0.548595         2 
  2014QB296    16.89      2.768573      0.268065      0.549578         2 
   2011WK72    16.93      2.733274      0.269889      0.539452         2 
    2016XZ6    16.95      2.715943      0.280348      0.544007         2 
  2015BK466    16.95      2.765083      0.261831      0.549037         2 
   2020BO79    16.96      2.742543      0.273044      0.539332         2 
    2017GZ4    16.98      2.774309      0.255219      0.548161         2 
   2013AN76    17.03      2.716429      0.262321      0.548815         2 
  2015BQ329    17.04      2.772342      0.281495      0.545643         2 
     563720    17.07      2.751572      0.255503      0.551569         2 
    2020FH8    17.09      2.750118      0.261287      0.552602         2 
    2020QB4    17.09      2.781700      0.244066      0.548270         2 
  2013WO121    17.11      2.782658      0.283934      0.544370         2 
     2016KP    17.12      2.734042      0.282319      0.555958         2 
  2015BZ581    17.13      2.751305      0.269897      0.532919         2 
   2017AK19    17.14      2.772202      0.266226      0.534192         2 
   2014PG83    17.17      2.776132      0.271217      0.529983         2 
     2018LD    17.19      2.750933      0.263970      0.540283         2 
    2018CY9    17.22      2.754567      0.265586      0.540787         2 
    2019BM1    17.25      2.765489      0.253612      0.548911         2 
  2000QB130    17.25      2.786001      0.287127      0.544877         2 
  2015XU461    17.26      2.763005      0.262278      0.538323         2 
   2005CF84    17.27      2.744780      0.239066      0.550854         2 
   2009VM80    17.27      2.721143      0.272975      0.540706         2 
   2006XH40    17.29      2.779670      0.274512      0.547427         2 
   2016SQ36    17.29      2.732070      0.266704      0.536156         2 
    2021AM3    17.30      2.793193      0.257200      0.547170         2 
  2008RB151    17.30      2.744942      0.269855      0.549360         2 
    2004EK9    17.34      2.711799      0.262229      0.549143         2 
   2008FM16    17.36      2.751604      0.272140      0.546327         2 
  2014KY100    17.39      2.732935      0.284749      0.557808         2 
  2013RU149    17.42      2.734744      0.277917      0.537200         2 
    2013TP5    17.44      2.723274      0.242208      0.532051         2 
  2006TK130    17.45      2.712216      0.271915      0.538379         2 
  2009WA283    17.46      2.736598      0.276780      0.541602         2 
  2015FK117    17.46      2.770449      0.270555      0.536371         2 
    2015KT1    17.48      2.791980      0.266682      0.546646         2 
   2011LQ31    17.49      2.751108      0.260633      0.535256         2 
   2011RQ29    17.49      2.776574      0.269780      0.549293         2 
   2012UQ27    17.50      2.724839      0.236172      0.555942         2 
   2018AA47    17.50      2.810349      0.268363      0.550518         2 
  2007EQ113    17.50      2.760762      0.274650      0.547957         2 
   2006UA64    17.51      2.714460      0.256241      0.542905         2 
   2017KD32    17.53      2.738570      0.278641      0.544832         2 
   2011YZ30    17.54      2.763657      0.274869      0.549300         2 
   2022AO27    17.58      2.752175      0.260085      0.554195         2 
   2006HK67    17.61      2.739682      0.272949      0.548860         2 
  2016NJ144    17.61      2.739708      0.248301      0.557003         2 
   2010BM83    17.63      2.740123      0.265126      0.552265         2 
   2017WR42    17.63      2.757965      0.266380      0.550178         2 
  2014US271    17.63      2.733951      0.262751      0.541519         2 
   2019JQ72    17.64      2.710302      0.275872      0.553151         2 
  2016PV145    17.66      2.784597      0.270033      0.547634         2 
   2007JG52    17.75      2.740173      0.274244      0.546956         2 
   2020MV47    17.77      2.751236      0.245914      0.541855         2 
   2006SE42    17.78      2.751623      0.272661      0.541914         2 
   2012LB28    17.79      2.733739      0.282712      0.544390         2 
  2007UF166    17.84      2.747874      0.273252      0.550313         2 
    2017AS3    17.85      2.751491      0.241979      0.552468         2 
    2012OV7    17.87      2.757522      0.250806      0.553613         2 
    2016VP5    17.89      2.741634      0.254355      0.551010         2 
     2010OL    17.90      2.748036      0.259667      0.545516         2 
  2013GQ164    17.90      2.711340      0.256682      0.545544         2 
   2016NK56    17.92      2.751261      0.274051      0.542539         2 
   2006JK53    17.93      2.743864      0.244782      0.543283         2 
   2018FF46    18.08      2.734086      0.236297      0.529178         2 
   2014KR23    18.12      2.726112      0.287479      0.555065         2 
   2016SU98    18.13      2.750756      0.257393      0.540151         2 
   2021JW39    18.13      2.731222      0.274166      0.537896         2 
   2016FP81    18.16      2.787285      0.267389      0.546492         2 
    2018VK9    18.17      2.751841      0.243506      0.537739         2 
  2021RU160    18.21      2.743771      0.274660      0.535420         2 
  2012UX240    18.22      2.739131      0.271765      0.552622         2 
  2017BM207    18.25      2.724106      0.280820      0.556880         2 
   2020PQ79    18.29      2.759981      0.277203      0.535622         2 
  2003YY190    18.29      2.761923      0.276592      0.535101         2 
   2018BT26    18.30      2.746808      0.266663      0.550475         2 
    2012TR6    18.38      2.761521      0.268195      0.538920         2 
  2015KV194    18.39      2.747892      0.274699      0.546743         2 
   2012EW28    18.50      2.748144      0.273195      0.549636         2 
   2017TZ22    18.58      2.711365      0.285277      0.537143         2 
   2010TV93    18.71      2.712977      0.282284      0.558794         2 
  2006DU100    18.95      2.729969      0.261761      0.540994         2 
