        302    11.08      2.405667      0.106553      0.058494       302 
       8235    14.64      2.388812      0.106530      0.059088       302 
      33536    15.19      2.403816      0.107037      0.059390       302 
      41746    15.23      2.403580      0.106176      0.058736       302 
      13606    15.29      2.431367      0.108078      0.056594       302 
      89135    15.30      2.411837      0.105516      0.057774       302 
      98178    15.49      2.402008      0.105914      0.057848       302 
      36286    15.64      2.394645      0.103811      0.057079       302 
      95074    15.72      2.402661      0.105752      0.057624       302 
     132248    15.76      2.400363      0.105384      0.058818       302 
     156074    15.95      2.397823      0.110415      0.060295       302 
      69131    15.97      2.385955      0.112639      0.058442       302 
      50294    16.07      2.411048      0.105990      0.058337       302 
     115312    16.07      2.401880      0.106349      0.059151       302 
      78921    16.09      2.402892      0.106811      0.059253       302 
      99691    16.11      2.400160      0.106659      0.057818       302 
     194644    16.20      2.400690      0.106303      0.058640       302 
     109368    16.23      2.400410      0.106784      0.059443       302 
     168936    16.23      2.413791      0.106415      0.058219       302 
     106919    16.24      2.400694      0.107246      0.059895       302 
     122425    16.24      2.412203      0.106358      0.058449       302 
     183911    16.24      2.390644      0.109008      0.060264       302 
     147769    16.27      2.402523      0.107001      0.058830       302 
     186530    16.27      2.398725      0.105694      0.058891       302 
      92634    16.32      2.399510      0.107496      0.060001       302 
     112414    16.32      2.387228      0.107447      0.057675       302 
      79308    16.34      2.410932      0.106372      0.059025       302 
     108859    16.34      2.396770      0.109771      0.058547       302 
      84218    16.37      2.400836      0.105673      0.058017       302 
     102822    16.37      2.387803      0.108673      0.057747       302 
     106918    16.40      2.395298      0.109960      0.056423       302 
     203620    16.40      2.399130      0.106739      0.058995       302 
     154734    16.42      2.414505      0.106088      0.058164       302 
     143477    16.43      2.379418      0.108877      0.055612       302 
     153405    16.44      2.412920      0.106619      0.058444       302 
     154482    16.54      2.401982      0.106218      0.059056       302 
     170488    16.55      2.387114      0.107747      0.057835       302 
     203594    16.55      2.427761      0.106091      0.060358       302 
     199079    16.63      2.400335      0.104690      0.058382       302 
     112943    16.64      2.382577      0.109392      0.056166       302 
     225695    16.64      2.404240      0.106338      0.059221       302 
     103876    16.65      2.399463      0.106837      0.058819       302 
     148526    16.67      2.400678      0.104492      0.058856       302 
     190312    16.69      2.412146      0.106119      0.058080       302 
     237295    16.70      2.401617      0.106987      0.059509       302 
     126328    16.71      2.395934      0.105413      0.059431       302 
     156038    16.71      2.398884      0.105883      0.057573       302 
     183363    16.71      2.411981      0.106478      0.057962       302 
     238992    16.72      2.396079      0.108830      0.059845       302 
     235719    16.75      2.400954      0.105011      0.058119       302 
     224040    16.78      2.396920      0.106736      0.059541       302 
     255959    16.79      2.399755      0.105963      0.058644       302 
     202065    16.80      2.399914      0.105178      0.058269       302 
     270139    16.81      2.397526      0.108575      0.059193       302 
     172478    16.86      2.412006      0.106822      0.059056       302 
     153427    16.87      2.399934      0.105317      0.058266       302 
     171027    16.87      2.412443      0.106577      0.058482       302 
     384902    16.89      2.400731      0.105898      0.059279       302 
     218233    16.90      2.415215      0.106353      0.058440       302 
     199859    16.91      2.411248      0.105691      0.058279       302 
     268379    16.91      2.421935      0.109056      0.059453       302 
     231264    16.95      2.401418      0.106486      0.059203       302 
     183257    16.98      2.398971      0.106347      0.059305       302 
     206344    16.98      2.403525      0.105971      0.058269       302 
     183090    16.99      2.402317      0.103548      0.057006       302 
     330648    16.99      2.400975      0.105560      0.058615       302 
     199005    17.00      2.416166      0.106444      0.058265       302 
     257497    17.00      2.397827      0.107337      0.059260       302 
     142054    17.01      2.407798      0.106427      0.059077       302 
     204380    17.01      2.395355      0.107004      0.057477       302 
     244237    17.01      2.398657      0.105686      0.058564       302 
     250448    17.03      2.400316      0.104566      0.058485       302 
     237012    17.04      2.397642      0.109203      0.058459       302 
     255811    17.05      2.406064      0.105742      0.059786       302 
     173657    17.06      2.399216      0.106949      0.059003       302 
     216924    17.06      2.385302      0.108866      0.058927       302 
     208724    17.07      2.411099      0.106001      0.058422       302 
     249427    17.08      2.415205      0.105726      0.057904       302 
     304858    17.08      2.400117      0.105997      0.058926       302 
     320575    17.08      2.397670      0.106475      0.059419       302 
     160799    17.09      2.401219      0.103877      0.057891       302 
     274957    17.09      2.400302      0.105420      0.057820       302 
     246226    17.10      2.395338      0.109131      0.059563       302 
     180349    17.11      2.395994      0.109613      0.058565       302 
     211605    17.11      2.396195      0.107540      0.058158       302 
     194582    17.12      2.394314      0.108308      0.058023       302 
     307621    17.12      2.402687      0.105002      0.058093       302 
     217593    17.13      2.395856      0.108927      0.061500       302 
     128623    17.14      2.413880      0.106573      0.058580       302 
     142751    17.14      2.400015      0.104817      0.059312       302 
     292411    17.14      2.394302      0.110932      0.059519       302 
     194310    17.16      2.395413      0.108428      0.058265       302 
     277434    17.18      2.396043      0.109703      0.058431       302 
     324990    17.18      2.394719      0.107965      0.057213       302 
     158879    17.20      2.394820      0.108008      0.058535       302 
     161777    17.20      2.404223      0.104584      0.056686       302 
     388183    17.20      2.395795      0.108591      0.059485       302 
     150673    17.22      2.396450      0.109220      0.059666       302 
     337742    17.22      2.386832      0.108047      0.058958       302 
     265262    17.23      2.389197      0.109403      0.058045       302 
     302458    17.24      2.396814      0.109956      0.059812       302 
     185305    17.25      2.415524      0.107038      0.059714       302 
     246759    17.25      2.429775      0.106701      0.055819       302 
     251565    17.25      2.400059      0.106335      0.059081       302 
     289020    17.25      2.394146      0.106808      0.057737       302 
     320627    17.25      2.399232      0.105166      0.058527       302 
     345346    17.26      2.413361      0.106040      0.059237       302 
     150807    17.27      2.397792      0.104366      0.057723       302 
     221930    17.27      2.392382      0.110937      0.059375       302 
     327779    17.27      2.402445      0.107158      0.059371       302 
     153605    17.28      2.415067      0.105579      0.058055       302 
     311584    17.31      2.397629      0.110039      0.059304       302 
     198122    17.33      2.394818      0.108465      0.060047       302 
     312815    17.33      2.398745      0.107088      0.058648       302 
     454081    17.33      2.395696      0.109184      0.058858       302 
     300289    17.34      2.398803      0.105552      0.058738       302 
     340160    17.34      2.397811      0.108851      0.059544       302 
     262619    17.35      2.396504      0.108446      0.059243       302 
     301690    17.36      2.395883      0.110462      0.059500       302 
     392593    17.37      2.415295      0.106848      0.059084       302 
     255826    17.39      2.412841      0.106142      0.058375       302 
     367682    17.39      2.397825      0.107927      0.057896       302 
     227123    17.40      2.397703      0.108884      0.058960       302 
     458846    17.40      2.402364      0.107201      0.059504       302 
     335481    17.41      2.413487      0.106421      0.058587       302 
     377285    17.41      2.397790      0.108591      0.060689       302 
     390179    17.41      2.397827      0.109547      0.058727       302 
     325775    17.42      2.396012      0.108609      0.059900       302 
     377693    17.46      2.421876      0.110515      0.057337       302 
     242858    17.48      2.390573      0.106784      0.059565       302 
     283069    17.48      2.392063      0.105011      0.059373       302 
     359142    17.49      2.399318      0.105108      0.058649       302 
   2012UC45    17.49      2.395435      0.108611      0.058868       302 
     318021    17.50      2.385968      0.106929      0.058808       302 
     266582    17.51      2.401147      0.105394      0.057542       302 
     277359    17.51      2.395934      0.109308      0.058926       302 
     420939    17.51      2.416175      0.106500      0.058603       302 
     186787    17.52      2.395947      0.107755      0.057702       302 
     332080    17.52      2.391467      0.108223      0.059344       302 
     399209    17.52      2.401949      0.104577      0.056572       302 
     429552    17.52      2.414884      0.105806      0.057643       302 
     436850    17.52      2.393371      0.108751      0.057746       302 
   2013SS50    17.53      2.398726      0.105253      0.057867       302 
     359162    17.54      2.412948      0.105697      0.058269       302 
    2012BW8    17.54      2.415172      0.106298      0.059194       302 
    2017OZ5    17.54      2.396660      0.109087      0.059616       302 
     290721    17.55      2.394122      0.104597      0.058945       302 
     272464    17.56      2.394158      0.110093      0.057192       302 
     340934    17.56      2.394470      0.104936      0.058461       302 
     269437    17.57      2.393341      0.108164      0.057938       302 
     239607    17.59      2.400384      0.106231      0.058704       302 
   2009HB29    17.59      2.415150      0.106194      0.058375       302 
     324400    17.60      2.395615      0.109296      0.059782       302 
     310979    17.61      2.416171      0.106957      0.058274       302 
     362191    17.61      2.397827      0.106901      0.059502       302 
     251687    17.62      2.400321      0.106673      0.059578       302 
     309271    17.62      2.421067      0.109192      0.058577       302 
     348725    17.62      2.420623      0.105622      0.058360       302 
     376173    17.62      2.395099      0.108807      0.058789       302 
     378614    17.62      2.401806      0.105727      0.058399       302 
     259834    17.64      2.393953      0.108799      0.058844       302 
     316321    17.64      2.390779      0.107762      0.058174       302 
     316771    17.64      2.397829      0.109801      0.056860       302 
     325767    17.64      2.389877      0.109469      0.060268       302 
     454489    17.65      2.397714      0.107631      0.056814       302 
     262080    17.67      2.393871      0.107099      0.056884       302 
     334328    17.67      2.394162      0.110501      0.059975       302 
     445126    17.69      2.397672      0.108998      0.058424       302 
     611486    17.69      2.401892      0.104994      0.057284       302 
     415098    17.70      2.423398      0.105533      0.057245       302 
     453837    17.71      2.416569      0.105191      0.058020       302 
  2008CR147    17.72      2.391122      0.108319      0.058377       302 
     256832    17.73      2.397725      0.107786      0.059476       302 
     478623    17.73      2.395192      0.108526      0.058222       302 
     316216    17.76      2.407282      0.106635      0.058628       302 
     423953    17.76      2.404652      0.106316      0.058660       302 
   2008XJ38    17.76      2.392837      0.109133      0.057442       302 
     553570    17.77      2.395523      0.106158      0.057723       302 
     385663    17.78      2.392217      0.107699      0.058943       302 
     454888    17.78      2.388392      0.108068      0.058619       302 
     575957    17.78      2.393371      0.108035      0.057933       302 
     328090    17.79      2.390055      0.108296      0.057595       302 
     542277    17.79      2.418402      0.107563      0.057362       302 
     363483    17.80      2.395461      0.106552      0.058589       302 
     490434    17.80      2.392239      0.109170      0.058025       302 
     330312    17.81      2.392908      0.108960      0.058427       302 
   2012SQ25    17.81      2.390727      0.107132      0.059681       302 
     362669    17.82      2.418371      0.105851      0.056299       302 
     383087    17.83      2.415138      0.106141      0.059163       302 
     456833    17.83      2.415154      0.104688      0.057540       302 
     516684    17.83      2.415400      0.105975      0.057724       302 
   2013SB49    17.83      2.386068      0.110321      0.059572       302 
   2011YF65    17.84      2.392554      0.108884      0.058710       302 
     314145    17.85      2.393441      0.107489      0.057838       302 
     524730    17.85      2.421969      0.108274      0.059352       302 
     344086    17.86      2.392568      0.110658      0.056530       302 
     534269    17.86      2.418515      0.107500      0.057934       302 
     371559    17.87      2.397780      0.105173      0.058562       302 
     549771    17.87      2.399125      0.105748      0.057741       302 
     611481    17.87      2.414674      0.107305      0.057151       302 
  2004BE174    17.87      2.392683      0.108132      0.058344       302 
     514340    17.88      2.418517      0.106488      0.057864       302 
     523029    17.88      2.394104      0.110963      0.060298       302 
     529179    17.88      2.416450      0.106234      0.059504       302 
   2006AY36    17.88      2.418969      0.106251      0.058663       302 
   2013RK62    17.88      2.418457      0.110327      0.059383       302 
     284201    17.89      2.394868      0.109236      0.057405       302 
     386048    17.89      2.389540      0.107032      0.059839       302 
     361620    17.90      2.393088      0.109212      0.060083       302 
     434588    17.90      2.394650      0.108093      0.058792       302 
   2010MT33    17.90      2.394630      0.108725      0.059282       302 
     451732    17.91      2.397817      0.109332      0.056742       302 
     524775    17.91      2.392790      0.107139      0.058582       302 
     533959    17.91      2.394545      0.109904      0.060200       302 
     325852    17.92      2.395975      0.108353      0.058501       302 
     367683    17.92      2.394530      0.109042      0.059266       302 
     392523    17.92      2.391517      0.107345      0.058692       302 
     441041    17.92      2.401381      0.106300      0.057828       302 
     447748    17.93      2.391955      0.109063      0.058212       302 
     453906    17.93      2.390044      0.110183      0.060346       302 
     527259    17.94      2.391981      0.108437      0.059832       302 
     376131    17.95      2.409667      0.105975      0.059506       302 
     441883    17.95      2.397827      0.105082      0.059285       302 
     463857    17.95      2.392793      0.106160      0.057617       302 
     411701    17.96      2.392540      0.109884      0.060422       302 
     426597    17.96      2.393636      0.109100      0.057993       302 
     456765    17.96      2.413954      0.106683      0.058788       302 
     434594    17.97      2.397719      0.104859      0.058576       302 
     507950    17.97      2.397719      0.108269      0.058190       302 
     324423    17.98      2.394135      0.108389      0.059236       302 
     398127    17.98      2.393670      0.109389      0.059569       302 
     544069    17.98      2.392854      0.109416      0.058940       302 
   2015OH31    17.98      2.424152      0.106689      0.057501       302 
  2001SE200    17.98      2.390859      0.110455      0.059225       302 
     404824    17.99      2.394218      0.109620      0.057846       302 
     453378    17.99      2.389647      0.107079      0.060190       302 
  2008UF271    17.99      2.407797      0.105878      0.057693       302 
     462588    18.00      2.394775      0.108240      0.059641       302 
     345335    18.01      2.399293      0.106801      0.058843       302 
     543672    18.01      2.391792      0.108711      0.059860       302 
   2008DQ52    18.01      2.392979      0.109903      0.060039       302 
   2012JD23    18.01      2.388633      0.110907      0.060551       302 
     439315    18.02      2.394139      0.110174      0.059986       302 
     606822    18.02      2.386236      0.108758      0.058869       302 
     294565    18.03      2.393168      0.107667      0.057356       302 
     422015    18.03      2.419309      0.107456      0.057677       302 
     483942    18.03      2.387678      0.108302      0.058568       302 
     441552    18.04      2.397782      0.107431      0.057358       302 
     451068    18.04      2.391958      0.109359      0.058618       302 
     439593    18.05      2.388758      0.108656      0.058955       302 
     489606    18.05      2.391362      0.108123      0.058637       302 
     593885    18.06      2.389499      0.109760      0.056983       302 
   2008SV64    18.06      2.393018      0.107454      0.057916       302 
   2012CC54    18.06      2.411166      0.106874      0.058666       302 
     324980    18.07      2.389648      0.110657      0.059183       302 
     345316    18.07      2.416535      0.107082      0.058409       302 
  2015BM177    18.07      2.401905      0.106496      0.058869       302 
     424546    18.08      2.391360      0.107277      0.056644       302 
   2010ST34    18.08      2.418789      0.111380      0.058905       302 
     470557    18.09      2.385499      0.109784      0.059802       302 
   2005WA11    18.09      2.416125      0.106671      0.058455       302 
   2012XX42    18.09      2.401343      0.105215      0.057975       302 
  2006UN304    18.09      2.425633      0.107065      0.056742       302 
  2008GV150    18.09      2.392739      0.107280      0.060553       302 
    2011DQ2    18.10      2.396432      0.107601      0.057210       302 
  2012TH245    18.10      2.390287      0.108501      0.061356       302 
     481262    18.11      2.392075      0.109891      0.060664       302 
     584517    18.11      2.396221      0.108133      0.058252       302 
     588223    18.11      2.387944      0.110305      0.060341       302 
     608041    18.11      2.392400      0.104072      0.057596       302 
  2000EV209    18.11      2.395429      0.109058      0.059020       302 
     527893    18.12      2.411092      0.104544      0.057424       302 
   2014EU30    18.12      2.421041      0.107116      0.057340       302 
     484024    18.13      2.393424      0.106318      0.057823       302 
     604425    18.13      2.421819      0.107817      0.059187       302 
  2015FK178    18.13      2.397722      0.108214      0.057147       302 
     606287    18.14      2.390662      0.108566      0.057561       302 
   2008VQ11    18.14      2.425639      0.105997      0.057348       302 
  2006BH293    18.14      2.391444      0.109400      0.059030       302 
   2016SQ25    18.15      2.390975      0.108237      0.059246       302 
   2005RP58    18.16      2.390353      0.108611      0.060132       302 
   2011BC71    18.16      2.391413      0.106972      0.057620       302 
  2009WE274    18.16      2.420976      0.109737      0.059157       302 
  2015FY160    18.16      2.420272      0.109333      0.057430       302 
     590924    18.17      2.389553      0.106156      0.057626       302 
  2010TJ116    18.17      2.393644      0.110308      0.058439       302 
     561480    18.18      2.396748      0.109514      0.057554       302 
  2010GK192    18.18      2.424930      0.108877      0.059746       302 
     466121    18.19      2.393560      0.105577      0.059569       302 
     482524    18.19      2.399532      0.105120      0.056954       302 
   2010KD75    18.19      2.396172      0.107251      0.057633       302 
   2015TB73    18.19      2.422472      0.106367      0.056630       302 
  2001TZ264    18.19      2.387294      0.107040      0.060482       302 
  2005YJ267    18.19      2.401652      0.106980      0.059508       302 
     507670    18.20      2.394259      0.108703      0.057144       302 
     552189    18.20      2.387167      0.107850      0.057562       302 
   2011CM30    18.20      2.391509      0.108453      0.060148       302 
  2003WA201    18.20      2.418425      0.104756      0.058277       302 
  2008TR174    18.20      2.393141      0.106662      0.056815       302 
  2010BB137    18.20      2.418328      0.108116      0.058728       302 
  2013TB132    18.20      2.387828      0.112507      0.059282       302 
  2008TW198    18.21      2.415550      0.104883      0.057165       302 
     553526    18.22      2.390788      0.110595      0.060126       302 
     553783    18.22      2.388957      0.107075      0.059838       302 
   2013SR66    18.22      2.386590      0.108517      0.057745       302 
  2015TA257    18.22      2.392412      0.108055      0.057196       302 
     579451    18.23      2.387323      0.107751      0.057450       302 
   2012KV28    18.23      2.389575      0.107444      0.057996       302 
     542148    18.24      2.390336      0.108669      0.058627       302 
     444126    18.25      2.387591      0.111456      0.058611       302 
  2009WO219    18.25      2.391828      0.104203      0.057955       302 
     406859    18.26      2.387230      0.108038      0.060416       302 
     549626    18.26      2.432283      0.106602      0.055660       302 
     565225    18.26      2.403408      0.105065      0.058227       302 
   2008WQ14    18.26      2.421882      0.107245      0.058321       302 
   2012SM69    18.26      2.386581      0.107888      0.060012       302 
     556158    18.27      2.392210      0.107079      0.057662       302 
     611567    18.27      2.390755      0.109418      0.060905       302 
   2017CY22    18.27      2.391085      0.106668      0.058812       302 
     538417    18.28      2.421163      0.108061      0.060174       302 
   2014BW84    18.28      2.390268      0.108834      0.058577       302 
   2014YG60    18.28      2.394391      0.110319      0.057726       302 
     393697    18.29      2.388373      0.110031      0.057683       302 
     538328    18.29      2.389978      0.108656      0.058926       302 
    2012KH8    18.29      2.393558      0.106947      0.059173       302 
   2013QC45    18.29      2.388918      0.109364      0.060711       302 
     430003    18.30      2.418432      0.105669      0.057106       302 
     441545    18.30      2.395176      0.106792      0.057643       302 
     603231    18.30      2.423916      0.108405      0.059067       302 
   2007RO25    18.30      2.391494      0.107233      0.057384       302 
   2008HC32    18.30      2.392684      0.106304      0.060144       302 
   2009OF18    18.30      2.395426      0.105693      0.057958       302 
   2010RP33    18.30      2.388489      0.108994      0.060060       302 
     509724    18.31      2.387427      0.106248      0.059945       302 
     580471    18.31      2.387984      0.107051      0.057349       302 
     598017    18.31      2.391525      0.110324      0.058146       302 
     603449    18.32      2.388713      0.105844      0.059381       302 
  2015PB138    18.32      2.387972      0.104498      0.058884       302 
     549817    18.33      2.392274      0.107868      0.057532       302 
     614252    18.33      2.390836      0.109064      0.060059       302 
   2006EW78    18.33      2.394113      0.105411      0.057750       302 
   2011SE55    18.33      2.421886      0.108165      0.060158       302 
   2016GN87    18.33      2.405511      0.104253      0.056958       302 
     384415    18.34      2.388099      0.109062      0.059968       302 
     534131    18.34      2.426310      0.106905      0.056909       302 
     608869    18.34      2.392784      0.109402      0.058358       302 
   2003WB53    18.34      2.386001      0.104666      0.059033       302 
  2008ER171    18.34      2.386990      0.106015      0.058057       302 
  2015FF409    18.35      2.390196      0.106867      0.058622       302 
    2019OW7    18.36      2.396400      0.104500      0.056585       302 
   2007TV97    18.36      2.387093      0.110089      0.058179       302 
   2012HY88    18.36      2.391452      0.104055      0.057679       302 
   2015JY14    18.36      2.392554      0.105037      0.060071       302 
  2011HR109    18.36      2.389216      0.107665      0.057951       302 
     504280    18.37      2.380593      0.106829      0.060729       302 
  2009BT162    18.37      2.400896      0.106679      0.059590       302 
     444462    18.38      2.385579      0.106838      0.056389       302 
     553539    18.38      2.394016      0.106167      0.057022       302 
     594130    18.38      2.384217      0.108799      0.057346       302 
   2015CG16    18.38      2.386871      0.107848      0.059966       302 
  2011SY211    18.38      2.399666      0.106306      0.058736       302 
  2017FB178    18.38      2.396792      0.108350      0.058200       302 
     615447    18.39      2.424271      0.106585      0.057388       302 
   2013RJ45    18.39      2.389499      0.105713      0.059269       302 
   2016BG78    18.39      2.390634      0.107834      0.058765       302 
  2008CP134    18.39      2.385455      0.107430      0.058553       302 
     485474    18.40      2.387226      0.109867      0.059804       302 
     615901    18.40      2.414422      0.107190      0.059307       302 
   2015UL10    18.40      2.391510      0.106386      0.057256       302 
  2005UC547    18.40      2.390120      0.105350      0.057309       302 
     482489    18.41      2.395136      0.109717      0.060788       302 
     599343    18.41      2.390745      0.108123      0.058959       302 
   2010CS32    18.41      2.388081      0.107912      0.060519       302 
  2009WD168    18.41      2.392563      0.106311      0.056011       302 
     466636    18.42      2.387164      0.108907      0.059189       302 
     509946    18.42      2.393609      0.107190      0.057483       302 
  2010BB140    18.42      2.389842      0.108383      0.058958       302 
  2010UP108    18.42      2.401826      0.105472      0.059118       302 
    2008WV7    18.43      2.424549      0.107619      0.057818       302 
  2002TR338    18.43      2.389495      0.111111      0.058246       302 
     533916    18.44      2.385510      0.106997      0.059498       302 
   2011DB44    18.44      2.387712      0.106754      0.058684       302 
   2021EL21    18.44      2.399893      0.105380      0.059509       302 
  2005UA377    18.44      2.386989      0.110163      0.059840       302 
  2007EW124    18.44      2.403254      0.105590      0.057922       302 
  2011SS302    18.44      2.390703      0.107468      0.059222       302 
  2014OW145    18.44      2.400231      0.106597      0.060067       302 
     513516    18.45      2.388091      0.110175      0.060237       302 
     522582    18.45      2.423806      0.109864      0.057374       302 
     534185    18.45      2.393268      0.107954      0.057877       302 
  2006AQ113    18.45      2.389985      0.107629      0.058201       302 
  2013RB127    18.45      2.391381      0.107681      0.060202       302 
  2015BY437    18.45      2.386919      0.108774      0.057490       302 
     551114    18.46      2.392689      0.107602      0.058294       302 
     586877    18.46      2.385253      0.108312      0.060579       302 
     611355    18.46      2.390516      0.108955      0.055968       302 
  2008UC166    18.46      2.389476      0.108191      0.057271       302 
  2014SC107    18.46      2.422794      0.108701      0.057376       302 
  2016AL255    18.46      2.386719      0.107350      0.057714       302 
   2016QQ50    18.47      2.391434      0.109244      0.058608       302 
   2005CP66    18.48      2.383540      0.106746      0.057746       302 
   2013RH10    18.48      2.390061      0.108229      0.058916       302 
  2014WP593    18.48      2.385619      0.109388      0.058327       302 
  2015RE328    18.49      2.391695      0.107336      0.057593       302 
     497765    18.50      2.391085      0.109767      0.056090       302 
     561059    18.50      2.387021      0.110936      0.058993       302 
    2018QB4    18.50      2.394773      0.107465      0.058405       302 
   2015DE50    18.50      2.426568      0.107112      0.056453       302 
  2005XR129    18.50      2.388603      0.105827      0.059810       302 
  2006RE117    18.50      2.389564      0.109903      0.059935       302 
  2015RA225    18.50      2.423465      0.108711      0.057543       302 
  2015RZ310    18.50      2.382202      0.109785      0.059999       302 
  2015TU409    18.50      2.422478      0.106915      0.058788       302 
   2014CL24    18.51      2.389810      0.109554      0.059575       302 
  2004RX276    18.51      2.390463      0.104798      0.057319       302 
  2010JX204    18.51      2.390363      0.105481      0.057989       302 
  2015KH170    18.51      2.425690      0.106865      0.060097       302 
   2018FC43    18.52      2.394957      0.109391      0.059580       302 
   2018QG17    18.52      2.385564      0.109567      0.058485       302 
  2015BT194    18.52      2.390972      0.108701      0.059206       302 
  2016CC341    18.52      2.416015      0.106722      0.059122       302 
   2011CD62    18.53      2.382683      0.111182      0.059252       302 
   2013QJ92    18.53      2.394680      0.110073      0.059671       302 
  2008GR171    18.53      2.405256      0.105668      0.057985       302 
  2015BW403    18.53      2.384531      0.107850      0.057029       302 
     599937    18.54      2.385721      0.108773      0.057071       302 
   2017XL18    18.54      2.429125      0.107786      0.057538       302 
   2015KS50    18.55      2.390331      0.108997      0.058343       302 
   2016RN35    18.55      2.384026      0.110353      0.058517       302 
   2018FL34    18.55      2.393583      0.108915      0.059867       302 
  2005UU373    18.55      2.383478      0.109116      0.060531       302 
  2011BF193    18.55      2.395283      0.109777      0.056622       302 
     538348    18.56      2.391464      0.109061      0.057758       302 
  2013RE147    18.56      2.393226      0.106781      0.059438       302 
  2004PC120    18.57      2.386328      0.106855      0.058454       302 
  2007VS203    18.57      2.386256      0.110162      0.059478       302 
  2015VO158    18.57      2.424845      0.109304      0.059719       302 
   2014OX44    18.58      2.424366      0.106968      0.060298       302 
   2018AU32    18.58      2.387484      0.107489      0.059726       302 
  2006AJ114    18.58      2.387107      0.107657      0.059198       302 
  2007RT347    18.58      2.385283      0.109595      0.058277       302 
  2008SG341    18.58      2.387528      0.107787      0.059004       302 
  2015TD213    18.58      2.387485      0.109306      0.059170       302 
   2016SX95    18.59      2.391413      0.105569      0.056268       302 
  2007TN329    18.59      2.385795      0.105878      0.058931       302 
     571905    18.60      2.388139      0.109602      0.057787       302 
   2010UJ84    18.60      2.393135      0.107780      0.058296       302 
   2014OH29    18.60      2.391074      0.107113      0.058136       302 
  2012TC243    18.60      2.402252      0.106021      0.058601       302 
     601830    18.61      2.389483      0.107283      0.058384       302 
   2011FK20    18.61      2.389297      0.103712      0.057455       302 
   2012WU42    18.61      2.427104      0.108939      0.057456       302 
  2009UY179    18.61      2.391432      0.103242      0.057247       302 
  2010UX109    18.61      2.410604      0.106495      0.058862       302 
   2008YM67    18.62      2.387380      0.111403      0.058926       302 
     533977    18.63      2.384680      0.111459      0.058710       302 
   2008DH99    18.63      2.412196      0.105723      0.060226       302 
   2012RO49    18.63      2.407540      0.106207      0.058291       302 
   2020FP36    18.63      2.390938      0.108653      0.059026       302 
  2011CL130    18.63      2.389372      0.108485      0.060367       302 
     584097    18.64      2.389213      0.107087      0.058179       302 
  2002TQ383    18.64      2.373090      0.107180      0.060436       302 
  2009BH165    18.64      2.393886      0.105414      0.057506       302 
  2015BX145    18.64      2.385600      0.107578      0.057505       302 
     493792    18.65      2.388647      0.109503      0.059436       302 
    2017CV8    18.65      2.384212      0.105124      0.059116       302 
   2006SV76    18.65      2.383155      0.106800      0.058487       302 
  2020BB101    18.65      2.418452      0.108157      0.056286       302 
     591371    18.66      2.421863      0.105763      0.057264       302 
   2014JM51    18.66      2.389012      0.106730      0.058964       302 
  2004RV314    18.66      2.385842      0.110001      0.059641       302 
  2011SJ291    18.66      2.393266      0.107609      0.057558       302 
  2014QH207    18.66      2.422294      0.106986      0.058577       302 
  2017OD102    18.66      2.387483      0.108061      0.056651       302 
   2009AO63    18.67      2.375524      0.106722      0.059427       302 
  2013YF164    18.67      2.396194      0.107850      0.057000       302 
  2016ES127    18.67      2.384538      0.111235      0.059594       302 
  2011SF189    18.68      2.386433      0.111513      0.057552       302 
  2019JN103    18.68      2.383426      0.111662      0.057096       302 
   2007EN49    18.69      2.381515      0.108984      0.057209       302 
     611284    18.70      2.383712      0.109270      0.059541       302 
    2021BY6    18.70      2.401432      0.106983      0.059519       302 
   2015JN29    18.70      2.399176      0.108716      0.061901       302 
   2018NP33    18.70      2.391019      0.106872      0.058557       302 
  2012UC207    18.70      2.389655      0.105587      0.057822       302 
  2014WE604    18.70      2.402280      0.106080      0.057922       302 
  2016GL318    18.70      2.388125      0.108297      0.056818       302 
   2013HW51    18.71      2.395636      0.108572      0.059707       302 
   2015RB61    18.71      2.393287      0.106684      0.059652       302 
   2016CG79    18.71      2.391623      0.108003      0.061138       302 
  2009WD110    18.71      2.386657      0.104302      0.058689       302 
  2010TC216    18.71      2.385492      0.109437      0.059106       302 
  2015TY382    18.71      2.381592      0.106264      0.058021       302 
     608044    18.72      2.393151      0.108754      0.056988       302 
    2013WH9    18.72      2.425880      0.108436      0.056825       302 
   2011WW81    18.72      2.388120      0.110474      0.057522       302 
   2018BJ24    18.72      2.384470      0.110062      0.060000       302 
   2020JN25    18.72      2.394555      0.107669      0.058239       302 
   2021BK10    18.72      2.388295      0.107032      0.058524       302 
  2008EN180    18.72      2.380567      0.108376      0.056351       302 
  2017QQ132    18.72      2.404176      0.103810      0.056872       302 
   2019RC31    18.73      2.392336      0.108809      0.058072       302 
  2007RO336    18.73      2.385429      0.111075      0.059032       302 
  2014SY100    18.73      2.383259      0.108876      0.058522       302 
  2008WV115    18.74      2.386118      0.109331      0.060689       302 
  2015DO247    18.74      2.385851      0.107969      0.056706       302 
  2016AW305    18.74      2.388105      0.107662      0.057740       302 
  2016PH188    18.74      2.390975      0.109527      0.060528       302 
   2008BN29    18.75      2.380320      0.109513      0.057897       302 
   2012US66    18.75      2.382520      0.106983      0.059337       302 
   2017RD72    18.75      2.389051      0.110257      0.059486       302 
   2019GB42    18.76      2.382009      0.110505      0.059334       302 
  2006BV176    18.77      2.389921      0.111474      0.059519       302 
  2008US386    18.77      2.393473      0.108464      0.059042       302 
  2010AY162    18.77      2.421853      0.107995      0.058827       302 
   2009VD29    18.78      2.384761      0.108036      0.059182       302 
  2003BF103    18.78      2.396016      0.107621      0.057069       302 
  2007RR234    18.78      2.379266      0.111196      0.059290       302 
  2007TN480    18.78      2.387784      0.112316      0.060498       302 
  2008GM164    18.78      2.387890      0.108282      0.057764       302 
  2015XG313    18.78      2.385972      0.107883      0.060340       302 
    2010RN8    18.79      2.381279      0.110123      0.059532       302 
   2012EQ26    18.79      2.423549      0.107051      0.059280       302 
   2012FC68    18.79      2.382478      0.106367      0.058991       302 
   2016GK25    18.79      2.393173      0.107801      0.059631       302 
  2001FP206    18.79      2.392095      0.107005      0.057724       302 
     2004TO    18.80      2.412221      0.104639      0.058979       302 
     606238    18.80      2.393620      0.109956      0.059213       302 
    2013SE2    18.80      2.385880      0.109756      0.057577       302 
   2016RB14    18.80      2.394605      0.102821      0.057776       302 
   2019JX89    18.80      2.388524      0.108740      0.058222       302 
  2017RC140    18.80      2.385464      0.108898      0.060522       302 
   2019RP41    18.81      2.388327      0.109928      0.058160       302 
  2014HC154    18.81      2.381469      0.109679      0.058545       302 
  2018VT100    18.81      2.389463      0.108104      0.059528       302 
     539211    18.82      2.389955      0.108126      0.058310       302 
   2004TE25    18.82      2.392364      0.108150      0.058099       302 
   2013UM40    18.82      2.383592      0.106463      0.058224       302 
  2009BD214    18.82      2.381992      0.110944      0.059256       302 
  2009UZ178    18.82      2.390344      0.109700      0.059891       302 
  2008CS149    18.83      2.388892      0.110061      0.058676       302 
  2014KH141    18.83      2.390317      0.110659      0.059138       302 
     568104    18.84      2.383391      0.109436      0.060410       302 
   2008VW55    18.84      2.387522      0.105974      0.058143       302 
   2018PK45    18.84      2.387238      0.108023      0.058458       302 
   2019OB37    18.84      2.425487      0.106904      0.059409       302 
   2020BD37    18.84      2.392206      0.107505      0.056128       302 
  2014SZ267    18.84      2.386786      0.107068      0.058452       302 
    2016KV7    18.85      2.386610      0.106420      0.057654       302 
   1995SS43    18.85      2.386550      0.108966      0.058644       302 
   2017CP14    18.85      2.393060      0.109504      0.059463       302 
   2017XQ22    18.85      2.377055      0.108474      0.060976       302 
  2015KH182    18.85      2.392372      0.110461      0.058680       302 
   2013LE40    18.86      2.387227      0.106789      0.058381       302 
   2014WZ26    18.86      2.382901      0.107112      0.058647       302 
   2015JE32    18.86      2.384976      0.109650      0.058733       302 
  2014QO553    18.86      2.412175      0.105561      0.059321       302 
  2015OW130    18.86      2.389578      0.103392      0.056863       302 
   2014SX90    18.87      2.383678      0.110408      0.058452       302 
  2011UJ230    18.88      2.383005      0.107388      0.057519       302 
  2015MC105    18.88      2.376144      0.106932      0.058765       302 
   2019QB46    18.89      2.389402      0.108307      0.058408       302 
  2012UL242    18.89      2.396550      0.109334      0.060517       302 
   2011CA61    18.90      2.378643      0.107334      0.059929       302 
   2017RQ75    18.90      2.389406      0.108748      0.057137       302 
  2001QD322    18.90      2.385744      0.107263      0.059718       302 
  2015OG114    18.91      2.383486      0.110644      0.059976       302 
   2014RX89    18.92      2.416843      0.107069      0.058748       302 
  2011BH178    18.93      2.426996      0.107602      0.059274       302 
  2011UO214    18.93      2.385557      0.109555      0.058403       302 
  2017QR134    18.93      2.386970      0.105496      0.059005       302 
   2018NP34    18.94      2.381243      0.111001      0.060356       302 
  2015BM234    18.94      2.394018      0.109049      0.058041       302 
  2017QF109    18.94      2.387245      0.108696      0.060176       302 
   2012TF38    18.95      2.388428      0.110344      0.059621       302 
  2005SN302    18.95      2.383000      0.107265      0.056762       302 
  2011UP302    18.95      2.392239      0.107189      0.057428       302 
   2017SV65    18.96      2.386459      0.112039      0.057988       302 
   2020MN17    18.96      2.390204      0.105680      0.058401       302 
  2008TH212    18.97      2.399565      0.105125      0.057419       302 
   2004TV70    18.98      2.428062      0.108118      0.057947       302 
   2011FT54    18.98      2.380445      0.108294      0.060139       302 
  2016EN284    18.99      2.383625      0.111483      0.058697       302 
  2016PJ187    18.99      2.388434      0.108109      0.057390       302 
  2016UX123    18.99      2.388454      0.110229      0.058677       302 
   2016AF38    19.00      2.384848      0.108475      0.059119       302 
   2016AH58    19.00      2.384123      0.106887      0.058258       302 
   2017YF30    19.00      2.386487      0.108723      0.056702       302 
   2019VO30    19.00      2.387658      0.110243      0.058149       302 
  2010TA207    19.00      2.381640      0.108260      0.058018       302 
  2021RR185    19.00      2.384890      0.111798      0.061245       302 
  2008WW159    19.02      2.384853      0.109384      0.059021       302 
  2020HY131    19.02      2.380995      0.107391      0.059000       302 
     613480    19.03      2.385958      0.109630      0.060495       302 
   2015RM63    19.03      2.379579      0.107085      0.057916       302 
  2011CB144    19.03      2.389697      0.108108      0.057469       302 
  2013TF206    19.03      2.382170      0.108033      0.058800       302 
  2016PZ185    19.03      2.386273      0.109086      0.059974       302 
   1995SB91    19.04      2.383421      0.106249      0.057786       302 
   2016PD24    19.04      2.386790      0.109582      0.056374       302 
  2012BW188    19.04      2.384290      0.108843      0.060587       302 
  2016ES123    19.04      2.380797      0.110811      0.059013       302 
  2020HG144    19.04      2.389206      0.107821      0.058150       302 
   2017PN58    19.05      2.388863      0.107203      0.056690       302 
   2020PO39    19.07      2.383784      0.110277      0.057032       302 
  2006SC103    19.07      2.385305      0.105432      0.056412       302 
  2010TS114    19.07      2.382510      0.107425      0.059570       302 
   2019SO99    19.08      2.384839      0.109986      0.057474       302 
  2008RN168    19.08      2.397340      0.104990      0.058374       302 
  2011BC190    19.08      2.380650      0.108360      0.059375       302 
   2017SJ66    19.09      2.382459      0.109978      0.058810       302 
  2015XN176    19.09      2.383208      0.106329      0.056142       302 
  2012TY383    19.10      2.383259      0.107865      0.057763       302 
  2009VY124    19.11      2.389204      0.106902      0.057096       302 
   2013PW83    19.12      2.380024      0.110553      0.059410       302 
   2019UC63    19.12      2.374820      0.108171      0.060084       302 
  2017OA100    19.12      2.387679      0.107035      0.056533       302 
  2016CR362    19.13      2.376017      0.110844      0.058663       302 
   2017PH71    19.14      2.384038      0.108652      0.057460       302 
  2009SC408    19.14      2.387024      0.109482      0.060492       302 
  2016NK146    19.14      2.385093      0.110368      0.058821       302 
   2021EM30    19.15      2.383710      0.111127      0.060035       302 
  2021RL174    19.15      2.384411      0.108569      0.058989       302 
   2019NM25    19.16      2.380266      0.107075      0.059938       302 
  2015BB172    19.16      2.392050      0.106472      0.057743       302 
  2017OG144    19.17      2.376774      0.111810      0.059432       302 
  2019SZ185    19.17      2.375782      0.110241      0.058868       302 
   2020PV63    19.18      2.382843      0.110190      0.058053       302 
  2017FN185    19.18      2.382337      0.106145      0.058410       302 
  2015XO446    19.20      2.381053      0.111530      0.059211       302 
  2009SD413    19.21      2.381096      0.110303      0.059467       302 
  2011UF452    19.21      2.385313      0.109387      0.059208       302 
  2015RC314    19.21      2.385198      0.110073      0.059246       302 
  2017OE136    19.21      2.380891      0.106755      0.056874       302 
  2009UA192    19.22      2.387561      0.110898      0.061442       302 
  2016EG284    19.22      2.387169      0.105673      0.056541       302 
   2015PN93    19.25      2.384083      0.108980      0.058027       302 
  2015BC389    19.25      2.378549      0.108809      0.059372       302 
  2015TH376    19.25      2.378116      0.107427      0.059151       302 
  2021PL150    19.25      2.379664      0.107400      0.058988       302 
   2021QZ35    19.26      2.382804      0.108058      0.059356       302 
  2015HT244    19.28      2.383939      0.107372      0.057418       302 
  2016ET284    19.28      2.373775      0.106585      0.059425       302 
  2008TL223    19.30      2.382027      0.109124      0.060828       302 
  2015MY172    19.31      2.386066      0.111535      0.059718       302 
  2017RT127    19.32      2.385750      0.109793      0.057190       302 
  2008UN181    19.33      2.381721      0.107777      0.059139       302 
  2015PU103    19.34      2.382403      0.108460      0.056210       302 
  2017UB180    19.34      2.383927      0.106843      0.058055       302 
   2020WE15    19.38      2.386059      0.107297      0.059745       302 
   2013PC99    19.39      2.382572      0.105357      0.059809       302 
   2014OW37    19.44      2.392553      0.108968      0.057782       302 
  2014WJ260    19.45      2.382980      0.107876      0.058820       302 
  2015KF224    19.45      2.387980      0.104913      0.058805       302 
  2017QZ144    19.49      2.388117      0.107517      0.060281       302 
    2017RU4    19.51      2.376630      0.106234      0.059491       302 
  2017SG303    19.51      2.404140      0.106451      0.058373       302 
   2013HT66    19.52      2.385548      0.107120      0.058224       302 
   2021TX58    19.54      2.383388      0.104859      0.059339       302 
   2019UX94    19.59      2.380490      0.106549      0.058434       302 
   2020UN18    19.59      2.373978      0.108418      0.058929       302 
  2014OS347    19.60      2.379568      0.108532      0.058322       302 
   2015AY68    19.69      2.374909      0.106532      0.059260       302 
   2020TA72    19.82      2.376991      0.107157      0.059208       302 
