        313     9.07      2.375995      0.232644      0.204209       313 
      29623    14.18      2.373256      0.230822      0.203540       313 
     234274    16.09      2.378079      0.231331      0.202984       313 
     160386    16.25      2.380928      0.235074      0.204664       313 
     162641    16.28      2.378791      0.232953      0.204354       313 
     210080    16.45      2.380558      0.232472      0.206051       313 
     298355    16.48      2.381581      0.233690      0.204131       313 
     417503    16.49      2.374901      0.232049      0.201972       313 
     266243    16.58      2.382368      0.234568      0.205191       313 
   2014FD33    16.58      2.381387      0.235285      0.204263       313 
     413451    16.63      2.385568      0.232803      0.203172       313 
     243458    16.66      2.381714      0.232126      0.203469       313 
     297440    16.67      2.378300      0.237824      0.204851       313 
     287383    16.71      2.383256      0.233328      0.205536       313 
     245752    16.75      2.379921      0.233394      0.205162       313 
     281321    16.76      2.382593      0.232451      0.205575       313 
     283619    16.80      2.381814      0.233293      0.204126       313 
     285868    16.86      2.383810      0.231658      0.202892       313 
     296066    16.89      2.379898      0.233345      0.205412       313 
     249684    16.91      2.388234      0.235703      0.204667       313 
     379564    16.93      2.380973      0.232064      0.203421       313 
     490492    16.97      2.383287      0.230643      0.203637       313 
     389405    16.98      2.385422      0.230810      0.204103       313 
     540177    17.01      2.384220      0.235576      0.204891       313 
     429782    17.04      2.382511      0.233369      0.203747       313 
     257246    17.10      2.375093      0.232635      0.204227       313 
     309313    17.17      2.389402      0.234273      0.205001       313 
     447460    17.17      2.380077      0.233465      0.204426       313 
     441031    17.22      2.384417      0.231500      0.203537       313 
     291992    17.24      2.377944      0.236254      0.204403       313 
     278066    17.25      2.384650      0.232045      0.207445       313 
  2014UR122    17.25      2.372697      0.230062      0.203788       313 
     245662    17.28      2.379959      0.233635      0.204366       313 
     255553    17.33      2.380541      0.233641      0.204172       313 
     400327    17.35      2.384188      0.232063      0.203307       313 
     459926    17.35      2.375677      0.234927      0.204751       313 
     398132    17.36      2.378810      0.235109      0.203926       313 
   2006XG51    17.37      2.375485      0.232758      0.205805       313 
     470288    17.41      2.384293      0.233404      0.203410       313 
     360427    17.42      2.383602      0.233079      0.203656       313 
     445950    17.43      2.374300      0.232711      0.204582       313 
     489507    17.44      2.387884      0.231774      0.204491       313 
     439068    17.45      2.386030      0.231641      0.203196       313 
     456213    17.46      2.375736      0.238386      0.204498       313 
     485046    17.46      2.379913      0.238197      0.204903       313 
   2010EA36    17.47      2.383341      0.233573      0.203973       313 
     415345    17.49      2.374498      0.231275      0.203108       313 
     350813    17.51      2.381656      0.232851      0.203226       313 
     448254    17.51      2.382835      0.233619      0.203681       313 
     413272    17.54      2.379968      0.228687      0.202798       313 
     492261    17.57      2.384512      0.234795      0.203722       313 
     550599    17.58      2.381368      0.232016      0.203950       313 
     611360    17.59      2.375783      0.236873      0.205916       313 
     481318    17.60      2.381922      0.235956      0.204827       313 
     496130    17.60      2.372207      0.232200      0.204053       313 
     420836    17.61      2.372550      0.230856      0.204249       313 
    2016UQ1    17.61      2.379932      0.232909      0.206174       313 
     592651    17.62      2.379812      0.235818      0.204865       313 
     509928    17.63      2.380939      0.232703      0.204530       313 
    2001QU2    17.63      2.386300      0.231990      0.203502       313 
   2012QV63    17.63      2.377347      0.231631      0.203859       313 
   2012SR91    17.64      2.382789      0.234290      0.204823       313 
  2010AM108    17.64      2.379939      0.231615      0.202954       313 
   2009US56    17.65      2.381224      0.231367      0.204536       313 
   2014AV11    17.65      2.384572      0.234658      0.203784       313 
  2002CL124    17.66      2.373173      0.233612      0.204527       313 
   2013HO28    17.67      2.382341      0.231352      0.203581       313 
   2017SL56    17.67      2.387860      0.230665      0.203565       313 
     400810    17.68      2.379752      0.230173      0.203622       313 
     466467    17.69      2.379486      0.232514      0.205459       313 
   2014YZ20    17.70      2.382492      0.231779      0.203607       313 
  2013WT106    17.71      2.380223      0.231535      0.203547       313 
   2011CY77    17.72      2.380868      0.236752      0.204777       313 
     511131    17.75      2.385706      0.233268      0.203920       313 
     368372    17.77      2.388006      0.234971      0.203753       313 
     448171    17.77      2.386074      0.233025      0.204423       313 
   2001XG79    17.77      2.382519      0.233391      0.205265       313 
   2016UZ33    17.78      2.385168      0.232306      0.205613       313 
     537780    17.80      2.372560      0.236310      0.205062       313 
  2001QC337    17.81      2.377482      0.229112      0.204977       313 
  2015FL333    17.82      2.380291      0.232913      0.204609       313 
  2011FW162    17.84      2.381382      0.234559      0.204817       313 
   2017KF27    17.86      2.380878      0.235029      0.204288       313 
     554784    17.87      2.380601      0.231524      0.204116       313 
   2006CA54    17.87      2.378738      0.231192      0.203105       313 
     422215    17.88      2.378116      0.235264      0.203969       313 
     600838    17.88      2.388361      0.234680      0.206032       313 
   2007JM30    17.88      2.384387      0.231487      0.205156       313 
   2013QQ83    17.88      2.381732      0.233381      0.204208       313 
     606551    17.89      2.379904      0.232522      0.203959       313 
   2017XD67    17.90      2.377286      0.231971      0.203692       313 
  2015FS324    17.90      2.375850      0.231972      0.203325       313 
     509932    17.91      2.387731      0.233612      0.204222       313 
     606280    17.92      2.383272      0.231019      0.202570       313 
     494773    17.94      2.377439      0.233943      0.204363       313 
   2011CG80    17.94      2.384126      0.233833      0.206273       313 
     495005    17.96      2.377476      0.232504      0.203894       313 
    2011HF9    17.96      2.377448      0.232017      0.203631       313 
   2012SN24    17.98      2.386562      0.234401      0.204381       313 
     545984    17.99      2.372568      0.236436      0.203578       313 
   2013BT77    17.99      2.369236      0.232972      0.203575       313 
  2010RE194    17.99      2.378967      0.233940      0.204470       313 
   2015CP33    18.00      2.388128      0.232411      0.203838       313 
    2016AV1    18.01      2.378679      0.231827      0.204760       313 
   2006QG42    18.01      2.386939      0.234623      0.203395       313 
  2015DC223    18.01      2.379907      0.236662      0.204432       313 
     614945    18.02      2.379923      0.234225      0.203594       313 
   2016CY25    18.04      2.387217      0.234990      0.203173       313 
  2008SF287    18.04      2.372018      0.233134      0.204495       313 
    2016AA1    18.05      2.376488      0.229789      0.202431       313 
    2012MX6    18.06      2.383959      0.234738      0.203894       313 
     2010AZ    18.07      2.382435      0.232033      0.203048       313 
     430720    18.07      2.381505      0.233532      0.203815       313 
     525751    18.08      2.386334      0.233360      0.203881       313 
    2017BQ4    18.09      2.382154      0.232045      0.204066       313 
     490675    18.10      2.379668      0.232559      0.205830       313 
   2016TG92    18.10      2.378913      0.231427      0.202351       313 
     496325    18.11      2.383173      0.233979      0.205003       313 
  2008CP220    18.11      2.379800      0.234148      0.204500       313 
  2017DW124    18.11      2.380312      0.232323      0.205743       313 
   2011EB31    18.12      2.381598      0.231635      0.202905       313 
     579385    18.13      2.384214      0.232631      0.202952       313 
   2011GH85    18.16      2.384332      0.232808      0.205511       313 
  2009SE405    18.16      2.385021      0.235345      0.204201       313 
    2009YL2    18.17      2.387286      0.232652      0.203731       313 
     595827    18.18      2.395924      0.233442      0.205628       313 
     611483    18.18      2.381719      0.234650      0.204512       313 
   2007DY21    18.18      2.387463      0.233948      0.204175       313 
  2002RO188    18.18      2.378164      0.236551      0.205238       313 
  2008EW181    18.18      2.380825      0.235437      0.203719       313 
  2014UD183    18.18      2.377630      0.233832      0.205597       313 
   2019RJ32    18.19      2.383185      0.232907      0.204937       313 
     498986    18.20      2.383259      0.231289      0.202788       313 
   2012UX33    18.20      2.379011      0.231853      0.202868       313 
    2012OX3    18.21      2.388782      0.231067      0.207957       313 
  2010LS116    18.22      2.379475      0.232942      0.205670       313 
   2006VP89    18.23      2.381641      0.230732      0.203440       313 
  2013TF171    18.25      2.381698      0.227711      0.203097       313 
     551231    18.26      2.378398      0.231471      0.204112       313 
     568934    18.26      2.390702      0.234389      0.203166       313 
    2012CQ8    18.27      2.380216      0.231751      0.203319       313 
   2012FA96    18.27      2.380718      0.233827      0.204785       313 
   2016HH30    18.27      2.392985      0.234550      0.204631       313 
   2008FM13    18.28      2.384896      0.233206      0.203468       313 
   2010KY53    18.28      2.381883      0.233873      0.203700       313 
  2014OO318    18.29      2.370194      0.233381      0.205349       313 
  2016AU289    18.29      2.380976      0.230484      0.204428       313 
   2012DE42    18.30      2.382962      0.233742      0.204042       313 
   2014QD90    18.30      2.386069      0.231309      0.205278       313 
  2011SX223    18.30      2.383925      0.232667      0.203834       313 
     510285    18.31      2.385574      0.233475      0.204704       313 
   2018LY32    18.31      2.369870      0.229117      0.205098       313 
  2011WA152    18.31      2.373670      0.234572      0.204667       313 
  2014ED183    18.31      2.376296      0.236905      0.205613       313 
  2014SP377    18.31      2.374818      0.231122      0.204467       313 
    2010LS7    18.32      2.383100      0.234892      0.204061       313 
   2014KE62    18.32      2.376040      0.231647      0.202975       313 
  2016UD124    18.32      2.390449      0.235432      0.203007       313 
     548037    18.35      2.374060      0.232240      0.203063       313 
     565824    18.35      2.376818      0.230740      0.204735       313 
  2015FY145    18.35      2.380798      0.231242      0.204901       313 
   2012JV26    18.40      2.377280      0.234596      0.205452       313 
     556386    18.41      2.385775      0.230555      0.202370       313 
     613292    18.41      2.389756      0.233799      0.204808       313 
   2015LX20    18.42      2.376750      0.234235      0.204952       313 
  2013YH122    18.42      2.371531      0.233486      0.205088       313 
  2013TZ124    18.43      2.382529      0.232572      0.203731       313 
   2015BH36    18.44      2.380016      0.236712      0.204200       313 
   2017BR76    18.44      2.380079      0.230542      0.203805       313 
   2017UV80    18.44      2.376062      0.232253      0.202456       313 
   2004XG37    18.45      2.388136      0.232598      0.205239       313 
  2009SB361    18.45      2.386134      0.229994      0.205864       313 
   2010JJ33    18.46      2.385129      0.235087      0.204363       313 
   2014GR35    18.46      2.380485      0.233058      0.205272       313 
  2002RJ283    18.46      2.379820      0.233137      0.204538       313 
   2004DG83    18.48      2.386047      0.230572      0.203860       313 
   2010DE15    18.48      2.378928      0.234683      0.205311       313 
  2014QN497    18.48      2.383327      0.234308      0.204187       313 
   2008JG48    18.50      2.386550      0.232725      0.203274       313 
   2010HS85    18.50      2.380270      0.232756      0.203724       313 
  2013RO162    18.50      2.384075      0.231358      0.203161       313 
   2007JK24    18.51      2.387081      0.230111      0.204493       313 
   2016VH46    18.51      2.385285      0.232376      0.203850       313 
   2016YA27    18.51      2.379427      0.233379      0.206554       313 
   2013QF72    18.52      2.380176      0.232647      0.206335       313 
  2016EE272    18.52      2.386131      0.234339      0.204526       313 
     525865    18.54      2.381226      0.232519      0.205747       313 
   2014KF52    18.55      2.373348      0.235297      0.204328       313 
  2008SN132    18.55      2.375648      0.231945      0.206006       313 
  2016GR282    18.55      2.377274      0.236964      0.203746       313 
   2015DZ76    18.56      2.376742      0.231461      0.205934       313 
   2002VX90    18.57      2.382122      0.232750      0.205738       313 
  2015DB306    18.58      2.388298      0.232077      0.207519       313 
   2007YS48    18.59      2.384075      0.232746      0.203172       313 
   2012WT40    18.59      2.382414      0.235137      0.204508       313 
   2016BK71    18.59      2.376852      0.235339      0.205314       313 
   2010NC11    18.60      2.386701      0.233088      0.204238       313 
  2009BK208    18.61      2.383124      0.234302      0.204219       313 
   2013JX29    18.63      2.379917      0.235285      0.205123       313 
  2015RB314    18.63      2.380807      0.232737      0.203661       313 
  2016AQ141    18.63      2.383300      0.233468      0.205509       313 
   2006RY60    18.64      2.377965      0.237660      0.203550       313 
  2001SM359    18.64      2.387156      0.229863      0.204424       313 
   2011YH95    18.65      2.389364      0.232525      0.204149       313 
   2015GK35    18.65      2.378052      0.234793      0.205208       313 
  2005XK135    18.65      2.375802      0.231085      0.203111       313 
  2012DH119    18.65      2.381190      0.236378      0.204747       313 
  2017RH121    18.65      2.390613      0.235098      0.204700       313 
   2022CW23    18.66      2.383318      0.234229      0.203716       313 
  2016UB139    18.66      2.373989      0.235626      0.204489       313 
    2017ST7    18.67      2.381704      0.233989      0.204251       313 
  2006SG399    18.67      2.385529      0.236119      0.205292       313 
  2015FB420    18.67      2.383296      0.230634      0.204355       313 
   2015LV48    18.68      2.379904      0.233605      0.204371       313 
  2007TG473    18.68      2.377309      0.230627      0.203842       313 
   2008BH58    18.69      2.370203      0.233348      0.205118       313 
   2014FA86    18.69      2.377844      0.232031      0.205372       313 
   2018BQ13    18.69      2.385111      0.236628      0.203269       313 
    2015LK3    18.70      2.383411      0.231984      0.203477       313 
   2015FD59    18.70      2.383324      0.232738      0.203219       313 
  2009ST406    18.70      2.382906      0.233034      0.202952       313 
  2016EY158    18.70      2.386218      0.234594      0.203688       313 
  2016NT131    18.70      2.377577      0.232837      0.205191       313 
  2014UQ275    18.71      2.376705      0.234085      0.205252       313 
  2016BV119    18.71      2.385482      0.233282      0.205775       313 
   2006BJ24    18.73      2.391891      0.235483      0.205710       313 
  2007VU362    18.73      2.380234      0.232071      0.203936       313 
  2008SD332    18.73      2.385869      0.232505      0.206610       313 
  2009BU206    18.73      2.389957      0.234872      0.203511       313 
  2011WW145    18.73      2.384698      0.236493      0.204095       313 
   2015HZ56    18.74      2.387865      0.232835      0.205524       313 
   2017TJ17    18.74      2.378583      0.232057      0.204425       313 
  2015PW332    18.74      2.382152      0.233665      0.204361       313 
   2020KL11    18.75      2.380098      0.232716      0.204735       313 
  2015XK164    18.75      2.376389      0.238116      0.205260       313 
  2008AV129    18.76      2.372404      0.232245      0.204410       313 
  2014KK116    18.76      2.380873      0.230867      0.204213       313 
  2014TR101    18.77      2.375299      0.236760      0.204321       313 
  2009SM402    18.78      2.384684      0.235232      0.204689       313 
  2014UR251    18.78      2.388146      0.229972      0.203655       313 
   2016VT43    18.79      2.373152      0.231520      0.205606       313 
   2014AK64    18.80      2.375274      0.230618      0.202444       313 
  2008FR107    18.80      2.371756      0.230427      0.205328       313 
  2015PG269    18.80      2.383258      0.231783      0.203847       313 
  2007TK172    18.82      2.388448      0.231018      0.203946       313 
   2003GG67    18.83      2.386445      0.234079      0.203989       313 
   2012GU29    18.83      2.379910      0.233167      0.205047       313 
   2014DN40    18.84      2.384489      0.237777      0.204741       313 
   2016VM43    18.85      2.380410      0.231388      0.204663       313 
  2015TL401    18.85      2.381726      0.233145      0.205105       313 
  2016CA223    18.85      2.373294      0.236855      0.205233       313 
   2010JD51    18.86      2.385754      0.232792      0.203679       313 
   2017WL54    18.86      2.377530      0.233244      0.203507       313 
   2021PB39    18.86      2.390522      0.233306      0.204092       313 
  2016AJ282    18.86      2.383238      0.235253      0.204978       313 
  2017BF195    18.86      2.376649      0.231699      0.203222       313 
  2016AS349    18.87      2.384781      0.237962      0.204509       313 
  2017FL175    18.87      2.378995      0.231255      0.203893       313 
   2010NL73    18.88      2.377900      0.232007      0.203748       313 
   2020VR15    18.88      2.377324      0.230727      0.204405       313 
   2021TS91    18.89      2.381301      0.230906      0.204438       313 
    2011KL5    18.91      2.383154      0.234476      0.204389       313 
   2020XS14    18.91      2.378375      0.231059      0.203583       313 
  2017DQ129    18.91      2.386262      0.233060      0.203768       313 
   2017WA59    18.92      2.378846      0.230281      0.204901       313 
  2008UG339    18.92      2.381247      0.236710      0.205856       313 
  2010VK203    18.92      2.380324      0.233832      0.204821       313 
   2007RE89    18.94      2.375781      0.229851      0.204110       313 
   2009KJ40    18.94      2.379866      0.232896      0.205347       313 
   2013LH42    18.94      2.370714      0.233430      0.206413       313 
  2014QN393    18.94      2.375025      0.233399      0.203533       313 
    2014XE3    18.95      2.370965      0.237581      0.204269       313 
   2012FG33    18.95      2.381216      0.235668      0.204751       313 
  2010KS123    18.95      2.387254      0.233704      0.205029       313 
  2016AD118    18.95      2.384489      0.232007      0.202547       313 
  2016AM289    18.96      2.389768      0.235029      0.203965       313 
   2007GQ75    18.97      2.381887      0.234811      0.204494       313 
     598844    18.98      2.382796      0.231256      0.203132       313 
    2017OA8    18.98      2.382317      0.230645      0.203066       313 
   2014XH13    18.98      2.386306      0.232216      0.202286       313 
  2013HK165    18.98      2.377860      0.232255      0.204598       313 
  2016AT284    18.98      2.380800      0.232298      0.205870       313 
  2016CK339    18.98      2.370713      0.231718      0.205166       313 
    2005UK3    18.99      2.386051      0.232593      0.203357       313 
   2014FA11    18.99      2.380057      0.231297      0.203844       313 
  2003SU414    18.99      2.387155      0.232441      0.203694       313 
  2014WM598    18.99      2.380327      0.231235      0.203785       313 
    2016MP7    19.00      2.379406      0.232141      0.206228       313 
   2013GQ22    19.00      2.382407      0.231284      0.206756       313 
   2021RG99    19.00      2.378126      0.231759      0.203149       313 
   2009SM91    19.01      2.383169      0.231521      0.202323       313 
  2015KU158    19.04      2.372378      0.230768      0.204429       313 
   2015AG41    19.05      2.387508      0.234236      0.203482       313 
   2022EN16    19.06      2.383800      0.233049      0.204382       313 
   2014DT79    19.07      2.380931      0.232876      0.203631       313 
   2012XN66    19.08      2.389903      0.232037      0.203324       313 
  2011BX191    19.08      2.377233      0.232180      0.203870       313 
  2002PS172    19.09      2.375463      0.232188      0.202766       313 
  2008RX156    19.09      2.374636      0.235260      0.204135       313 
  2015OZ109    19.09      2.391750      0.234701      0.204397       313 
  2008RV160    19.10      2.381077      0.230351      0.204121       313 
  2016PX187    19.10      2.388356      0.235163      0.204094       313 
  2010NQ137    19.12      2.378814      0.233752      0.206138       313 
  2016CO344    19.12      2.384941      0.234338      0.203318       313 
  2007EW146    19.14      2.394770      0.232663      0.204369       313 
  2008SY327    19.14      2.387962      0.234669      0.204545       313 
   2014XE56    19.15      2.378946      0.233596      0.204437       313 
   2017YB42    19.16      2.373005      0.231224      0.204081       313 
   2010OJ26    19.21      2.388313      0.233225      0.203840       313 
   2015SQ41    19.21      2.377089      0.232910      0.203535       313 
   2017AM44    19.22      2.374991      0.233132      0.205104       313 
  2014WO431    19.22      2.372104      0.232330      0.203045       313 
   2009OK16    19.25      2.381453      0.236951      0.205295       313 
  2005QX194    19.25      2.377517      0.234118      0.205834       313 
  2015XX301    19.25      2.387700      0.231948      0.203203       313 
   2020QU73    19.26      2.382932      0.236101      0.204139       313 
   2006DU70    19.27      2.376767      0.232019      0.204752       313 
   2014TM43    19.28      2.376735      0.233230      0.204606       313 
   2010PK15    19.29      2.371218      0.233095      0.204468       313 
  2015OG140    19.30      2.387201      0.231956      0.206280       313 
   2011CO11    19.33      2.377844      0.229836      0.203327       313 
   2021VH61    19.34      2.367827      0.232495      0.206270       313 
  2015BT238    19.34      2.381918      0.230396      0.203790       313 
  2016AR312    19.34      2.384606      0.233396      0.203966       313 
  2019SZ135    19.36      2.373561      0.235382      0.204745       313 
  2021PO126    19.36      2.387867      0.232627      0.205123       313 
   2017HT85    19.38      2.393094      0.232297      0.203639       313 
   2021VB33    19.39      2.378822      0.235443      0.204419       313 
   2015UQ80    19.43      2.387912      0.234446      0.205944       313 
   2017OC10    19.43      2.381726      0.233365      0.203743       313 
  2008RD175    19.45      2.392668      0.233461      0.203486       313 
  2014OD448    19.46      2.382318      0.231808      0.205788       313 
   2009WN71    19.50      2.373048      0.231824      0.204655       313 
   2020ST40    19.50      2.376596      0.233133      0.205888       313 
   2010NN77    19.52      2.377769      0.231234      0.203513       313 
  2007TK473    19.54      2.370783      0.236913      0.204324       313 
  2016NN131    19.54      2.384393      0.232996      0.206974       313 
  2015AQ284    19.59      2.374962      0.232620      0.203604       313 
  2017QU146    19.59      2.387162      0.233740      0.204061       313 
   2020RP92    19.63      2.387422      0.232260      0.203365       313 
  2015HD250    19.66      2.379688      0.232790      0.203465       313 
   2016NA96    19.68      2.381063      0.236545      0.204259       313 
  2008TE152    19.68      2.374669      0.231657      0.204305       313 
   2008KC28    19.87      2.390531      0.232270      0.203448       313 
  2015XP249    20.07      2.379909      0.237069      0.205717       313 
