        322     9.13      2.782509      0.198927      0.165577       322 
       1730    12.00      2.784367      0.190737      0.159544       322 
      44553    13.23      2.794928      0.188217      0.161316       322 
      14328    13.49      2.784304      0.196529      0.165284       322 
      25151    13.95      2.763815      0.197713      0.163063       322 
      32199    14.30      2.784950      0.195230      0.160253       322 
     108549    14.70      2.771054      0.198798      0.164973       322 
      81134    14.81      2.787882      0.193634      0.165774       322 
     154088    14.84      2.784920      0.195167      0.164653       322 
      66575    14.90      2.784349      0.197038      0.163933       322 
     163376    15.05      2.790135      0.195084      0.164591       322 
      88220    15.06      2.806652      0.195095      0.162299       322 
     166739    15.21      2.776047      0.196500      0.162746       322 
     127717    15.26      2.782049      0.197440      0.164612       322 
     132686    15.35      2.787435      0.191244      0.163435       322 
     176998    15.35      2.797829      0.186778      0.164303       322 
     265317    15.37      2.787542      0.192254      0.161475       322 
      72965    15.38      2.787412      0.193026      0.161997       322 
     235140    15.39      2.804501      0.185922      0.164828       322 
     244562    15.47      2.801928      0.191954      0.165747       322 
      95687    15.51      2.787969      0.195807      0.164230       322 
     240270    15.55      2.800558      0.185839      0.164653       322 
     158092    15.56      2.787483      0.199085      0.164953       322 
     265331    15.71      2.783640      0.193691      0.162712       322 
     196582    15.72      2.787437      0.196990      0.164222       322 
     220621    15.78      2.802820      0.184962      0.163760       322 
     338106    15.79      2.794841      0.186058      0.162639       322 
     244495    15.82      2.795898      0.192091      0.164315       322 
     186613    15.84      2.789102      0.191738      0.163362       322 
     278959    15.87      2.785600      0.194604      0.162754       322 
     178185    15.91      2.780905      0.192359      0.161662       322 
     167236    15.93      2.785591      0.193050      0.163348       322 
     344467    15.95      2.810790      0.188112      0.162042       322 
     350038    15.95      2.795622      0.193592      0.165650       322 
     288545    15.96      2.787304      0.199225      0.164022       322 
     254879    15.97      2.792952      0.189941      0.161718       322 
     378710    15.97      2.800302      0.196526      0.165175       322 
     245309    15.99      2.803034      0.186756      0.163408       322 
     309617    15.99      2.787422      0.197597      0.165025       322 
     334907    16.00      2.792135      0.197579      0.162345       322 
     236824    16.03      2.796932      0.193720      0.164127       322 
     121319    16.04      2.787516      0.194249      0.162021       322 
     209304    16.07      2.782554      0.194833      0.164790       322 
     240166    16.13      2.797476      0.186963      0.162672       322 
     160193    16.14      2.797240      0.190674      0.164705       322 
     342928    16.14      2.801023      0.198122      0.165910       322 
     377938    16.17      2.796788      0.194017      0.161261       322 
     258505    16.18      2.794853      0.200115      0.163061       322 
     307285    16.19      2.801159      0.190477      0.164886       322 
     242550    16.23      2.800407      0.191896      0.160469       322 
     216997    16.24      2.795012      0.193195      0.163808       322 
     366475    16.27      2.799120      0.193959      0.161989       322 
     382798    16.27      2.807305      0.188500      0.164188       322 
   2005QJ40    16.27      2.782083      0.189898      0.161518       322 
     214059    16.29      2.801525      0.192076      0.160991       322 
     376445    16.29      2.792079      0.193100      0.164275       322 
     310555    16.31      2.800953      0.192303      0.166096       322 
     358735    16.31      2.778957      0.194687      0.161945       322 
     168121    16.32      2.800328      0.193520      0.161594       322 
     215347    16.32      2.784632      0.195359      0.162059       322 
     249966    16.32      2.793463      0.196886      0.165341       322 
     248674    16.34      2.806236      0.192323      0.165083       322 
     326358    16.34      2.796626      0.194376      0.162517       322 
     397592    16.34      2.799377      0.199094      0.164481       322 
     243945    16.35      2.799932      0.195912      0.163644       322 
     243449    16.36      2.802819      0.193243      0.161957       322 
     405192    16.37      2.788523      0.198012      0.165605       322 
     308909    16.39      2.801168      0.189882      0.163066       322 
     357486    16.39      2.779158      0.196747      0.165278       322 
     417297    16.39      2.796105      0.196619      0.166626       322 
     406220    16.40      2.798991      0.196812      0.164805       322 
     469482    16.40      2.802501      0.190906      0.163026       322 
     385482    16.41      2.800587      0.192940      0.162177       322 
     508619    16.46      2.809159      0.187429      0.162494       322 
     286661    16.47      2.788546      0.194057      0.162902       322 
     347221    16.47      2.807536      0.185767      0.162582       322 
     485767    16.49      2.804743      0.190731      0.165825       322 
     346010    16.51      2.811032      0.193059      0.163631       322 
     446858    16.51      2.802618      0.193658      0.163309       322 
     398177    16.52      2.798160      0.192399      0.161681       322 
     474557    16.53      2.800910      0.191715      0.162129       322 
     284268    16.55      2.800411      0.187490      0.163392       322 
     289555    16.55      2.789744      0.189612      0.161951       322 
     239963    16.56      2.799039      0.196790      0.163179       322 
     429262    16.56      2.806068      0.189393      0.163545       322 
     453598    16.56      2.801496      0.186020      0.164436       322 
     411550    16.57      2.788336      0.195976      0.164877       322 
     491094    16.57      2.807650      0.195730      0.164626       322 
     435382    16.58      2.800630      0.187615      0.164801       322 
     352335    16.59      2.770937      0.198964      0.163544       322 
     450389    16.59      2.796351      0.196659      0.163690       322 
     401784    16.60      2.806593      0.186552      0.165914       322 
     324659    16.61      2.795048      0.190286      0.164461       322 
     272897    16.62      2.802414      0.193074      0.161531       322 
     311662    16.62      2.766685      0.197186      0.163968       322 
     299157    16.63      2.801483      0.198245      0.165306       322 
     310001    16.63      2.807224      0.188468      0.164363       322 
     400438    16.63      2.806035      0.190532      0.166017       322 
     429241    16.63      2.799483      0.199283      0.165016       322 
     461441    16.64      2.785273      0.199032      0.163218       322 
     384096    16.65      2.797785      0.192012      0.161658       322 
     271120    16.66      2.800407      0.191119      0.165574       322 
     434131    16.67      2.795499      0.192468      0.164444       322 
   2010NC39    16.67      2.801766      0.193705      0.164404       322 
     304227    16.69      2.794385      0.192607      0.162697       322 
   2017CO10    16.69      2.807562      0.190879      0.158331       322 
     482294    16.70      2.800048      0.197638      0.164676       322 
     491065    16.71      2.786246      0.194835      0.160717       322 
     455315    16.72      2.793516      0.193107      0.164375       322 
     334904    16.73      2.789035      0.196382      0.162911       322 
     472946    16.73      2.787440      0.191231      0.163034       322 
     335202    16.74      2.806222      0.193912      0.163755       322 
     452432    16.74      2.802521      0.199705      0.164873       322 
     420040    16.75      2.787924      0.198138      0.162744       322 
     566119    16.76      2.779946      0.194663      0.163045       322 
     576567    16.76      2.790274      0.194607      0.161841       322 
     423807    16.77      2.797822      0.194131      0.159797       322 
     435727    16.77      2.780562      0.193655      0.164097       322 
     338068    16.79      2.795692      0.193158      0.161483       322 
     374975    16.80      2.806279      0.197115      0.163450       322 
     405647    16.80      2.804342      0.196120      0.164172       322 
     419116    16.80      2.796720      0.192725      0.164380       322 
     470350    16.80      2.787361      0.194901      0.160326       322 
  2008CQ213    16.80      2.801654      0.190442      0.164530       322 
     345048    16.82      2.790880      0.195554      0.165270       322 
     367921    16.82      2.799860      0.190630      0.162822       322 
     397332    16.82      2.809894      0.187756      0.162139       322 
   2017DQ18    16.82      2.806197      0.192015      0.159710       322 
     258410    16.83      2.799099      0.193673      0.165059       322 
     519537    16.83      2.812109      0.185323      0.162875       322 
     414490    16.84      2.790963      0.195081      0.165600       322 
  2017DH114    16.84      2.799857      0.195934      0.167052       322 
     318820    16.85      2.784038      0.195948      0.161867       322 
     427259    16.87      2.808152      0.190789      0.159568       322 
     330052    16.88      2.794442      0.197556      0.162558       322 
     467891    16.88      2.803815      0.191581      0.159940       322 
     429368    16.89      2.801733      0.189766      0.162992       322 
     477147    16.89      2.791751      0.186667      0.160156       322 
   2005SR32    16.89      2.799388      0.193707      0.162954       322 
     419913    16.90      2.805911      0.187281      0.163204       322 
     517189    16.93      2.804197      0.193072      0.164858       322 
     575040    16.93      2.785466      0.199720      0.166030       322 
     410819    16.94      2.807432      0.190505      0.161414       322 
     472951    16.95      2.799334      0.197450      0.163448       322 
     446865    16.96      2.800508      0.191470      0.163328       322 
     538126    16.97      2.782715      0.196153      0.164550       322 
     523074    16.98      2.798314      0.190587      0.162303       322 
   2013SY42    16.98      2.805037      0.197878      0.164074       322 
   2016BQ89    16.98      2.805740      0.193947      0.162394       322 
   2016ET86    16.98      2.787234      0.196273      0.164564       322 
     525550    16.99      2.804252      0.190888      0.163151       322 
     581072    16.99      2.791646      0.188395      0.162040       322 
     408368    17.00      2.770707      0.195960      0.164143       322 
     573217    17.00      2.797263      0.196048      0.166616       322 
     439924    17.01      2.803885      0.192361      0.161468       322 
     517098    17.01      2.805747      0.191309      0.162371       322 
     469465    17.02      2.788881      0.196534      0.164607       322 
     585175    17.02      2.802970      0.190065      0.164043       322 
     611024    17.02      2.784395      0.193612      0.162095       322 
    2015HD6    17.02      2.804894      0.197655      0.164082       322 
   2008HW29    17.02      2.806121      0.192362      0.163195       322 
  2016GY168    17.02      2.799137      0.194433      0.163083       322 
     513786    17.04      2.798985      0.195437      0.165226       322 
     559233    17.04      2.803952      0.191995      0.162533       322 
     537917    17.05      2.795871      0.195489      0.165488       322 
   2017OG59    17.05      2.803404      0.191706      0.161527       322 
     532325    17.06      2.808753      0.192142      0.163409       322 
     414576    17.07      2.799295      0.194762      0.162203       322 
     447571    17.07      2.797963      0.187373      0.163425       322 
    2015GA7    17.08      2.794461      0.190016      0.163014       322 
  2014UR184    17.09      2.799339      0.195811      0.160085       322 
     397499    17.11      2.780145      0.190279      0.159981       322 
     563271    17.11      2.806111      0.188869      0.162251       322 
     515064    17.12      2.803942      0.194835      0.163780       322 
     440808    17.13      2.776135      0.194953      0.159275       322 
     599392    17.13      2.797903      0.197865      0.164561       322 
   2013RY12    17.13      2.799186      0.193033      0.165253       322 
    2008PC7    17.14      2.807721      0.198298      0.164427       322 
     586321    17.16      2.786662      0.189694      0.162345       322 
     436281    17.17      2.794455      0.196385      0.163659       322 
     597910    17.17      2.783938      0.193879      0.166404       322 
   2010UJ20    17.17      2.806138      0.196219      0.162262       322 
   2011UO23    17.17      2.800233      0.192888      0.160623       322 
  1999VA233    17.18      2.781362      0.192621      0.164660       322 
  2003SR462    17.20      2.808749      0.191583      0.158687       322 
  2008AD100    17.20      2.796778      0.192258      0.161667       322 
  2014UY161    17.20      2.804177      0.190897      0.163771       322 
  2016UT147    17.20      2.796803      0.199775      0.164336       322 
    2016VS7    17.21      2.807416      0.188032      0.162803       322 
   2017UQ37    17.22      2.790671      0.194179      0.164067       322 
     544017    17.23      2.802511      0.194896      0.159973       322 
   2013GS99    17.24      2.803406      0.194179      0.161696       322 
   2014MF85    17.24      2.801351      0.193082      0.162216       322 
  2015FG246    17.24      2.806094      0.195698      0.163122       322 
     486529    17.26      2.782956      0.190267      0.161363       322 
     558212    17.26      2.766561      0.197706      0.164935       322 
     596227    17.26      2.803825      0.193396      0.163513       322 
    2008TV5    17.26      2.797899      0.196419      0.162787       322 
   2004KG21    17.27      2.804459      0.195122      0.163360       322 
   2017VM34    17.27      2.788973      0.197371      0.162262       322 
     513484    17.28      2.801773      0.192542      0.161692       322 
  2005SC285    17.28      2.793427      0.189868      0.161989       322 
     444597    17.29      2.801075      0.191275      0.165118       322 
     536975    17.29      2.796985      0.193267      0.163027       322 
   2011KN55    17.29      2.809722      0.196823      0.163308       322 
  2010KG100    17.30      2.803380      0.193552      0.161630       322 
  2013TY163    17.31      2.777746      0.191245      0.161663       322 
     580602    17.32      2.806121      0.194065      0.159703       322 
  2015RL121    17.32      2.797835      0.190731      0.164903       322 
  2015KY130    17.33      2.802459      0.192740      0.166125       322 
     499376    17.34      2.806022      0.185905      0.163486       322 
   2007HM81    17.34      2.802419      0.191820      0.161514       322 
  2009HU117    17.37      2.806217      0.194142      0.160627       322 
     528456    17.40      2.804572      0.199976      0.164368       322 
   2014QL30    17.40      2.803029      0.192895      0.161189       322 
  2005QC198    17.40      2.801349      0.192970      0.163576       322 
     526654    17.42      2.806090      0.199092      0.163284       322 
     609745    17.42      2.775147      0.194257      0.161211       322 
   2016YR12    17.42      2.787896      0.194638      0.161935       322 
  2002CO235    17.42      2.799202      0.195258      0.163196       322 
   2014WM20    17.44      2.808904      0.193014      0.160964       322 
  2016CO158    17.44      2.787412      0.197888      0.164694       322 
   2009PF17    17.45      2.798294      0.192141      0.162329       322 
  2005UL208    17.47      2.806270      0.194159      0.164955       322 
  2010RJ199    17.47      2.800811      0.189252      0.163818       322 
   2012UO94    17.49      2.790216      0.193384      0.159349       322 
   2014ME59    17.49      2.810923      0.186180      0.163606       322 
  2008FG143    17.49      2.799843      0.192627      0.160872       322 
  2014OT269    17.50      2.772893      0.195262      0.159676       322 
     464696    17.51      2.788923      0.194479      0.164799       322 
     616341    17.51      2.792507      0.192511      0.166001       322 
   2014TQ54    17.51      2.808660      0.187156      0.162630       322 
   2016UA20    17.51      2.779127      0.195461      0.164362       322 
   2013LE18    17.52      2.808617      0.187915      0.163585       322 
   2013LZ22    17.54      2.792104      0.196457      0.163712       322 
  2016SB110    17.54      2.774318      0.195274      0.160814       322 
  2014SO374    17.55      2.790503      0.199661      0.163783       322 
  2015HP235    17.55      2.799974      0.194164      0.160809       322 
  2011FT138    17.56      2.808443      0.194996      0.164978       322 
  2007VY347    17.58      2.771991      0.197999      0.164136       322 
  2010VH147    17.58      2.784130      0.191446      0.161628       322 
   2000PA33    17.59      2.807489      0.188739      0.164548       322 
   2012JU33    17.59      2.795857      0.194381      0.165707       322 
   2005VZ51    17.61      2.810115      0.185084      0.162786       322 
   2014SL39    17.61      2.778662      0.195703      0.162579       322 
  2015FL321    17.61      2.778675      0.194223      0.159127       322 
  2013AA169    17.62      2.780872      0.191117      0.161171       322 
  2013GX129    17.64      2.796632      0.193505      0.159710       322 
  2014DG145    17.64      2.804222      0.194165      0.163447       322 
     505558    17.66      2.802553      0.198619      0.165132       322 
     526413    17.66      2.797141      0.194935      0.164628       322 
     548945    17.66      2.810580      0.193009      0.160138       322 
  2014WA263    17.66      2.784178      0.197021      0.162769       322 
   2017VK60    17.67      2.806182      0.194095      0.165321       322 
  2006SK271    17.67      2.799646      0.194757      0.161475       322 
  2003SQ444    17.69      2.782823      0.194370      0.162333       322 
  2015FZ379    17.71      2.790427      0.195025      0.162370       322 
     593105    17.72      2.782310      0.198376      0.163275       322 
  2014DV135    17.72      2.783793      0.193558      0.166883       322 
  2015MM157    17.74      2.788998      0.197443      0.164078       322 
     520530    17.75      2.794689      0.197262      0.162855       322 
    2010HK6    17.75      2.805088      0.194937      0.161580       322 
  2008AL141    17.75      2.782349      0.191649      0.162561       322 
  2015TX347    17.75      2.792873      0.198130      0.163243       322 
   2010PP46    17.76      2.798192      0.196433      0.166372       322 
   2022CT12    17.76      2.796475      0.196944      0.164494       322 
  2014QP154    17.76      2.780298      0.194455      0.163156       322 
  2015DA184    17.76      2.778697      0.195229      0.163088       322 
  2016AY221    17.77      2.780511      0.194553      0.164519       322 
   1995SH11    17.78      2.807394      0.196443      0.162430       322 
   2014JV95    17.81      2.775507      0.197102      0.164661       322 
  2010UP119    17.81      2.796771      0.195450      0.162550       322 
  2010VV263    17.81      2.784539      0.194381      0.164474       322 
  2004BP112    17.82      2.800914      0.191212      0.161755       322 
  2002RJ235    17.83      2.802406      0.188194      0.163863       322 
  2010TX150    17.83      2.788754      0.199081      0.166164       322 
   2005CN87    17.84      2.797358      0.188039      0.159864       322 
   2017XL28    17.84      2.793658      0.190580      0.162582       322 
  2015RU250    17.84      2.808584      0.195772      0.164094       322 
   2000JM97    17.85      2.803336      0.196092      0.165400       322 
   2011QU63    17.86      2.795084      0.186927      0.162643       322 
   2015SK29    17.86      2.803272      0.191643      0.162207       322 
  2011WU104    17.86      2.806140      0.189760      0.164403       322 
  2015ME119    17.87      2.769996      0.196727      0.163198       322 
   2015OJ72    17.88      2.806155      0.194773      0.164803       322 
  2014OU284    17.90      2.800374      0.193007      0.159889       322 
  2017FL145    17.92      2.772009      0.196527      0.164967       322 
  2015FW296    17.93      2.806120      0.192684      0.162198       322 
  2005EH342    17.94      2.787365      0.194214      0.163963       322 
  2011FS159    17.96      2.784767      0.192295      0.163847       322 
   2019UN18    17.97      2.807737      0.193672      0.160955       322 
   2020OE40    17.97      2.808808      0.195056      0.163826       322 
  2018VM115    17.97      2.805172      0.193359      0.160905       322 
   2013NO42    17.98      2.795613      0.187318      0.160655       322 
  2004XG167    17.98      2.797558      0.195125      0.161458       322 
  2007VG233    17.99      2.806222      0.198034      0.164069       322 
  2016BX128    17.99      2.805891      0.191258      0.162920       322 
   2017UK64    18.00      2.784621      0.198148      0.164692       322 
  2015VA149    18.00      2.789624      0.195824      0.162399       322 
  2015VC151    18.01      2.793986      0.193591      0.159856       322 
   2017AG36    18.04      2.793639      0.192807      0.165508       322 
    2015HM6    18.05      2.782496      0.192902      0.165052       322 
   2019FR18    18.05      2.801604      0.190117      0.164242       322 
   2015SQ13    18.07      2.797805      0.190928      0.164111       322 
  2006DV189    18.09      2.771181      0.197817      0.164009       322 
  2016CA348    18.10      2.806071      0.195973      0.162326       322 
  2013RW161    18.13      2.796093      0.196508      0.163418       322 
   2017VD41    18.15      2.793779      0.194879      0.160703       322 
   2017WY81    18.16      2.793783      0.195117      0.161451       322 
   2016NP31    18.19      2.794366      0.189212      0.162927       322 
  2015XY480    18.22      2.793791      0.185898      0.160971       322 
  2016PQ223    18.24      2.791931      0.185477      0.160419       322 
  2011UO462    18.26      2.773704      0.197919      0.164449       322 
  2017SN299    18.28      2.782698      0.191514      0.160457       322 
   2015TJ28    18.29      2.790552      0.196362      0.162651       322 
   2021GB75    18.29      2.788789      0.197863      0.162826       322 
   2007QS20    18.30      2.777806      0.196864      0.165098       322 
   2018AT49    18.30      2.804465      0.192136      0.163205       322 
  2010RD203    18.30      2.806251      0.194457      0.161803       322 
  2014HX270    18.36      2.802473      0.192815      0.164614       322 
  2014SP335    18.44      2.796089      0.198841      0.163468       322 
  2016AF208    18.46      2.795256      0.196326      0.165681       322 
   2018BS30    18.50      2.791976      0.196129      0.163591       322 
  2012UU236    18.50      2.793021      0.194296      0.162451       322 
    2016MF7    18.52      2.794975      0.197593      0.161435       322 
   2020QB17    18.55      2.792119      0.196215      0.165260       322 
  2016EJ300    18.55      2.804937      0.193377      0.162726       322 
  2014QY104    18.60      2.792498      0.193434      0.162542       322 
  2014QF120    18.63      2.801786      0.194694      0.159678       322 
   2016PF85    18.66      2.811103      0.187981      0.162671       322 
   2015OQ53    18.68      2.803376      0.196838      0.163277       322 
  2015HZ227    18.78      2.789018      0.196324      0.163312       322 
  2011UY458    18.82      2.780989      0.194705      0.165127       322 
  2012UJ237    18.87      2.792665      0.200764      0.164121       322 
  2006WS233    19.06      2.779352      0.196241      0.164969       322 
