        329     9.61      2.475605      0.084206      0.277239       329 
      13977    12.35      2.471484      0.080199      0.277385       329 
      59626    13.70      2.441582      0.070006      0.278976       329 
      20508    13.77      2.475790      0.066840      0.279176       329 
     102626    14.55      2.449263      0.083347      0.277693       329 
      34804    15.12      2.442115      0.095249      0.276908       329 
     225796    15.18      2.488032      0.111681      0.275824       329 
     173129    15.49      2.460344      0.089127      0.276281       329 
     122730    15.62      2.453302      0.092755      0.276363       329 
     118159    15.69      2.448597      0.089623      0.277182       329 
     150747    15.69      2.477418      0.090411      0.274422       329 
      66546    15.70      2.483084      0.110093      0.277488       329 
      85510    15.73      2.443780      0.089260      0.276373       329 
     187424    15.79      2.445800      0.101150      0.277755       329 
     244944    15.87      2.477282      0.093790      0.272721       329 
     165403    15.90      2.467141      0.085969      0.275459       329 
     156895    15.92      2.436592      0.087333      0.277678       329 
     132352    15.99      2.437621      0.100516      0.275018       329 
     318095    16.07      2.437367      0.089597      0.276950       329 
     266268    16.09      2.469469      0.092901      0.276142       329 
     247868    16.10      2.444938      0.085814      0.277581       329 
     157221    16.14      2.446246      0.097444      0.278622       329 
     208039    16.15      2.435773      0.092138      0.282154       329 
     189038    16.18      2.447522      0.089063      0.276998       329 
     362332    16.20      2.465680      0.083871      0.275950       329 
     215900    16.27      2.432990      0.112594      0.275786       329 
     120269    16.29      2.445806      0.092863      0.277209       329 
     343742    16.42      2.431840      0.082085      0.275863       329 
     183247    16.43      2.449434      0.089157      0.276351       329 
     421112    16.44      2.421211      0.083948      0.277614       329 
     225687    16.46      2.425632      0.116304      0.278039       329 
     233713    16.46      2.434231      0.097899      0.275418       329 
     253076    16.46      2.489460      0.076646      0.278500       329 
     330860    16.46      2.455939      0.084426      0.269931       329 
     458164    16.47      2.416028      0.115317      0.276857       329 
     270064    16.48      2.444639      0.091734      0.274469       329 
     258825    16.50      2.428098      0.103322      0.276873       329 
     348218    16.50      2.431243      0.094829      0.276757       329 
   2014RF12    16.50      2.438291      0.092312      0.276992       329 
     331564    16.54      2.437036      0.104093      0.274436       329 
     333260    16.54      2.465920      0.087528      0.277772       329 
     406947    16.61      2.466672      0.095545      0.274337       329 
     339112    16.62      2.477213      0.071072      0.275882       329 
     375267    16.62      2.460873      0.096183      0.273660       329 
     422730    16.62      2.439207      0.089802      0.279201       329 
     455342    16.62      2.442370      0.091830      0.277793       329 
     249089    16.64      2.483692      0.101935      0.275811       329 
     430495    16.65      2.435513      0.095177      0.277618       329 
  2012TN282    16.66      2.485622      0.104082      0.271947       329 
     400799    16.67      2.422271      0.093447      0.278403       329 
     472591    16.67      2.467325      0.084471      0.273745       329 
     296453    16.69      2.438545      0.077408      0.276841       329 
    2016YJ9    16.69      2.443332      0.104822      0.275351       329 
     296077    16.71      2.454088      0.079595      0.278321       329 
     329942    16.73      2.430471      0.091868      0.280578       329 
     388901    16.73      2.469130      0.099960      0.274913       329 
     324405    16.74      2.464654      0.090202      0.273679       329 
     333002    16.74      2.455414      0.094828      0.274028       329 
     455039    16.74      2.434884      0.098865      0.279658       329 
     468300    16.75      2.414890      0.109676      0.276098       329 
     344875    16.76      2.448395      0.085601      0.277432       329 
     281698    16.82      2.434341      0.079216      0.279284       329 
     414162    16.82      2.479911      0.087883      0.274516       329 
     423420    16.82      2.420517      0.085788      0.280938       329 
     287075    16.83      2.444348      0.104823      0.278050       329 
     357235    16.83      2.432364      0.106138      0.274669       329 
     359167    16.83      2.439363      0.082576      0.271867       329 
     244718    16.84      2.453046      0.096758      0.275235       329 
   2010FE52    16.85      2.466973      0.102042      0.274558       329 
     399607    16.86      2.446330      0.099408      0.274084       329 
     411225    16.87      2.413357      0.111009      0.276901       329 
     412119    16.87      2.448537      0.092184      0.278361       329 
     508130    16.88      2.417482      0.131409      0.278284       329 
     515261    16.88      2.413306      0.082839      0.277857       329 
    2017FX3    16.88      2.479494      0.087185      0.275622       329 
   2012UD77    16.88      2.449800      0.096372      0.276798       329 
     333591    16.91      2.466332      0.097426      0.271908       329 
     428288    16.91      2.439034      0.115076      0.277144       329 
  2002EZ168    16.91      2.435727      0.102636      0.277141       329 
     461472    16.94      2.440616      0.094591      0.275852       329 
     470580    16.94      2.425706      0.107614      0.280207       329 
     277744    16.96      2.452059      0.076044      0.275583       329 
     430747    16.96      2.429963      0.099584      0.279148       329 
     460074    16.97      2.446537      0.096067      0.275789       329 
     576058    16.98      2.461595      0.095249      0.274980       329 
     517820    17.00      2.476831      0.112087      0.272928       329 
   2004PY17    17.01      2.424541      0.099311      0.277445       329 
  2012TA316    17.01      2.415811      0.106206      0.278441       329 
     2010GP    17.04      2.479692      0.082661      0.272740       329 
     413847    17.05      2.455002      0.098165      0.274052       329 
     328181    17.06      2.430599      0.084077      0.277087       329 
  2010AK127    17.06      2.486347      0.096495      0.274238       329 
     472717    17.07      2.436134      0.110839      0.274039       329 
   2016UO55    17.07      2.464513      0.085341      0.272371       329 
     404457    17.08      2.440317      0.117311      0.273751       329 
     278916    17.09      2.422539      0.095479      0.278057       329 
     456256    17.09      2.422917      0.084263      0.277937       329 
     429860    17.10      2.440534      0.094260      0.280670       329 
     485063    17.11      2.436551      0.072923      0.274733       329 
   2015XU88    17.11      2.471318      0.065510      0.275724       329 
     307641    17.12      2.436354      0.099456      0.279121       329 
     435562    17.12      2.440171      0.100166      0.275586       329 
   2001PR51    17.12      2.433432      0.093461      0.277676       329 
  2015TE120    17.14      2.424128      0.092530      0.282337       329 
     495410    17.15      2.428841      0.097119      0.279030       329 
     490650    17.16      2.445612      0.091463      0.276859       329 
     451235    17.17      2.423724      0.104899      0.275399       329 
     496813    17.17      2.447718      0.105313      0.274092       329 
     402934    17.18      2.439103      0.104116      0.276789       329 
     612169    17.18      2.433947      0.108443      0.279466       329 
     504877    17.21      2.420585      0.089282      0.280619       329 
     480339    17.23      2.427888      0.092205      0.280316       329 
     485111    17.23      2.479788      0.101572      0.274603       329 
     515879    17.23      2.436245      0.084308      0.277415       329 
     442232    17.24      2.435699      0.119060      0.276858       329 
     413217    17.25      2.407537      0.083567      0.282442       329 
     606926    17.25      2.467581      0.083199      0.275442       329 
     2009NN    17.26      2.402853      0.088554      0.275060       329 
     395458    17.26      2.424914      0.106777      0.275324       329 
    2010KB6    17.26      2.467475      0.078183      0.273418       329 
   2011VB21    17.26      2.450913      0.085285      0.277927       329 
    2007ML5    17.28      2.475784      0.074535      0.276743       329 
   2001QR92    17.28      2.420111      0.112191      0.276666       329 
     526452    17.30      2.428827      0.106309      0.275812       329 
     477791    17.33      2.427856      0.099034      0.278302       329 
     415665    17.34      2.475030      0.082304      0.276949       329 
  2014SG253    17.34      2.443418      0.094356      0.274212       329 
    2012JS1    17.35      2.420098      0.109850      0.274311       329 
  2015BK574    17.35      2.448280      0.095982      0.275275       329 
     486899    17.36      2.431308      0.119890      0.277910       329 
     512477    17.37      2.445090      0.099136      0.276931       329 
     516892    17.37      2.443668      0.085604      0.279788       329 
     432694    17.39      2.485955      0.070464      0.274180       329 
     457044    17.39      2.488077      0.068642      0.269516       329 
     599331    17.39      2.470427      0.091791      0.272437       329 
     532115    17.40      2.432493      0.105905      0.275584       329 
     532103    17.41      2.477838      0.071288      0.272145       329 
    2014RJ7    17.41      2.468556      0.086289      0.274168       329 
     519909    17.42      2.482733      0.109663      0.269743       329 
     541072    17.46      2.447698      0.113216      0.279542       329 
     551383    17.46      2.477716      0.086481      0.272397       329 
  2007VA114    17.47      2.476897      0.113599      0.274389       329 
     411300    17.48      2.436676      0.102897      0.275652       329 
     364204    17.49      2.426641      0.092209      0.277895       329 
     482523    17.49      2.420687      0.108833      0.280471       329 
  2015DE241    17.50      2.459482      0.100919      0.274326       329 
     512956    17.51      2.434353      0.106614      0.274900       329 
     569960    17.52      2.427258      0.096358      0.277260       329 
     513923    17.53      2.471350      0.094527      0.270787       329 
   2019LD10    17.53      2.414155      0.089057      0.274631       329 
     456945    17.54      2.430705      0.104652      0.275829       329 
     541496    17.54      2.441279      0.107206      0.276289       329 
     584126    17.55      2.455645      0.090106      0.274676       329 
     496165    17.57      2.441833      0.103111      0.278476       329 
     421969    17.59      2.411742      0.122585      0.275876       329 
     529694    17.59      2.407093      0.099959      0.273537       329 
    2007PN8    17.59      2.437219      0.103016      0.276229       329 
   2015KZ22    17.59      2.421823      0.099644      0.278849       329 
     605740    17.60      2.449769      0.096224      0.275936       329 
  2013EL158    17.61      2.426703      0.094383      0.280151       329 
   2000OX71    17.62      2.439545      0.101335      0.281015       329 
  2015HS213    17.62      2.417705      0.137049      0.284979       329 
     549679    17.63      2.485649      0.093598      0.276486       329 
   2018AY28    17.64      2.453822      0.119326      0.274334       329 
     577569    17.66      2.434404      0.090436      0.279103       329 
   2016PY36    17.66      2.453832      0.098037      0.275773       329 
  2011UR315    17.66      2.405926      0.089895      0.278826       329 
     507109    17.68      2.427786      0.100520      0.278502       329 
     605775    17.68      2.449347      0.095422      0.276778       329 
   2016QC12    17.68      2.443761      0.099898      0.277086       329 
  2002RW301    17.68      2.449782      0.088925      0.275510       329 
  2015HR233    17.68      2.477675      0.101255      0.273065       329 
  2015KQ170    17.68      2.477576      0.094499      0.271342       329 
     536748    17.69      2.440857      0.089469      0.275475       329 
   2008TA44    17.69      2.432091      0.089471      0.276803       329 
     462789    17.71      2.441544      0.099642      0.275657       329 
  2010BO148    17.71      2.478198      0.086346      0.273640       329 
   2003WU29    17.72      2.467267      0.088211      0.277396       329 
   2016RS25    17.72      2.419259      0.092776      0.276418       329 
   2019NF25    17.72      2.436446      0.085945      0.277736       329 
     551631    17.73      2.478417      0.088275      0.274054       329 
     580857    17.73      2.434941      0.097678      0.276583       329 
   2010GG51    17.73      2.444328      0.115814      0.275962       329 
  2002PQ198    17.73      2.443424      0.081281      0.275571       329 
     405281    17.75      2.408993      0.084802      0.274825       329 
     586340    17.75      2.420391      0.129417      0.280413       329 
  2014QJ311    17.75      2.435435      0.134398      0.276836       329 
     435574    17.76      2.418107      0.087055      0.279800       329 
     609708    17.76      2.450289      0.108918      0.275397       329 
   2010FK49    17.77      2.457386      0.087048      0.275621       329 
   2010HJ59    17.77      2.468311      0.069541      0.276247       329 
   2018SD10    17.77      2.437200      0.079366      0.280128       329 
  2015RG107    17.77      2.423017      0.090909      0.280142       329 
     554265    17.78      2.429768      0.109144      0.276904       329 
     567902    17.78      2.445569      0.099019      0.276692       329 
     581532    17.78      2.483410      0.093249      0.266645       329 
   2016EY31    17.78      2.463780      0.081022      0.275508       329 
  2004TN181    17.79      2.466415      0.088619      0.273470       329 
     539646    17.80      2.484868      0.112833      0.270685       329 
   2011WB19    17.81      2.453791      0.100949      0.276482       329 
   2014MB59    17.81      2.427990      0.119731      0.281259       329 
  2010CW238    17.81      2.464482      0.091326      0.277860       329 
  2010CX218    17.81      2.418623      0.103682      0.274491       329 
     566798    17.82      2.435844      0.116129      0.273792       329 
  2006SP430    17.82      2.434722      0.109033      0.271070       329 
     556103    17.83      2.447654      0.079024      0.276034       329 
   2019UW48    17.83      2.431646      0.084650      0.273233       329 
   2015PG56    17.84      2.418944      0.118301      0.277909       329 
     600036    17.85      2.452466      0.106974      0.278371       329 
     609703    17.85      2.446312      0.113231      0.274417       329 
   2008QP49    17.85      2.415643      0.107165      0.274813       329 
     576412    17.86      2.429534      0.129273      0.276672       329 
   2006KG34    17.86      2.426338      0.100577      0.280210       329 
   2016HK26    17.86      2.445104      0.074987      0.277383       329 
   2016TU21    17.86      2.431235      0.092768      0.275998       329 
   2020HW37    17.86      2.439445      0.085264      0.276976       329 
  2015DU129    17.87      2.465499      0.087832      0.276436       329 
   2010MT43    17.88      2.422705      0.099181      0.279473       329 
  2015MU102    17.88      2.418521      0.108484      0.278433       329 
     505400    17.90      2.422471      0.121482      0.274675       329 
   2012HW96    17.90      2.442543      0.093886      0.277718       329 
   2011TU10    17.91      2.409744      0.107377      0.273980       329 
   2005RV38    17.92      2.439612      0.105188      0.278263       329 
     503492    17.93      2.436433      0.118010      0.273793       329 
   2008PE17    17.93      2.446163      0.094465      0.278500       329 
   2011YA89    17.93      2.437982      0.100990      0.273910       329 
   2021UY40    17.94      2.417845      0.099831      0.273146       329 
     517264    17.95      2.451991      0.088441      0.276555       329 
   2009QW40    17.95      2.418485      0.109774      0.275827       329 
     549887    17.96      2.472665      0.075503      0.273743       329 
  2015KV196    17.96      2.443817      0.092406      0.276162       329 
   2019YO30    17.97      2.475670      0.096012      0.275343       329 
     543529    17.98      2.472358      0.090924      0.274363       329 
   2019NU45    17.99      2.436547      0.103945      0.275796       329 
  2001QG236    17.99      2.425641      0.093519      0.275775       329 
     501634    18.00      2.434961      0.124507      0.276346       329 
  2007VE295    18.00      2.465229      0.084953      0.275664       329 
     579769    18.02      2.440455      0.103193      0.273959       329 
   2013MU17    18.03      2.474832      0.092791      0.273977       329 
   2013NM37    18.03      2.483985      0.109142      0.271761       329 
   2018TM42    18.03      2.477204      0.105223      0.274415       329 
   2019QT12    18.04      2.423095      0.118540      0.280028       329 
     558251    18.05      2.418457      0.120102      0.270386       329 
   2015VL20    18.05      2.441717      0.100806      0.274166       329 
  2003SK209    18.05      2.419808      0.129127      0.282603       329 
    2012CE9    18.06      2.435488      0.122451      0.272616       329 
   2006TX97    18.07      2.418402      0.085250      0.274718       329 
   2015WN17    18.07      2.449278      0.105334      0.271858       329 
   2018AB16    18.07      2.486535      0.087968      0.274285       329 
  2016NT127    18.07      2.472915      0.073953      0.274464       329 
  2010CL273    18.09      2.413888      0.110725      0.279314       329 
   2009CE69    18.11      2.479894      0.107008      0.272660       329 
   2014HN65    18.11      2.483721      0.101612      0.273368       329 
   2009RS32    18.13      2.439903      0.106107      0.279487       329 
   2021JZ57    18.13      2.479314      0.090837      0.274998       329 
   2014TR99    18.16      2.450994      0.090961      0.272239       329 
  2012UR225    18.16      2.469066      0.093597      0.272928       329 
   2006QO86    18.18      2.450059      0.089866      0.275848       329 
  2011FZ165    18.21      2.467582      0.093434      0.272210       329 
  2014KT138    18.21      2.450652      0.095751      0.275927       329 
   2017FN43    18.22      2.407252      0.091683      0.275535       329 
   2022BS35    18.22      2.446552      0.094972      0.278270       329 
  2015MG151    18.23      2.426481      0.107090      0.280071       329 
  2001VX135    18.26      2.437165      0.104103      0.276946       329 
   2014EC58    18.27      2.442431      0.105824      0.278848       329 
   2015QS32    18.27      2.469194      0.088202      0.274065       329 
   2015UV85    18.29      2.431311      0.115076      0.272560       329 
     560043    18.30      2.423697      0.117984      0.276060       329 
    2016KR5    18.30      2.418540      0.132000      0.283532       329 
   2010BU13    18.30      2.434367      0.096973      0.278086       329 
   2014NU76    18.30      2.412129      0.104458      0.275383       329 
  2007UD122    18.30      2.432469      0.100272      0.277758       329 
   2019LF17    18.31      2.432062      0.097075      0.278482       329 
   2020JG13    18.35      2.461802      0.077874      0.272321       329 
    2019MM8    18.36      2.433644      0.084493      0.274439       329 
  2015TU333    18.36      2.434655      0.112837      0.278587       329 
  2016CL217    18.36      2.437925      0.111392      0.273336       329 
   2016UZ10    18.37      2.443119      0.109485      0.276008       329 
   2018AA26    18.37      2.454292      0.100917      0.274356       329 
   2019JF81    18.38      2.418723      0.121344      0.278635       329 
  2015FY204    18.38      2.447788      0.104453      0.278146       329 
   2006SC38    18.40      2.429515      0.110794      0.280836       329 
   2015TF78    18.42      2.412454      0.099632      0.275294       329 
  2016PU177    18.43      2.466059      0.077590      0.277765       329 
  2014SN196    18.44      2.479409      0.089185      0.272687       329 
  2010RP201    18.50      2.413833      0.119409      0.280917       329 
  2014OP341    18.50      2.464470      0.091707      0.274209       329 
  2020HW133    18.50      2.443767      0.094523      0.273360       329 
   2017NQ21    18.53      2.427226      0.128334      0.277912       329 
  2016BE135    18.53      2.473321      0.094401      0.272506       329 
  2012VM111    18.54      2.438194      0.107547      0.282130       329 
  2012UO126    18.55      2.437273      0.104286      0.270288       329 
    2010OF1    18.57      2.431959      0.098023      0.275886       329 
  2020HB145    18.57      2.433071      0.098972      0.278882       329 
  2014QT496    18.61      2.431436      0.087007      0.276405       329 
  2016PP192    18.62      2.453794      0.095255      0.277270       329 
   2021UQ36    18.63      2.450026      0.076710      0.274574       329 
   2008JL50    18.65      2.467883      0.092501      0.271436       329 
   2008KJ24    18.67      2.437693      0.096752      0.272989       329 
   2015NO22    18.67      2.418498      0.106795      0.273963       329 
   2013SX41    18.68      2.447522      0.085061      0.274656       329 
  2017OT126    18.68      2.485209      0.105130      0.270429       329 
  2017QY110    18.69      2.451545      0.086631      0.275446       329 
  2015TV215    18.70      2.478329      0.112147      0.273568       329 
   2019SC64    18.82      2.420073      0.128767      0.279544       329 
     524779    18.91      2.406880      0.108080      0.271508       329 
  2016UC266    18.93      2.463545      0.102677      0.271489       329 
   2016LF83    18.94      2.416811      0.091685      0.281946       329 
  2015OF148    18.98      2.437800      0.078661      0.277404       329 
  2021RL153    19.03      2.426960      0.084899      0.274839       329 
   2010OM34    19.13      2.415015      0.088726      0.277741       329 
  2016ND132    19.18      2.414159      0.114145      0.278919       329 
  2009WL290    19.19      2.412749      0.110527      0.273525       329 
  2016TP163    19.56      2.451030      0.097444      0.274907       329 
   2021RQ57    19.67      2.455872      0.083671      0.276393       329 
