        369     8.67      2.648931      0.055957      0.204081       369 
       3324    11.90      2.699257      0.059824      0.199924       369 
      22693    13.54      2.679793      0.055899      0.192460       369 
      22600    13.59      2.601571      0.059673      0.205136       369 
      41787    14.06      2.643174      0.058534      0.199808       369 
      45371    14.13      2.634492      0.055248      0.203985       369 
      47747    14.15      2.664994      0.057853      0.202504       369 
      47092    14.16      2.628840      0.058153      0.203551       369 
      87649    14.21      2.569786      0.054396      0.203392       369 
      56213    14.22      2.641051      0.054128      0.202977       369 
      37407    14.25      2.698293      0.055946      0.197285       369 
      62735    14.30      2.621295      0.060992      0.203870       369 
      42726    14.40      2.669677      0.054160      0.202471       369 
      77381    14.51      2.663519      0.056098      0.202981       369 
      62750    14.54      2.665553      0.055203      0.203150       369 
      47604    14.59      2.668489      0.055993      0.202094       369 
      60562    14.71      2.673559      0.058262      0.201875       369 
      91504    14.79      2.682231      0.058945      0.200767       369 
      38939    14.84      2.605734      0.051087      0.201055       369 
      95634    14.88      2.660005      0.058022      0.204268       369 
     110986    14.92      2.685725      0.050330      0.195538       369 
      88768    14.94      2.628109      0.054366      0.202637       369 
      81852    14.98      2.664769      0.059080      0.202818       369 
     108621    14.98      2.671584      0.055965      0.202314       369 
      65851    14.99      2.667144      0.053937      0.202119       369 
      90364    15.00      2.699220      0.059723      0.199941       369 
     114606    15.02      2.668820      0.053880      0.203062       369 
      89497    15.07      2.668586      0.055542      0.202147       369 
      82734    15.09      2.666649      0.052478      0.203009       369 
     121532    15.09      2.672257      0.054514      0.202424       369 
     108460    15.15      2.665011      0.059765      0.203165       369 
     115139    15.15      2.681419      0.054739      0.195414       369 
     115545    15.18      2.674062      0.058057      0.201633       369 
      77617    15.19      2.620507      0.053691      0.203418       369 
      30714    15.21      2.674882      0.056033      0.202002       369 
     114571    15.21      2.711399      0.058395      0.196157       369 
     112854    15.23      2.630004      0.056282      0.203335       369 
     133734    15.24      2.670994      0.055321      0.202100       369 
     112527    15.29      2.684379      0.054377      0.193262       369 
     132649    15.29      2.671402      0.055197      0.201590       369 
     159925    15.30      2.673588      0.057794      0.203460       369 
      88746    15.32      2.623760      0.052545      0.203235       369 
     232253    15.33      2.676672      0.056818      0.203123       369 
     110910    15.34      2.626825      0.053313      0.203127       369 
      43638    15.35      2.627085      0.055157      0.203949       369 
     115524    15.35      2.675493      0.057174      0.202111       369 
      65009    15.36      2.674899      0.054980      0.202480       369 
     131188    15.37      2.677143      0.055861      0.200830       369 
      93477    15.38      2.595392      0.058298      0.205937       369 
      85318    15.39      2.622922      0.059651      0.202874       369 
     165607    15.40      2.678894      0.058273      0.194758       369 
     114107    15.43      2.676056      0.057537      0.196978       369 
     149992    15.43      2.684852      0.053107      0.195447       369 
     199535    15.45      2.621254      0.058308      0.201547       369 
     126653    15.50      2.622896      0.054046      0.202179       369 
     192739    15.51      2.704465      0.061609      0.199873       369 
     163958    15.57      2.676333      0.057421      0.201579       369 
     247228    15.57      2.702217      0.056643      0.194066       369 
     201622    15.58      2.680135      0.054644      0.201658       369 
     208818    15.60      2.693540      0.057211      0.191880       369 
     163967    15.63      2.653763      0.052445      0.203011       369 
     171508    15.63      2.678404      0.053561      0.201453       369 
     144248    15.67      2.675203      0.058346      0.202484       369 
     242736    15.67      2.677705      0.052671      0.202374       369 
     217451    15.70      2.680167      0.056094      0.194584       369 
     303633    15.70      2.646165      0.056189      0.203776       369 
     117647    15.71      2.678679      0.057468      0.195196       369 
     179073    15.71      2.679545      0.057542      0.195605       369 
     189565    15.71      2.616914      0.053003      0.202397       369 
     146589    15.73      2.679346      0.055299      0.201799       369 
     191696    15.73      2.682972      0.057294      0.194168       369 
     241485    15.73      2.682558      0.055582      0.195135       369 
      78311    15.74      2.618538      0.055826      0.202413       369 
     202733    15.74      2.679739      0.057288      0.196705       369 
     152452    15.76      2.677422      0.055419      0.202083       369 
     235836    15.76      2.686176      0.053903      0.200245       369 
     163941    15.78      2.671583      0.055234      0.203453       369 
     219677    15.78      2.681771      0.058165      0.195945       369 
     209678    15.80      2.675756      0.055324      0.201945       369 
     224520    15.80      2.672061      0.054232      0.201434       369 
     375013    15.80      2.686850      0.055398      0.199578       369 
     110700    15.81      2.606768      0.056348      0.204343       369 
     254070    15.81      2.679606      0.053635      0.201970       369 
     136287    15.82      2.626116      0.056982      0.203051       369 
     174203    15.82      2.583852      0.054593      0.203183       369 
     186611    15.82      2.609826      0.062926      0.202457       369 
     212156    15.83      2.639206      0.055816      0.203086       369 
     333788    15.83      2.666445      0.055192      0.202630       369 
     132629    15.86      2.621673      0.056002      0.203827       369 
     155779    15.86      2.634440      0.055201      0.204324       369 
     243422    15.86      2.677906      0.055960      0.201128       369 
     300593    15.86      2.675660      0.058129      0.202103       369 
     162145    15.87      2.688311      0.058581      0.194407       369 
     269938    15.87      2.601326      0.051890      0.199506       369 
     291480    15.87      2.678494      0.057457      0.195370       369 
     244751    15.88      2.604953      0.057591      0.204576       369 
     211722    15.90      2.676589      0.055483      0.202437       369 
     240420    15.90      2.695935      0.062295      0.199033       369 
     154544    15.91      2.688211      0.062046      0.194301       369 
     227905    15.91      2.679347      0.058466      0.196257       369 
     144034    15.93      2.638618      0.055369      0.202464       369 
     201194    15.93      2.677224      0.057603      0.201601       369 
     238233    15.94      2.685696      0.059597      0.197148       369 
     329023    15.95      2.685760      0.057697      0.194225       369 
     338561    15.95      2.689263      0.059480      0.196638       369 
     256125    15.97      2.678324      0.058027      0.198257       369 
     203671    15.98      2.606337      0.059453      0.202780       369 
     214329    15.98      2.598438      0.058519      0.206511       369 
     239197    15.99      2.723039      0.051908      0.193687       369 
     375008    15.99      2.680158      0.058248      0.195790       369 
     221158    16.00      2.677017      0.056379      0.200347       369 
     269940    16.01      2.623747      0.055166      0.203586       369 
     156528    16.02      2.604285      0.062155      0.203337       369 
     221369    16.02      2.688998      0.049905      0.194621       369 
     164354    16.03      2.682599      0.057064      0.196500       369 
     214041    16.03      2.677122      0.053291      0.200618       369 
     214374    16.03      2.632056      0.054900      0.204703       369 
     151781    16.04      2.687278      0.055922      0.193894       369 
     368187    16.05      2.688773      0.060310      0.196647       369 
     249904    16.06      2.688677      0.053894      0.193228       369 
     159642    16.07      2.605312      0.059620      0.204300       369 
     177522    16.07      2.691048      0.059593      0.198116       369 
     305194    16.08      2.701507      0.059612      0.199257       369 
     258403    16.10      2.681532      0.056198      0.193552       369 
     179009    16.12      2.622813      0.052306      0.202671       369 
     219147    16.12      2.620059      0.056421      0.202187       369 
     233775    16.12      2.608999      0.053765      0.201893       369 
     282393    16.12      2.701438      0.056138      0.193248       369 
     304634    16.12      2.686449      0.059752      0.201546       369 
     279472    16.13      2.599084      0.056119      0.198928       369 
     379736    16.13      2.709830      0.060700      0.200059       369 
     305080    16.14      2.692540      0.058472      0.195642       369 
     336673    16.14      2.614882      0.057774      0.203114       369 
     207174    16.16      2.610212      0.058075      0.203930       369 
     295833    16.16      2.685612      0.054619      0.194131       369 
     336876    16.16      2.598633      0.050024      0.204510       369 
     321383    16.18      2.673180      0.058707      0.203389       369 
     323953    16.18      2.691565      0.053452      0.194816       369 
     362706    16.18      2.624611      0.061022      0.203553       369 
     412563    16.19      2.684537      0.058346      0.194389       369 
     554909    16.19      2.683092      0.059441      0.194819       369 
     263228    16.20      2.685678      0.057868      0.193506       369 
     321996    16.20      2.687872      0.055099      0.194653       369 
     326032    16.20      2.685094      0.054695      0.194277       369 
     372632    16.20      2.680905      0.054520      0.198063       369 
     374052    16.21      2.695448      0.055677      0.193117       369 
     215534    16.23      2.674120      0.056631      0.203644       369 
     230876    16.23      2.629006      0.053104      0.202262       369 
     288057    16.24      2.596765      0.057240      0.205532       369 
     353388    16.25      2.617753      0.058668      0.199605       369 
     374480    16.25      2.644542      0.054138      0.203138       369 
     381435    16.25      2.598521      0.050306      0.202586       369 
     503964    16.25      2.605159      0.060952      0.203043       369 
     581384    16.25      2.686673      0.055328      0.195802       369 
   2015FQ76    16.27      2.589388      0.060134      0.205071       369 
     461074    16.28      2.701646      0.058195      0.196178       369 
     254719    16.29      2.607195      0.061506      0.203559       369 
     372622    16.30      2.669198      0.055280      0.202406       369 
     395931    16.30      2.687644      0.055864      0.194390       369 
     414239    16.30      2.687949      0.057840      0.195562       369 
     311009    16.32      2.618920      0.061949      0.203853       369 
     369568    16.32      2.686576      0.059579      0.193664       369 
     298029    16.34      2.670355      0.058848      0.201748       369 
     328552    16.34      2.605250      0.052130      0.200122       369 
     351177    16.34      2.699064      0.053859      0.194484       369 
     240673    16.35      2.654458      0.052415      0.200975       369 
     252492    16.35      2.713241      0.049829      0.196429       369 
     272622    16.35      2.595930      0.061347      0.204174       369 
     310090    16.35      2.609438      0.052172      0.202298       369 
     432861    16.36      2.685157      0.055086      0.196104       369 
     561951    16.36      2.682481      0.055618      0.193659       369 
     511398    16.38      2.704305      0.048034      0.194127       369 
     282567    16.39      2.679609      0.059259      0.201257       369 
     336127    16.40      2.699005      0.055468      0.194328       369 
     426404    16.40      2.696893      0.055621      0.195014       369 
     472266    16.41      2.688001      0.057734      0.195239       369 
     394538    16.42      2.703370      0.059227      0.195201       369 
     448988    16.42      2.684018      0.056043      0.194226       369 
     576503    16.42      2.697834      0.056044      0.194257       369 
     279731    16.43      2.694522      0.057379      0.195251       369 
     347496    16.43      2.694286      0.055321      0.194068       369 
     305063    16.44      2.694234      0.056574      0.194626       369 
     339279    16.44      2.598469      0.052940      0.202496       369 
     329792    16.45      2.626101      0.055190      0.202779       369 
     310583    16.46      2.724453      0.054361      0.195886       369 
     350139    16.46      2.682732      0.054486      0.200368       369 
     443946    16.46      2.670205      0.053346      0.202173       369 
     484142    16.46      2.694413      0.056382      0.193152       369 
     298230    16.47      2.682815      0.054801      0.196879       369 
     435738    16.47      2.621501      0.055290      0.203640       369 
     309927    16.48      2.679419      0.057475      0.196578       369 
     328316    16.48      2.613265      0.053374      0.203084       369 
     467096    16.48      2.603889      0.054717      0.203275       369 
     246265    16.49      2.650228      0.055455      0.201823       369 
     372483    16.49      2.610298      0.051248      0.203715       369 
     504999    16.49      2.686508      0.055766      0.195794       369 
   2015AN63    16.49      2.701953      0.049428      0.194598       369 
     144303    16.50      2.602056      0.055793      0.202764       369 
     450846    16.50      2.594437      0.052333      0.201979       369 
     542082    16.50      2.693978      0.056851      0.198137       369 
     364401    16.51      2.693106      0.054274      0.194694       369 
     398363    16.51      2.679363      0.054916      0.196820       369 
     305631    16.53      2.593862      0.058030      0.204439       369 
     446129    16.53      2.691078      0.056653      0.194555       369 
     298039    16.54      2.695435      0.056613      0.196584       369 
     313212    16.54      2.701388      0.056608      0.199467       369 
     544466    16.54      2.610145      0.051470      0.203313       369 
  2006QQ105    16.54      2.695685      0.054039      0.193111       369 
     294061    16.55      2.696175      0.054534      0.194331       369 
     304229    16.55      2.692636      0.054322      0.191970       369 
     429728    16.55      2.607634      0.056376      0.205209       369 
     430977    16.55      2.601744      0.059839      0.203616       369 
     361823    16.56      2.709784      0.062306      0.197908       369 
   2017FA46    16.56      2.691734      0.058521      0.193849       369 
     332352    16.57      2.624314      0.055359      0.202979       369 
     335041    16.57      2.588744      0.052195      0.204282       369 
     459080    16.57      2.639974      0.055877      0.203154       369 
     474088    16.57      2.609436      0.054367      0.203495       369 
     302626    16.58      2.698607      0.057286      0.197480       369 
     403064    16.58      2.684232      0.056464      0.193836       369 
     339330    16.59      2.695223      0.057964      0.195228       369 
     355436    16.59      2.633401      0.053172      0.202500       369 
     370741    16.59      2.681806      0.055692      0.198043       369 
     329378    16.60      2.600934      0.056107      0.202161       369 
     530237    16.60      2.630919      0.055698      0.202414       369 
     358649    16.61      2.692080      0.057441      0.195402       369 
     387492    16.61      2.587557      0.057356      0.204771       369 
   2009BO97    16.61      2.678731      0.055133      0.201445       369 
     299613    16.62      2.649468      0.051507      0.200371       369 
     350866    16.62      2.652762      0.056002      0.201606       369 
     365560    16.62      2.689269      0.057309      0.196596       369 
     374083    16.62      2.687741      0.051119      0.194670       369 
     294646    16.63      2.607477      0.052736      0.203188       369 
     548681    16.64      2.685660      0.057006      0.196305       369 
     335583    16.65      2.693717      0.059052      0.193624       369 
     447942    16.65      2.691167      0.054703      0.194406       369 
     443635    16.66      2.699417      0.054135      0.195781       369 
     335522    16.67      2.585221      0.058711      0.205790       369 
     406635    16.67      2.695180      0.054458      0.193495       369 
   2008XD42    16.67      2.629891      0.054380      0.201763       369 
     418383    16.68      2.701537      0.056751      0.194946       369 
     423705    16.68      2.699736      0.056960      0.195926       369 
     250497    16.69      2.596809      0.055348      0.202020       369 
     284110    16.69      2.629666      0.058159      0.204047       369 
     464586    16.69      2.678866      0.056829      0.200043       369 
     505489    16.69      2.614153      0.056362      0.203358       369 
     349296    16.70      2.693211      0.058805      0.195801       369 
     389986    16.71      2.605819      0.050244      0.201427       369 
     468101    16.71      2.696318      0.057118      0.196804       369 
     388650    16.72      2.693338      0.057658      0.195503       369 
     471569    16.72      2.692790      0.057886      0.195393       369 
     384027    16.73      2.658173      0.053046      0.203247       369 
     484450    16.73      2.689669      0.058401      0.196407       369 
     315542    16.75      2.690434      0.054563      0.194655       369 
     411346    16.75      2.600348      0.057692      0.203235       369 
     486216    16.75      2.681584      0.055020      0.199407       369 
     266298    16.76      2.687959      0.055725      0.196095       369 
     593053    16.76      2.690784      0.058751      0.197378       369 
     351444    16.77      2.701263      0.058592      0.194696       369 
     425206    16.77      2.679547      0.054892      0.191224       369 
     472937    16.78      2.705834      0.062938      0.200603       369 
     499750    16.78      2.684246      0.057383      0.195158       369 
     544021    16.78      2.633385      0.055406      0.201727       369 
     556425    16.78      2.603503      0.052455      0.202446       369 
     537899    16.79      2.661356      0.051928      0.202760       369 
     542198    16.79      2.641487      0.059980      0.200369       369 
     397645    16.80      2.693894      0.055503      0.195401       369 
     444851    16.80      2.594729      0.060946      0.205483       369 
     448969    16.80      2.643468      0.056227      0.203096       369 
   1996VY19    16.80      2.699348      0.058681      0.195835       369 
  2013CQ190    16.80      2.627142      0.055052      0.202644       369 
     445186    16.81      2.701282      0.055966      0.194821       369 
     303603    16.82      2.585095      0.057934      0.200855       369 
     424155    16.82      2.693353      0.055620      0.197459       369 
     569808    16.82      2.690648      0.055019      0.196804       369 
     448004    16.84      2.702776      0.052947      0.194712       369 
     493993    16.84      2.684276      0.062238      0.196360       369 
     512126    16.84      2.613287      0.063138      0.201046       369 
     570172    16.84      2.689744      0.056785      0.196254       369 
   2016TF31    16.85      2.718360      0.051922      0.192899       369 
     327237    16.86      2.692198      0.062224      0.196478       369 
     473077    16.86      2.683716      0.053753      0.196914       369 
   2008AU71    16.86      2.713121      0.059339      0.196707       369 
  2016TA100    16.86      2.694761      0.052857      0.193793       369 
     354653    16.87      2.688677      0.054607      0.198746       369 
     562986    16.87      2.599199      0.062570      0.202623       369 
  2006WM209    16.88      2.705771      0.047734      0.195073       369 
     426088    16.89      2.693402      0.059000      0.193513       369 
   2015MU48    16.89      2.700938      0.058328      0.192995       369 
   2015XQ70    16.89      2.660961      0.058687      0.203678       369 
     355363    16.90      2.590970      0.052245      0.202744       369 
     434754    16.91      2.691197      0.058349      0.193487       369 
     539087    16.91      2.595519      0.057501      0.204090       369 
   2011HT58    16.91      2.694233      0.056114      0.193797       369 
     553911    16.92      2.702161      0.057284      0.194246       369 
   2007RG74    16.92      2.604757      0.057998      0.203362       369 
     483186    16.93      2.643127      0.059449      0.201580       369 
     515798    16.94      2.594599      0.049753      0.201730       369 
     361390    16.95      2.618197      0.060360      0.203825       369 
     369105    16.95      2.616687      0.056652      0.202412       369 
     423528    16.95      2.590960      0.049668      0.202717       369 
     558634    16.95      2.685046      0.055468      0.196397       369 
     573990    16.95      2.676819      0.057006      0.195606       369 
     371717    16.96      2.709220      0.062653      0.199075       369 
     410535    16.96      2.701317      0.053437      0.195454       369 
     582576    16.96      2.702280      0.054727      0.193893       369 
     432787    16.97      2.697853      0.057672      0.195441       369 
     558197    16.98      2.698493      0.060025      0.195128       369 
     591489    16.98      2.592899      0.061554      0.205068       369 
   2008RO70    16.99      2.593815      0.060076      0.201891       369 
   2012WE34    16.99      2.717818      0.060268      0.196594       369 
     381176    17.00      2.699349      0.056564      0.194973       369 
     436794    17.00      2.590698      0.060433      0.203733       369 
     451771    17.00      2.590141      0.052565      0.202912       369 
   2015SY24    17.00      2.656111      0.054237      0.201435       369 
  2012UM133    17.00      2.699820      0.057774      0.195287       369 
  2014OL196    17.00      2.719306      0.054207      0.195100       369 
     517332    17.01      2.709398      0.052708      0.197707       369 
   2009TY51    17.01      2.701553      0.055151      0.197349       369 
     523076    17.02      2.711796      0.057894      0.193315       369 
     571348    17.02      2.675558      0.057695      0.204221       369 
     599411    17.02      2.632307      0.053578      0.203413       369 
   2014NL34    17.02      2.719099      0.054510      0.195901       369 
     482894    17.03      2.617790      0.054330      0.204349       369 
     507730    17.03      2.630834      0.057495      0.202988       369 
  1999TV337    17.03      2.678441      0.056954      0.199752       369 
     340557    17.04      2.714093      0.054155      0.193332       369 
     401088    17.04      2.677101      0.057361      0.200556       369 
     483122    17.04      2.689085      0.057324      0.195600       369 
     522721    17.04      2.641367      0.055822      0.201332       369 
     365602    17.05      2.630920      0.057907      0.203148       369 
     445722    17.05      2.705954      0.048001      0.195855       369 
     569709    17.05      2.594110      0.056801      0.203839       369 
     583415    17.05      2.691595      0.052773      0.194711       369 
   2017BM41    17.05      2.709706      0.060608      0.194009       369 
     466141    17.06      2.699328      0.057946      0.197886       369 
     526187    17.06      2.678818      0.058588      0.200466       369 
     567995    17.06      2.620772      0.056871      0.203313       369 
   2016UG46    17.06      2.588505      0.059628      0.205102       369 
     333050    17.07      2.598602      0.062602      0.203634       369 
     489167    17.07      2.689095      0.061257      0.198605       369 
  2008UN376    17.07      2.706445      0.053371      0.195135       369 
  2011BW105    17.07      2.689115      0.054133      0.194054       369 
     405156    17.08      2.593798      0.054019      0.202986       369 
     505939    17.08      2.605086      0.056048      0.202236       369 
     531746    17.08      2.706491      0.060839      0.198822       369 
   2016TF96    17.08      2.614901      0.061592      0.201123       369 
     417083    17.09      2.685017      0.049734      0.194656       369 
     462054    17.09      2.693759      0.058727      0.193691       369 
     463481    17.09      2.712068      0.064009      0.200894       369 
   2008LT15    17.09      2.612386      0.056032      0.202652       369 
  2015DO251    17.09      2.691744      0.052628      0.195150       369 
  2015VB127    17.10      2.685075      0.054067      0.196316       369 
     437009    17.11      2.713990      0.050608      0.194302       369 
     478993    17.11      2.569721      0.054565      0.202274       369 
     507771    17.11      2.692657      0.054136      0.195045       369 
     545316    17.11      2.598406      0.058238      0.200200       369 
     467957    17.12      2.690733      0.057589      0.192778       369 
     493918    17.12      2.695843      0.054880      0.196230       369 
     531082    17.12      2.592110      0.061312      0.204166       369 
    2010DT8    17.12      2.584277      0.055390      0.201315       369 
     585698    17.13      2.620779      0.053556      0.202753       369 
     489842    17.14      2.700300      0.053490      0.196834       369 
     520786    17.14      2.643360      0.056071      0.202673       369 
     545411    17.14      2.699843      0.060220      0.200449       369 
     412691    17.15      2.706109      0.047689      0.193224       369 
     415377    17.15      2.591463      0.054889      0.201917       369 
     572581    17.15      2.714119      0.054051      0.194191       369 
   2014LZ18    17.15      2.594555      0.054214      0.204797       369 
     403655    17.16      2.689480      0.054344      0.197075       369 
     482282    17.16      2.587743      0.057914      0.202685       369 
     563433    17.16      2.614871      0.062203      0.203757       369 
  2016AR273    17.16      2.664812      0.056307      0.202416       369 
  2016AZ140    17.16      2.716747      0.060470      0.192332       369 
     451523    17.17      2.588633      0.051319      0.203217       369 
   2011UB80    17.17      2.606431      0.054623      0.201475       369 
     364327    17.18      2.685197      0.055554      0.194753       369 
     449367    17.19      2.682884      0.057645      0.195804       369 
   2001WF22    17.19      2.588018      0.049561      0.201842       369 
  2013YY101    17.19      2.694529      0.056628      0.195803       369 
   2005SB52    17.20      2.669192      0.059302      0.202289       369 
     446059    17.21      2.580313      0.058519      0.204014       369 
     473217    17.21      2.698465      0.054525      0.194635       369 
   2008XM60    17.21      2.706896      0.055288      0.198696       369 
     557807    17.22      2.705700      0.053645      0.196848       369 
   2012WN36    17.22      2.638013      0.055640      0.204921       369 
     486901    17.23      2.592761      0.059408      0.204858       369 
     518200    17.23      2.599704      0.056743      0.205038       369 
     552918    17.23      2.582287      0.052100      0.203435       369 
    2018AT6    17.23      2.709302      0.051106      0.189817       369 
   2007GV26    17.23      2.718044      0.055359      0.193837       369 
   2013AY45    17.23      2.625138      0.054673      0.202744       369 
  2012XS160    17.23      2.720042      0.054871      0.191030       369 
     537869    17.24      2.593356      0.059291      0.203802       369 
  2007TA404    17.24      2.688565      0.058421      0.195518       369 
  2015MW137    17.24      2.614817      0.057876      0.203818       369 
  2015VB100    17.24      2.723547      0.060143      0.196459       369 
     377376    17.25      2.689242      0.057986      0.195513       369 
     523118    17.25      2.612502      0.050765      0.202609       369 
     547286    17.25      2.595522      0.056628      0.202155       369 
     547522    17.25      2.687055      0.057749      0.194364       369 
    2014AS8    17.25      2.633347      0.056187      0.202814       369 
     436849    17.26      2.598153      0.059506      0.203222       369 
    2015JA5    17.26      2.708593      0.058148      0.199196       369 
     435681    17.27      2.601959      0.059536      0.202699       369 
     438752    17.27      2.590196      0.050708      0.202920       369 
     454150    17.27      2.595742      0.051356      0.204679       369 
     476896    17.27      2.597193      0.057463      0.201236       369 
     544708    17.27      2.605681      0.061570      0.202587       369 
   2009OZ15    17.27      2.622021      0.056984      0.201528       369 
   2014MD48    17.27      2.699120      0.056983      0.193272       369 
     511442    17.28      2.706537      0.055218      0.196181       369 
   2014FN74    17.28      2.628513      0.055464      0.201492       369 
   2015AV27    17.28      2.572852      0.055948      0.203593       369 
     518733    17.29      2.702093      0.062658      0.197723       369 
     545203    17.29      2.606915      0.056451      0.204907       369 
     577824    17.29      2.658813      0.051900      0.201691       369 
   2008EF84    17.29      2.696199      0.062043      0.197170       369 
   2014SC81    17.29      2.682163      0.052958      0.197628       369 
  2015RE236    17.29      2.613689      0.059820      0.202366       369 
     2015UU    17.30      2.716283      0.061337      0.196846       369 
     557699    17.30      2.685725      0.056445      0.194223       369 
     562359    17.30      2.587753      0.061933      0.203493       369 
     569036    17.30      2.701498      0.059673      0.195995       369 
     573924    17.31      2.580153      0.058817      0.202537       369 
   2004SK57    17.31      2.630220      0.057180      0.202928       369 
   2005NP25    17.31      2.712983      0.061074      0.199965       369 
  2007VH143    17.31      2.597264      0.053184      0.204093       369 
     552965    17.32      2.652075      0.055671      0.202708       369 
  2014WH260    17.32      2.570574      0.059055      0.203926       369 
     466567    17.33      2.630940      0.057453      0.203732       369 
   2014NW29    17.33      2.599899      0.051122      0.202149       369 
   2017FE52    17.33      2.704194      0.057821      0.191869       369 
     464911    17.34      2.595423      0.056453      0.200247       369 
     538059    17.34      2.707357      0.062341      0.198209       369 
     584331    17.34      2.704418      0.058284      0.196423       369 
     594848    17.34      2.600180      0.052959      0.204042       369 
     597243    17.34      2.630926      0.058474      0.202677       369 
  2001UB236    17.34      2.711831      0.061670      0.194816       369 
     413908    17.35      2.620526      0.058113      0.203879       369 
     573940    17.35      2.667300      0.057516      0.202161       369 
     597716    17.35      2.610376      0.059812      0.201817       369 
   2016UG58    17.35      2.671263      0.060447      0.201057       369 
     465669    17.36      2.672020      0.053842      0.201164       369 
     504577    17.36      2.697286      0.062314      0.197474       369 
     528322    17.36      2.598585      0.057518      0.199773       369 
  2015KJ130    17.36      2.706378      0.062040      0.198575       369 
     478532    17.37      2.677689      0.057815      0.199732       369 
     497530    17.37      2.704334      0.062173      0.194895       369 
     582316    17.37      2.633336      0.055582      0.202946       369 
   2015VV35    17.37      2.705545      0.048296      0.195783       369 
   2015XR85    17.37      2.694672      0.057834      0.193677       369 
     520005    17.38      2.702382      0.047813      0.196136       369 
     532689    17.38      2.705584      0.057748      0.196523       369 
     545434    17.38      2.727156      0.051769      0.192729       369 
   2015AK23    17.38      2.718764      0.052885      0.192277       369 
     544592    17.39      2.644141      0.058797      0.203590       369 
     557290    17.39      2.704406      0.061639      0.200133       369 
   2011UE82    17.39      2.698111      0.054586      0.193515       369 
     506992    17.40      2.722060      0.059710      0.193141       369 
     520732    17.40      2.639040      0.057718      0.201975       369 
   1996AO19    17.40      2.627040      0.059219      0.203340       369 
   2011GU92    17.40      2.580917      0.058095      0.202353       369 
     459633    17.41      2.596216      0.057994      0.204589       369 
     495747    17.41      2.648266      0.055776      0.202892       369 
   2014RD76    17.41      2.703397      0.055057      0.191304       369 
     510680    17.42      2.710289      0.057455      0.197253       369 
     593056    17.42      2.691039      0.056430      0.194586       369 
   2006CF36    17.42      2.591362      0.052215      0.204790       369 
   2015OJ89    17.42      2.651858      0.055404      0.202836       369 
   2017FM39    17.42      2.579990      0.058700      0.205047       369 
  2009HX119    17.42      2.701341      0.054847      0.197095       369 
  2009UO160    17.42      2.724625      0.055989      0.194013       369 
  2015FD321    17.42      2.616538      0.061906      0.202279       369 
  2017BG133    17.42      2.702135      0.048906      0.196075       369 
     415564    17.43      2.580839      0.054986      0.204372       369 
     474491    17.43      2.639193      0.059674      0.201123       369 
     545245    17.43      2.688139      0.056359      0.194009       369 
     604656    17.43      2.724982      0.057403      0.193862       369 
   2005RX17    17.43      2.712330      0.059563      0.197680       369 
   2008QD15    17.43      2.621565      0.053922      0.203232       369 
  2007TR464    17.43      2.682561      0.055435      0.192742       369 
  2018VB122    17.43      2.692128      0.057184      0.193684       369 
     506604    17.44      2.597647      0.053143      0.202632       369 
   2005LE55    17.44      2.672399      0.058928      0.201033       369 
   2013UL18    17.44      2.720745      0.059153      0.196299       369 
     519327    17.45      2.609357      0.059553      0.204300       369 
     589519    17.45      2.700250      0.059888      0.198505       369 
     603739    17.45      2.582105      0.055098      0.201700       369 
   2016WM21    17.45      2.698881      0.057712      0.195113       369 
   2016WM34    17.45      2.686779      0.061402      0.195315       369 
  2012BL162    17.45      2.691289      0.056774      0.196889       369 
  2014HR226    17.45      2.703019      0.054682      0.195825       369 
  2014WW156    17.45      2.697873      0.053883      0.198637       369 
     521499    17.46      2.646117      0.052349      0.203562       369 
    2006XQ1    17.46      2.704345      0.046595      0.195126       369 
     528230    17.47      2.689014      0.051973      0.193908       369 
     557806    17.47      2.672328      0.055016      0.202671       369 
     571256    17.47      2.694428      0.053783      0.194631       369 
     524191    17.48      2.592490      0.058105      0.203021       369 
     562929    17.48      2.694676      0.060738      0.196843       369 
     578034    17.48      2.701900      0.060838      0.194178       369 
    2011DJ7    17.48      2.700622      0.054470      0.195757       369 
   2011QS25    17.48      2.617791      0.061955      0.203835       369 
  2006SV322    17.48      2.595720      0.057870      0.205476       369 
  2015BW345    17.48      2.713355      0.062940      0.199110       369 
     478464    17.49      2.586229      0.054957      0.202724       369 
     584616    17.49      2.695308      0.056134      0.194553       369 
   2004DW69    17.49      2.652036      0.056166      0.204143       369 
   2013XH29    17.49      2.715685      0.056539      0.195188       369 
     492689    17.50      2.682994      0.053464      0.193804       369 
   2011AH91    17.50      2.622952      0.055603      0.204071       369 
   2012QD73    17.50      2.684291      0.058678      0.195447       369 
   2015MG70    17.50      2.577129      0.058032      0.201040       369 
  2009HT119    17.50      2.610262      0.060513      0.202567       369 
  2011FK161    17.50      2.582753      0.053624      0.204321       369 
     528471    17.51      2.695296      0.059992      0.194392       369 
   2017BC80    17.51      2.717310      0.060804      0.195895       369 
   2020QQ37    17.51      2.613809      0.055306      0.202001       369 
  2004TJ378    17.51      2.708261      0.057381      0.197642       369 
  2011WV142    17.51      2.600844      0.057138      0.203780       369 
     521172    17.52      2.602498      0.051220      0.203004       369 
     557880    17.52      2.706384      0.046529      0.194141       369 
     563018    17.52      2.640972      0.056260      0.202762       369 
     602126    17.52      2.710107      0.057295      0.197084       369 
   2012HV10    17.52      2.720357      0.053189      0.194583       369 
   2015MK98    17.52      2.633287      0.056486      0.202728       369 
  2002QC121    17.52      2.645287      0.056722      0.203280       369 
  2015MA119    17.52      2.596769      0.056983      0.203900       369 
     479569    17.53      2.590800      0.052672      0.203421       369 
     517370    17.53      2.695722      0.058551      0.195498       369 
     526886    17.53      2.708698      0.056687      0.194579       369 
     577843    17.53      2.596655      0.059124      0.204987       369 
   2008GD32    17.54      2.705765      0.054241      0.197439       369 
     529156    17.55      2.648393      0.057864      0.203157       369 
   2014TY67    17.55      2.721171      0.052606      0.191031       369 
   2015OZ15    17.55      2.673809      0.055650      0.202598       369 
  2010VM186    17.55      2.684109      0.058452      0.196345       369 
  2012XP162    17.55      2.679192      0.051945      0.197732       369 
     592802    17.56      2.605799      0.053105      0.200706       369 
   2010JX45    17.56      2.589617      0.059451      0.202554       369 
   2016QC79    17.56      2.585071      0.055304      0.201795       369 
  2013RG101    17.56      2.690270      0.057087      0.193564       369 
  2016NC154    17.56      2.667082      0.055491      0.202487       369 
     562344    17.57      2.661378      0.057411      0.203274       369 
     578628    17.57      2.684808      0.060402      0.194131       369 
     581598    17.57      2.581131      0.059388      0.202975       369 
   2021UG24    17.57      2.694860      0.059567      0.193795       369 
   2006KN72    17.58      2.696353      0.057158      0.196183       369 
   2015LA51    17.58      2.664018      0.055144      0.202904       369 
  2005EP346    17.58      2.703297      0.056951      0.194817       369 
  2014ET251    17.58      2.701148      0.056804      0.197300       369 
     539042    17.59      2.694459      0.060997      0.197504       369 
  2014QU292    17.59      2.715374      0.051975      0.190037       369 
     504762    17.60      2.589176      0.054670      0.202923       369 
     526229    17.60      2.619504      0.061416      0.203266       369 
     551156    17.60      2.700596      0.059433      0.192772       369 
   2008KX39    17.60      2.695866      0.053215      0.193354       369 
   2015UN24    17.60      2.673485      0.056033      0.199162       369 
  2002RA270    17.60      2.634826      0.058349      0.203334       369 
     561867    17.61      2.579371      0.062117      0.204136       369 
     572577    17.61      2.719971      0.051726      0.191655       369 
   2012KF56    17.61      2.709610      0.061713      0.194639       369 
  2014QH293    17.61      2.698616      0.057235      0.197640       369 
   2008CV40    17.62      2.578547      0.062033      0.203717       369 
   2018PR58    17.62      2.719851      0.062288      0.198095       369 
  2009WT152    17.62      2.719750      0.054479      0.195085       369 
     438775    17.63      2.701193      0.056879      0.195731       369 
     486922    17.63      2.712638      0.055553      0.194646       369 
     535116    17.63      2.699152      0.054556      0.193334       369 
   2004JF58    17.63      2.701025      0.061345      0.200404       369 
   2013VA33    17.63      2.587097      0.060707      0.203199       369 
   2020XC21    17.63      2.584920      0.055923      0.203926       369 
  2010FA146    17.63      2.684420      0.055606      0.195105       369 
  2015KK194    17.63      2.712148      0.056571      0.197110       369 
  2015XJ111    17.63      2.707176      0.058050      0.198032       369 
     516288    17.64      2.577509      0.054948      0.203251       369 
   2014GQ36    17.64      2.681889      0.055530      0.200663       369 
   2015SC25    17.64      2.589435      0.055665      0.202225       369 
  2001SN362    17.64      2.584121      0.053338      0.205508       369 
  2013BQ103    17.64      2.691245      0.058986      0.195551       369 
  2013RX143    17.64      2.588817      0.060201      0.202088       369 
     471049    17.65      2.612639      0.055861      0.202843       369 
  2007TQ490    17.65      2.725410      0.056738      0.194792       369 
  2014WR137    17.65      2.708237      0.058701      0.198399       369 
  2015RK259    17.65      2.638748      0.055580      0.200656       369 
     583649    17.66      2.710306      0.049585      0.194768       369 
   2012QA53    17.66      2.635937      0.059686      0.204315       369 
   2014GN43    17.66      2.706034      0.055758      0.197442       369 
  2003SX374    17.66      2.604140      0.053031      0.202207       369 
  2015DC193    17.66      2.692091      0.059647      0.193892       369 
     543766    17.67      2.579875      0.058468      0.202213       369 
   2015GQ49    17.67      2.583666      0.059405      0.203494       369 
  2010RD198    17.67      2.711247      0.056831      0.194157       369 
  2015BB287    17.67      2.700239      0.055746      0.194735       369 
     516905    17.68      2.717009      0.063036      0.199053       369 
     567668    17.68      2.695665      0.053880      0.194753       369 
     593128    17.68      2.673991      0.059174      0.202829       369 
   2009WW98    17.68      2.716985      0.061537      0.194556       369 
  2014WK320    17.68      2.594033      0.050783      0.204346       369 
     534434    17.69      2.612614      0.060062      0.200703       369 
     538864    17.69      2.578748      0.057702      0.203611       369 
   2007YF86    17.69      2.656849      0.054361      0.205186       369 
     531700    17.70      2.713136      0.057915      0.193235       369 
     578048    17.70      2.613319      0.053846      0.202414       369 
   2003UC88    17.70      2.699945      0.055887      0.197947       369 
   2015NP11    17.70      2.583333      0.054995      0.203585       369 
   2015SU22    17.70      2.686959      0.051713      0.193498       369 
   2017XO33    17.70      2.656838      0.051387      0.200183       369 
   2020TW62    17.70      2.715834      0.062645      0.194285       369 
   2021GZ64    17.70      2.726447      0.060322      0.193510       369 
  2017BN127    17.70      2.656781      0.053383      0.202017       369 
     526053    17.71      2.700029      0.056784      0.198516       369 
    2010SH6    17.71      2.570652      0.057098      0.204539       369 
  2016CF181    17.71      2.585915      0.052457      0.204347       369 
   2015KE69    17.72      2.688921      0.055424      0.195442       369 
   2015KU35    17.72      2.706554      0.056103      0.198765       369 
  2017FB160    17.72      2.714786      0.054961      0.191225       369 
  2002TX340    17.73      2.699565      0.057934      0.198009       369 
  2012TR341    17.73      2.708204      0.058574      0.197817       369 
  2012VK124    17.73      2.716006      0.059360      0.192863       369 
  2017SS160    17.73      2.694868      0.054664      0.197055       369 
   2010US60    17.74      2.715769      0.051155      0.195717       369 
  2017SH210    17.74      2.725201      0.059533      0.192454       369 
     594699    17.75      2.581549      0.053710      0.203984       369 
   2015DZ37    17.75      2.686023      0.055024      0.193502       369 
   2020BT65    17.75      2.717176      0.053784      0.196877       369 
  2015PM100    17.75      2.621106      0.058907      0.200107       369 
     577753    17.76      2.595852      0.055582      0.201538       369 
   2014JJ92    17.76      2.646372      0.059258      0.201160       369 
  2002CT279    17.76      2.591458      0.051621      0.204905       369 
  2013WO137    17.76      2.698451      0.058257      0.195531       369 
  2015AD117    17.76      2.588327      0.057986      0.204319       369 
  2015OH141    17.76      2.714970      0.049985      0.195490       369 
  2015RG136    17.76      2.697872      0.057009      0.197425       369 
  2009BS196    17.77      2.674984      0.055048      0.201406       369 
  2014SX358    17.77      2.657994      0.051868      0.200412       369 
  2016CG197    17.77      2.613966      0.054243      0.203580       369 
  2016GN265    17.77      2.609288      0.057959      0.204019       369 
     603004    17.78      2.664193      0.056171      0.201908       369 
   2019AM95    17.78      2.594784      0.055292      0.202481       369 
  2005TT193    17.78      2.698120      0.058472      0.197585       369 
  2005UY552    17.78      2.617954      0.058168      0.202050       369 
   2015MS42    17.79      2.577206      0.058152      0.203451       369 
  2006QX195    17.79      2.694822      0.056386      0.198060       369 
  2016CW364    17.79      2.713901      0.059770      0.193981       369 
     605687    17.80      2.579374      0.051816      0.204603       369 
   2011FQ37    17.80      2.571189      0.055652      0.203261       369 
   2016FY41    17.80      2.685374      0.049550      0.193346       369 
  2008CB231    17.80      2.715117      0.056447      0.194431       369 
  2013YS155    17.80      2.599744      0.053561      0.202951       369 
  2015XS149    17.80      2.710905      0.062585      0.199510       369 
  2021RD135    17.80      2.700476      0.059266      0.193360       369 
   2008FW24    17.81      2.693169      0.055926      0.194857       369 
  2008UJ379    17.81      2.592860      0.059698      0.204164       369 
  2016CX391    17.81      2.719473      0.054523      0.192363       369 
     518216    17.82      2.613935      0.055991      0.203018       369 
   2013NK46    17.82      2.725613      0.051224      0.191301       369 
   2017QR93    17.82      2.618960      0.053349      0.204456       369 
  2012UF224    17.82      2.709759      0.062571      0.197170       369 
  2017OH135    17.83      2.720776      0.058174      0.193700       369 
  2021PK154    17.83      2.584825      0.057084      0.203564       369 
   2017XE73    17.84      2.604905      0.057324      0.201725       369 
  2015BE579    17.84      2.586987      0.055472      0.200071       369 
  2016AY358    17.84      2.704444      0.057426      0.194146       369 
     561444    17.85      2.583197      0.056611      0.205249       369 
   2012BK43    17.85      2.707468      0.052075      0.194017       369 
   2012SW65    17.85      2.678864      0.057258      0.198528       369 
   2014OW89    17.85      2.591283      0.060142      0.202265       369 
  2008SC333    17.85      2.587969      0.056270      0.201956       369 
   2013VR70    17.86      2.702536      0.060172      0.197859       369 
   2016EV12    17.86      2.644969      0.054977      0.201193       369 
   2017RM29    17.86      2.700700      0.047732      0.194869       369 
  2015DC305    17.86      2.691863      0.052456      0.195335       369 
  2015BG378    17.87      2.693151      0.057738      0.198012       369 
  2015FU100    17.87      2.718451      0.057544      0.194884       369 
  2015TL140    17.88      2.658482      0.054508      0.203955       369 
  2016GM107    17.88      2.702459      0.055170      0.192521       369 
     578025    17.89      2.596829      0.051165      0.200620       369 
   2015BU49    17.89      2.571276      0.060380      0.204458       369 
  2014DJ178    17.89      2.580302      0.060767      0.203462       369 
  2017UE121    17.90      2.619038      0.056605      0.201315       369 
     598442    17.91      2.598277      0.059727      0.203814       369 
   2009OG12    17.91      2.578031      0.052875      0.203809       369 
   2018NG25    17.91      2.703280      0.061231      0.193342       369 
   2021UY47    17.92      2.643406      0.059496      0.202471       369 
  2006VZ182    17.92      2.614132      0.052218      0.201270       369 
  2007RU371    17.92      2.579478      0.054916      0.203767       369 
  2011UQ488    17.92      2.584337      0.051733      0.202649       369 
  2013GL148    17.92      2.569771      0.056505      0.204683       369 
  2016EQ277    17.92      2.694561      0.056263      0.194720       369 
     601106    17.93      2.588957      0.058332      0.201553       369 
  2006SR430    17.93      2.581499      0.057708      0.205072       369 
  2006UF195    17.93      2.714812      0.060599      0.194535       369 
     525734    17.94      2.640368      0.055556      0.201587       369 
   2017PY21    17.94      2.716340      0.058539      0.192639       369 
  2021PM118    17.94      2.701537      0.054241      0.195198       369 
     532108    17.95      2.571587      0.059742      0.204848       369 
   2014GQ80    17.95      2.700797      0.053815      0.196191       369 
   2015KS70    17.95      2.574880      0.054921      0.204520       369 
  2015TL466    17.95      2.588444      0.055002      0.201055       369 
  2016TD142    17.95      2.650710      0.052038      0.201110       369 
   2014TE63    17.96      2.698240      0.058834      0.198546       369 
   2018CN20    17.96      2.710404      0.058820      0.197991       369 
  2011WJ156    17.96      2.610123      0.058112      0.203984       369 
  2016AB357    17.96      2.684572      0.062772      0.195175       369 
   2016BZ83    17.97      2.646548      0.055024      0.200272       369 
   2019TW35    17.97      2.676154      0.058666      0.202376       369 
  2015OG170    17.97      2.593879      0.058833      0.204563       369 
  2015RV338    17.97      2.676099      0.054797      0.203180       369 
  2019GK134    17.97      2.701491      0.058914      0.195396       369 
   2011CX23    17.98      2.712440      0.051563      0.191097       369 
   2017BV75    17.98      2.607018      0.062356      0.203525       369 
  2009BF153    17.98      2.644595      0.053824      0.203950       369 
  2013AW157    17.98      2.702430      0.056102      0.194912       369 
  2016PD162    17.98      2.577877      0.051475      0.202629       369 
   2014VD38    17.99      2.592687      0.057364      0.204113       369 
   2017PF70    17.99      2.713321      0.064412      0.200446       369 
  2007RK267    17.99      2.652597      0.052676      0.203227       369 
  2015BL503    17.99      2.684365      0.053159      0.192784       369 
  2015PY143    17.99      2.609461      0.050624      0.201238       369 
   2017FY60    18.00      2.620353      0.052255      0.203778       369 
   2017YX53    18.00      2.712876      0.051794      0.193561       369 
  2017SF283    18.00      2.574298      0.054546      0.203559       369 
  2014OV432    18.01      2.709784      0.055235      0.195046       369 
  2018VL132    18.01      2.709030      0.057953      0.197993       369 
  2021RK107    18.01      2.701561      0.057248      0.197152       369 
   2014BX11    18.02      2.634173      0.058262      0.202271       369 
   2017WA57    18.02      2.704418      0.060147      0.199509       369 
  2016AV249    18.02      2.589287      0.050656      0.202389       369 
   2013BX94    18.03      2.634924      0.054877      0.203406       369 
   2018TA30    18.03      2.653398      0.057149      0.202719       369 
  2010VD267    18.03      2.724239      0.056407      0.195700       369 
  2013WC117    18.03      2.697976      0.056506      0.192180       369 
  2017BS205    18.03      2.674836      0.056459      0.201878       369 
   2015AH74    18.04      2.706634      0.058953      0.199614       369 
  2012TF381    18.04      2.707215      0.052877      0.196645       369 
   2019SY60    18.05      2.700489      0.054658      0.196006       369 
  2015MZ145    18.05      2.579787      0.055637      0.202898       369 
   2020TX80    18.07      2.694598      0.057240      0.193887       369 
  2011UM414    18.07      2.577102      0.055037      0.203865       369 
   2016FL85    18.09      2.641642      0.060652      0.201077       369 
   2017DM52    18.09      2.594529      0.052761      0.203238       369 
  2003SD463    18.09      2.708300      0.052335      0.193777       369 
  2007TX400    18.09      2.709840      0.051985      0.195835       369 
  2014EA229    18.09      2.686581      0.050441      0.195407       369 
  2019JZ106    18.09      2.654633      0.053028      0.201890       369 
   2021PF13    18.10      2.719477      0.050764      0.190395       369 
  2013GU157    18.10      2.610217      0.055082      0.200146       369 
   2011RS37    18.11      2.616335      0.053342      0.200825       369 
   2021RL46    18.11      2.686689      0.054028      0.199632       369 
  2008RG181    18.11      2.604641      0.052443      0.202154       369 
   2019SS91    18.12      2.713174      0.056682      0.194904       369 
   2014RG90    18.13      2.591063      0.055752      0.203775       369 
  2017SC238    18.13      2.704407      0.046230      0.196623       369 
   2010UA78    18.14      2.676627      0.057107      0.200066       369 
   2020BE18    18.17      2.592594      0.052548      0.203906       369 
   2020OW34    18.17      2.721471      0.061520      0.194711       369 
   2020QR76    18.17      2.611426      0.058241      0.203867       369 
   2017PT45    18.18      2.661598      0.055462      0.203233       369 
   2020OG36    18.18      2.720944      0.056110      0.193589       369 
   2017XD83    18.19      2.675395      0.054839      0.199667       369 
   2021TD53    18.19      2.587440      0.056065      0.203967       369 
  2017SQ211    18.19      2.615006      0.057968      0.202522       369 
   2011RB33    18.20      2.701525      0.054466      0.198108       369 
   2012UE11    18.20      2.714702      0.062952      0.194337       369 
  2007TK298    18.20      2.702818      0.058871      0.199045       369 
  2016PX247    18.20      2.622925      0.058509      0.203178       369 
  2009WQ141    18.21      2.660131      0.054535      0.202140       369 
  2017UE179    18.21      2.688551      0.060827      0.197404       369 
  2016EV104    18.22      2.596579      0.050426      0.201845       369 
   2012QG73    18.23      2.690443      0.058280      0.198531       369 
   2016BW90    18.23      2.634755      0.058971      0.201890       369 
   2020BK63    18.23      2.717245      0.064234      0.199680       369 
  2014DW174    18.23      2.643751      0.057375      0.200897       369 
  2015BR473    18.23      2.574158      0.055400      0.204191       369 
  2015DD274    18.23      2.568213      0.058855      0.202936       369 
  2021GK112    18.23      2.621936      0.056594      0.203770       369 
  2017QA134    18.24      2.592834      0.057760      0.202549       369 
  2015DY291    18.26      2.630043      0.055597      0.202727       369 
     556907    18.27      2.599258      0.051385      0.202659       369 
   2016VA62    18.27      2.568998      0.055853      0.203828       369 
   2019SA54    18.27      2.716264      0.059608      0.194187       369 
  2015XO360    18.27      2.595195      0.050802      0.200526       369 
   2017WC46    18.28      2.614320      0.055269      0.200912       369 
   2018AT42    18.31      2.591963      0.058982      0.202784       369 
   2020HT94    18.31      2.707583      0.058610      0.197437       369 
  2016ER278    18.32      2.576489      0.057045      0.204005       369 
   2019RR76    18.33      2.581860      0.055895      0.202138       369 
   2020MY42    18.35      2.677029      0.055836      0.200708       369 
  2021RL181    18.35      2.576826      0.052048      0.205707       369 
  2007TX284    18.38      2.568636      0.055006      0.201648       369 
  2017OF137    18.41      2.567878      0.054557      0.202193       369 
  2015XM472    18.43      2.670958      0.054076      0.201279       369 
   2018MS14    18.44      2.707128      0.049397      0.194542       369 
  2006VX182    18.45      2.565996      0.060035      0.204561       369 
   2021UH61    18.47      2.573993      0.056777      0.204266       369 
  2013WG139    18.48      2.619906      0.056704      0.203461       369 
  2016CP305    18.49      2.575203      0.059627      0.203823       369 
  2017SZ248    18.55      2.694928      0.055658      0.195761       369 
   2017VL55    18.58      2.612592      0.056204      0.200756       369 
  2012TA383    18.61      2.706658      0.046087      0.194452       369 
  2009UA191    18.62      2.577114      0.057471      0.204466       369 
  2015HY252    18.70      2.691740      0.056335      0.198980       369 
   2017VD57    18.71      2.587534      0.060007      0.202655       369 
  2017SY281    18.72      2.568212      0.059499      0.204094       369 
  2015HL250    18.73      2.651228      0.054041      0.203207       369 
