        500     9.29      2.612891      0.103502      0.189506      3811 
       3811    11.90      2.576621      0.106495      0.186520      3811 
      35623    13.43      2.609974      0.108842      0.185871      3811 
      38685    13.91      2.606585      0.107934      0.189356      3811 
      41994    14.09      2.625842      0.103673      0.188470      3811 
      26552    14.10      2.582809      0.107958      0.187310      3811 
      52207    14.23      2.551484      0.114887      0.192926      3811 
      36126    14.32      2.618295      0.109682      0.188832      3811 
      44839    14.32      2.589492      0.108162      0.187579      3811 
      92963    14.33      2.587168      0.107331      0.187330      3811 
      27420    14.36      2.565467      0.104871      0.186544      3811 
     109193    14.47      2.610215      0.111354      0.187919      3811 
     122617    14.68      2.562270      0.108080      0.188170      3811 
      67257    14.70      2.561919      0.106290      0.187554      3811 
      79198    14.70      2.570119      0.105016      0.186378      3811 
      40956    14.77      2.583082      0.105838      0.186472      3811 
      56121    14.79      2.560660      0.108290      0.188559      3811 
      40628    14.81      2.557955      0.107053      0.188387      3811 
      85915    14.82      2.567266      0.107272      0.187767      3811 
      93502    14.89      2.559915      0.103741      0.186855      3811 
     113920    14.93      2.560348      0.105492      0.186909      3811 
      70841    15.01      2.562774      0.106067      0.187197      3811 
      78566    15.19      2.557107      0.105223      0.186025      3811 
     106840    15.26      2.561670      0.106868      0.188281      3811 
     123047    15.27      2.553809      0.103058      0.187363      3811 
     120648    15.29      2.555470      0.109749      0.189222      3811 
     116016    15.34      2.595293      0.107822      0.186295      3811 
      45377    15.41      2.555966      0.108770      0.189140      3811 
     138123    15.41      2.560049      0.105608      0.186178      3811 
      95989    15.47      2.599753      0.106513      0.186616      3811 
     179938    15.48      2.592151      0.105385      0.184406      3811 
      90868    15.49      2.628654      0.104441      0.183272      3811 
     198176    15.54      2.549787      0.103160      0.186974      3811 
     222607    15.55      2.595004      0.108008      0.187177      3811 
     222571    15.59      2.564669      0.105332      0.187318      3811 
     113405    15.63      2.560739      0.106613      0.185637      3811 
     146390    15.63      2.611183      0.107364      0.184340      3811 
     222583    15.64      2.596964      0.106118      0.185691      3811 
     109499    15.68      2.579097      0.106599      0.186687      3811 
     204480    15.69      2.561808      0.103965      0.187581      3811 
     218660    15.71      2.586671      0.107793      0.187202      3811 
     151279    15.74      2.624457      0.104639      0.187322      3811 
     148835    15.76      2.590278      0.105146      0.187599      3811 
     144899    15.79      2.547428      0.106064      0.186378      3811 
     158079    15.80      2.551518      0.102534      0.184882      3811 
     138444    15.81      2.553990      0.105140      0.185389      3811 
     264543    15.81      2.587753      0.102832      0.186711      3811 
     210606    15.85      2.584661      0.107312      0.187729      3811 
     147507    15.86      2.544089      0.101320      0.184986      3811 
     219682    15.87      2.550099      0.104311      0.185657      3811 
     150973    15.88      2.553369      0.106180      0.188103      3811 
     376906    15.91      2.556005      0.108139      0.188081      3811 
     129926    15.95      2.557349      0.104465      0.187131      3811 
     147549    15.97      2.539509      0.114559      0.193424      3811 
     156377    15.97      2.551983      0.107373      0.187167      3811 
     161072    15.97      2.597374      0.106076      0.187833      3811 
     155747    15.98      2.552797      0.106246      0.186290      3811 
     122686    16.02      2.549608      0.103882      0.187946      3811 
     241975    16.03      2.553565      0.104764      0.186905      3811 
     306901    16.04      2.589914      0.106082      0.187774      3811 
     240957    16.05      2.574571      0.107472      0.187053      3811 
     177511    16.06      2.569027      0.106329      0.186332      3811 
     148548    16.08      2.606749      0.106106      0.186182      3811 
     243041    16.08      2.548880      0.102287      0.186921      3811 
     350568    16.09      2.547062      0.103383      0.187332      3811 
     260814    16.11      2.566453      0.106641      0.187164      3811 
     288476    16.11      2.605854      0.106584      0.185742      3811 
     282094    16.12      2.621270      0.110315      0.186709      3811 
     242496    16.13      2.551839      0.109896      0.189974      3811 
     155788    16.16      2.549576      0.106830      0.187423      3811 
     206392    16.16      2.601610      0.107649      0.186547      3811 
     236235    16.16      2.585565      0.105410      0.187292      3811 
     296823    16.16      2.549096      0.105785      0.187048      3811 
     179062    16.17      2.555901      0.108076      0.187971      3811 
     243464    16.19      2.603838      0.107563      0.185708      3811 
     253070    16.19      2.543548      0.112904      0.193235      3811 
  2014OB157    16.21      2.603031      0.107505      0.185616      3811 
     228583    16.22      2.575265      0.104874      0.185719      3811 
     339239    16.22      2.599485      0.106573      0.186972      3811 
     232181    16.23      2.546150      0.095949      0.181594      3811 
     225820    16.25      2.550224      0.103719      0.187662      3811 
     238264    16.28      2.589614      0.105620      0.185501      3811 
     287123    16.28      2.552956      0.103982      0.186146      3811 
   2012VZ16    16.30      2.602674      0.107132      0.186550      3811 
     167427    16.32      2.579032      0.108290      0.186968      3811 
     243511    16.33      2.573687      0.105800      0.186782      3811 
     278993    16.33      2.551716      0.108281      0.188145      3811 
     291630    16.33      2.573593      0.107036      0.187967      3811 
     161317    16.34      2.543058      0.095323      0.180873      3811 
     375950    16.34      2.560564      0.103525      0.188088      3811 
     384871    16.35      2.546388      0.109253      0.187390      3811 
     208750    16.36      2.610079      0.105038      0.187020      3811 
     482582    16.36      2.547308      0.105410      0.184960      3811 
     242436    16.38      2.549430      0.102227      0.185361      3811 
     259154    16.38      2.544320      0.096797      0.182650      3811 
     188278    16.41      2.546962      0.106344      0.187771      3811 
     247972    16.41      2.543154      0.095740      0.179939      3811 
     282643    16.42      2.556722      0.109189      0.189425      3811 
     388227    16.44      2.571876      0.105318      0.186188      3811 
     323443    16.45      2.544326      0.100521      0.183989      3811 
     476996    16.45      2.538162      0.115323      0.194384      3811 
     291760    16.49      2.548540      0.109826      0.187440      3811 
     182518    16.50      2.533948      0.107846      0.190771      3811 
     330092    16.50      2.604919      0.108352      0.185973      3811 
     408668    16.50      2.571442      0.104455      0.184518      3811 
     242223    16.51      2.543062      0.110658      0.190940      3811 
     396400    16.51      2.534390      0.106106      0.188570      3811 
     455166    16.52      2.597021      0.107164      0.185838      3811 
     239025    16.53      2.543629      0.099829      0.184072      3811 
     190240    16.55      2.556274      0.106255      0.188143      3811 
     276868    16.55      2.541779      0.096758      0.183853      3811 
     355397    16.55      2.538600      0.097972      0.184888      3811 
     376438    16.56      2.578012      0.106591      0.187707      3811 
     263899    16.57      2.583918      0.105353      0.188647      3811 
     346549    16.57      2.539955      0.114091      0.190419      3811 
     355379    16.59      2.594760      0.110065      0.189924      3811 
     496512    16.59      2.599062      0.106889      0.187713      3811 
     417175    16.61      2.632422      0.102927      0.187308      3811 
     443284    16.61      2.548952      0.103899      0.189025      3811 
     420680    16.62      2.602265      0.107233      0.187089      3811 
     240414    16.63      2.547340      0.109758      0.188450      3811 
     395842    16.64      2.545255      0.102515      0.187959      3811 
     429823    16.64      2.580944      0.108619      0.189180      3811 
   2013WT23    16.64      2.572579      0.106112      0.187648      3811 
     449190    16.66      2.603451      0.107101      0.185503      3811 
     242841    16.68      2.543609      0.107262      0.187413      3811 
     193281    16.69      2.536454      0.097443      0.183660      3811 
     250464    16.70      2.615124      0.103118      0.184260      3811 
     606524    16.70      2.583375      0.105339      0.187494      3811 
     404253    16.71      2.565141      0.104919      0.186725      3811 
     332117    16.73      2.614938      0.103727      0.187507      3811 
     450834    16.73      2.600401      0.107021      0.186659      3811 
     275954    16.74      2.538900      0.104730      0.186998      3811 
     361216    16.74      2.586813      0.106028      0.186880      3811 
     309822    16.76      2.544359      0.102668      0.185540      3811 
     535671    16.77      2.596666      0.102982      0.185483      3811 
     324505    16.78      2.539260      0.105581      0.186673      3811 
     417013    16.78      2.576006      0.109225      0.188011      3811 
     322794    16.80      2.564179      0.105497      0.186598      3811 
     421239    16.81      2.548600      0.099139      0.184267      3811 
     243280    16.82      2.547019      0.101727      0.183993      3811 
     295211    16.84      2.544248      0.105951      0.188062      3811 
     545286    16.84      2.540176      0.104722      0.187699      3811 
     467225    16.85      2.600534      0.106220      0.189364      3811 
     503297    16.85      2.542509      0.109257      0.189881      3811 
     308218    16.86      2.582374      0.104381      0.185944      3811 
     313469    16.86      2.598060      0.105226      0.187833      3811 
     401674    16.87      2.531085      0.117573      0.193598      3811 
     562114    16.87      2.576719      0.106487      0.188613      3811 
   2004YC17    16.87      2.611797      0.106351      0.184633      3811 
     396767    16.88      2.614547      0.105993      0.185486      3811 
     446088    16.88      2.536035      0.107647      0.189412      3811 
  2015TE111    16.88      2.613682      0.105869      0.187191      3811 
     386917    16.89      2.545442      0.097750      0.182427      3811 
     301582    16.90      2.543058      0.110913      0.191436      3811 
     390741    16.90      2.539490      0.113990      0.193099      3811 
     407553    16.90      2.584761      0.108355      0.187100      3811 
     469921    16.90      2.552254      0.105872      0.186659      3811 
     517669    16.90      2.590808      0.109320      0.189223      3811 
     286006    16.91      2.627499      0.102327      0.187875      3811 
     331161    16.91      2.619694      0.108389      0.187152      3811 
     398017    16.91      2.616623      0.104762      0.189365      3811 
     535610    16.91      2.608672      0.106679      0.186339      3811 
  2016CV299    16.91      2.614921      0.105170      0.184024      3811 
     403564    16.92      2.614122      0.103281      0.188097      3811 
     321785    16.93      2.588140      0.105722      0.187184      3811 
     484792    16.93      2.538814      0.103561      0.186431      3811 
     603515    16.93      2.596867      0.106078      0.187201      3811 
     363347    16.95      2.547155      0.100608      0.183951      3811 
     529477    16.96      2.543842      0.112895      0.192290      3811 
  2015FU288    16.96      2.607771      0.105388      0.184947      3811 
     535188    16.98      2.609363      0.105285      0.186355      3811 
   2016YW13    16.98      2.553804      0.109279      0.191351      3811 
  2010CR119    16.98      2.614961      0.108562      0.189183      3811 
   2015BP99    16.99      2.624835      0.111373      0.187247      3811 
     306360    17.00      2.594373      0.105263      0.184481      3811 
     472999    17.00      2.545066      0.103005      0.185474      3811 
     492809    17.00      2.604990      0.107104      0.187256      3811 
     578055    17.01      2.603450      0.108167      0.182388      3811 
     364709    17.02      2.618241      0.110965      0.186168      3811 
     371667    17.02      2.533441      0.096674      0.183729      3811 
     415579    17.02      2.547134      0.098826      0.183067      3811 
     412366    17.03      2.611667      0.108446      0.186278      3811 
     468337    17.03      2.537333      0.107591      0.187153      3811 
  2012UT179    17.03      2.578993      0.103783      0.186778      3811 
     414205    17.04      2.539604      0.110926      0.191017      3811 
     473052    17.04      2.599147      0.105968      0.188116      3811 
   2014NH42    17.04      2.539316      0.106334      0.188517      3811 
     522990    17.05      2.538041      0.098248      0.184395      3811 
   2012DS61    17.05      2.538886      0.110191      0.189684      3811 
     508287    17.06      2.610960      0.108000      0.186176      3811 
     356286    17.07      2.623842      0.103499      0.185407      3811 
     608560    17.07      2.618995      0.107704      0.186757      3811 
     507175    17.08      2.614965      0.101637      0.183454      3811 
    2011HL9    17.08      2.612084      0.107122      0.185747      3811 
     411229    17.09      2.591875      0.105262      0.185252      3811 
     518840    17.09      2.548272      0.103883      0.184330      3811 
     384387    17.10      2.558428      0.108197      0.186739      3811 
   2007MO23    17.10      2.608224      0.105834      0.186741      3811 
     369106    17.11      2.594666      0.106854      0.186582      3811 
     401167    17.11      2.544091      0.100748      0.183740      3811 
     486875    17.11      2.563148      0.105790      0.187121      3811 
     570778    17.11      2.559093      0.110096      0.190195      3811 
     579801    17.11      2.530590      0.116329      0.195401      3811 
     462794    17.12      2.624254      0.104143      0.182722      3811 
     398425    17.13      2.610819      0.107658      0.186874      3811 
  2015ML138    17.13      2.613550      0.105979      0.186058      3811 
     247849    17.14      2.535426      0.100434      0.185753      3811 
   2013QJ45    17.14      2.628801      0.106660      0.185536      3811 
   2016AX90    17.14      2.607815      0.107456      0.186216      3811 
     421816    17.15      2.534537      0.106951      0.187490      3811 
  2014WM359    17.16      2.557737      0.102564      0.184585      3811 
   2015HZ58    17.17      2.606004      0.106793      0.187308      3811 
  2012XR145    17.17      2.535726      0.099103      0.181766      3811 
     415121    17.18      2.620542      0.103335      0.186965      3811 
     473102    17.18      2.615536      0.106883      0.186305      3811 
     526086    17.19      2.591057      0.105403      0.187739      3811 
     537843    17.19      2.534008      0.115988      0.194771      3811 
     287147    17.20      2.564472      0.107752      0.190890      3811 
     489743    17.20      2.624443      0.109269      0.185077      3811 
  2016CS129    17.20      2.612557      0.105473      0.186788      3811 
     476706    17.22      2.532445      0.117813      0.193491      3811 
     496338    17.22      2.618245      0.108374      0.186305      3811 
     521939    17.22      2.534926      0.113211      0.191101      3811 
     359118    17.23      2.604896      0.107700      0.187396      3811 
     485665    17.23      2.611475      0.106477      0.187072      3811 
     590008    17.23      2.538965      0.095656      0.181051      3811 
   2015YB27    17.23      2.596387      0.108257      0.185646      3811 
     427986    17.24      2.616342      0.109257      0.185359      3811 
     584752    17.24      2.626866      0.107411      0.186697      3811 
     357641    17.25      2.543154      0.104143      0.187989      3811 
     464913    17.25      2.612949      0.106007      0.186557      3811 
     542781    17.25      2.556258      0.108854      0.189986      3811 
   2018RG14    17.25      2.605889      0.109353      0.180795      3811 
  2016TF133    17.25      2.595458      0.106203      0.186148      3811 
     456498    17.27      2.605207      0.107337      0.188788      3811 
     525024    17.27      2.620048      0.107538      0.183982      3811 
     529565    17.27      2.578622      0.106191      0.188486      3811 
   2013WL49    17.27      2.545423      0.096786      0.181983      3811 
   2016NT17    17.27      2.550952      0.105005      0.187857      3811 
     565737    17.28      2.622897      0.109713      0.185872      3811 
   2012PR42    17.28      2.537053      0.106389      0.189321      3811 
   2015TW72    17.28      2.600602      0.107081      0.186878      3811 
  2002ET103    17.28      2.592950      0.109406      0.189318      3811 
     406709    17.29      2.616357      0.106056      0.185529      3811 
     514211    17.29      2.617084      0.107980      0.184171      3811 
  2003UZ115    17.29      2.628880      0.108860      0.186062      3811 
     441911    17.30      2.536743      0.095102      0.181695      3811 
     504087    17.30      2.614950      0.108054      0.185130      3811 
     485598    17.31      2.539013      0.099186      0.186440      3811 
     553992    17.31      2.621516      0.104647      0.185206      3811 
     443371    17.32      2.536235      0.110411      0.190901      3811 
     592758    17.32      2.606190      0.107740      0.187003      3811 
     596653    17.32      2.606608      0.108014      0.186552      3811 
   2010HC18    17.32      2.602810      0.108586      0.187700      3811 
   2011GY14    17.33      2.605076      0.106936      0.187550      3811 
  2005WD142    17.33      2.610090      0.107790      0.187725      3811 
     414771    17.34      2.543599      0.112266      0.192420      3811 
     476881    17.34      2.610040      0.105630      0.188171      3811 
     515059    17.34      2.564315      0.103753      0.186760      3811 
     532429    17.34      2.602211      0.106962      0.186960      3811 
     353030    17.35      2.600293      0.105789      0.186289      3811 
     563454    17.35      2.588575      0.107252      0.186562      3811 
   2014NL24    17.35      2.595875      0.107419      0.186419      3811 
     502773    17.36      2.619075      0.107693      0.183943      3811 
     595686    17.36      2.613634      0.106314      0.185074      3811 
   2018SV12    17.36      2.562970      0.106787      0.187000      3811 
     247845    17.37      2.539495      0.105184      0.187049      3811 
     561935    17.37      2.599310      0.106876      0.185462      3811 
     402585    17.38      2.602097      0.106990      0.185694      3811 
     487245    17.39      2.564989      0.109501      0.190590      3811 
     346485    17.40      2.546032      0.107865      0.189084      3811 
     539510    17.40      2.617198      0.102583      0.185261      3811 
     511930    17.41      2.530813      0.116986      0.194527      3811 
  2014QC283    17.41      2.585865      0.105811      0.185919      3811 
     536801    17.43      2.579825      0.107522      0.188124      3811 
     586413    17.43      2.621456      0.103023      0.187474      3811 
  2013PO123    17.43      2.546684      0.098121      0.184544      3811 
  2014WS308    17.44      2.610438      0.106294      0.185471      3811 
     433095    17.45      2.538553      0.106616      0.187328      3811 
     524250    17.47      2.610752      0.107261      0.185825      3811 
   2008SJ16    17.47      2.622693      0.104930      0.187920      3811 
     518575    17.48      2.564545      0.104798      0.185873      3811 
     576216    17.48      2.616388      0.106638      0.186143      3811 
     535591    17.50      2.591400      0.105302      0.186101      3811 
     600852    17.50      2.592077      0.107715      0.186596      3811 
   2017WC18    17.50      2.579785      0.107322      0.186410      3811 
     538880    17.51      2.537836      0.105429      0.186413      3811 
     592779    17.51      2.530232      0.106398      0.185144      3811 
   2015UG66    17.51      2.563789      0.103997      0.188185      3811 
   2016XB17    17.51      2.546705      0.102434      0.184010      3811 
     579926    17.52      2.562597      0.104727      0.187340      3811 
   2005PB18    17.52      2.539674      0.100643      0.181938      3811 
  2013AL148    17.52      2.617556      0.107856      0.186480      3811 
     596607    17.53      2.580741      0.107399      0.187086      3811 
   2011OQ12    17.53      2.541465      0.111093      0.189682      3811 
   2015MK83    17.53      2.607894      0.107572      0.187671      3811 
  2002PT177    17.53      2.624414      0.102092      0.184192      3811 
  2012UG202    17.54      2.618966      0.102427      0.186598      3811 
     574361    17.55      2.620507      0.104372      0.185879      3811 
    2014KJ9    17.55      2.560259      0.113945      0.192006      3811 
  2016CH353    17.55      2.546433      0.115018      0.193077      3811 
     603459    17.56      2.563330      0.105572      0.187199      3811 
     492777    17.57      2.612773      0.107125      0.183769      3811 
     515843    17.57      2.585464      0.105933      0.186036      3811 
     569835    17.57      2.605334      0.108231      0.185061      3811 
  2011WS167    17.58      2.583550      0.107310      0.187688      3811 
  2007TN221    17.59      2.609392      0.109524      0.186022      3811 
  2009WH280    17.59      2.548696      0.099313      0.183816      3811 
     386754    17.60      2.559786      0.107494      0.188237      3811 
     575209    17.60      2.591295      0.108157      0.185960      3811 
   2011MO13    17.60      2.610211      0.108690      0.186776      3811 
   2016SU31    17.60      2.562291      0.105987      0.185961      3811 
   2017DO61    17.60      2.608464      0.105996      0.185957      3811 
  2008CJ230    17.60      2.606651      0.106050      0.186693      3811 
     517025    17.61      2.615939      0.107995      0.187688      3811 
     517345    17.61      2.607245      0.106034      0.186346      3811 
     583189    17.61      2.564367      0.106793      0.187927      3811 
     586719    17.61      2.591106      0.106494      0.189002      3811 
   2018NX35    17.61      2.627584      0.108319      0.187423      3811 
     547265    17.62      2.627073      0.103991      0.184733      3811 
   2016CZ45    17.62      2.618966      0.109706      0.186954      3811 
     491132    17.63      2.552068      0.107198      0.190006      3811 
     537033    17.63      2.576456      0.108502      0.189423      3811 
   2009EF13    17.63      2.549784      0.101715      0.186053      3811 
  2016AK126    17.63      2.614077      0.106009      0.188242      3811 
     565868    17.64      2.583421      0.106173      0.186504      3811 
     590068    17.64      2.543862      0.099552      0.186754      3811 
   2018UB21    17.64      2.579699      0.107249      0.186133      3811 
     487066    17.65      2.592697      0.107142      0.187917      3811 
  2010OY122    17.65      2.575217      0.104971      0.187458      3811 
   2007BH99    17.66      2.614897      0.111006      0.187442      3811 
  2005WV133    17.66      2.573989      0.107370      0.187399      3811 
     499777    17.68      2.601274      0.105045      0.185313      3811 
     606916    17.68      2.543067      0.112074      0.189777      3811 
   2011GB92    17.69      2.582389      0.106470      0.186491      3811 
  2008ER129    17.69      2.571293      0.105867      0.187720      3811 
   2016NX70    17.70      2.625917      0.109413      0.187413      3811 
  2008UW389    17.70      2.567414      0.105737      0.187366      3811 
     577809    17.71      2.544077      0.101995      0.184751      3811 
   2014YL54    17.71      2.612696      0.106239      0.188057      3811 
   2017AF47    17.71      2.580658      0.106779      0.186433      3811 
  2018VR126    17.71      2.569494      0.104644      0.184921      3811 
   2011FB54    17.72      2.544451      0.101524      0.185742      3811 
     550742    17.73      2.620753      0.107322      0.185457      3811 
   2000JF92    17.73      2.625461      0.106248      0.185061      3811 
  2015KB148    17.73      2.544313      0.105833      0.185626      3811 
     425721    17.74      2.538261      0.113058      0.191180      3811 
   2010LA74    17.74      2.534176      0.109587      0.189168      3811 
   2021GK12    17.74      2.533348      0.102219      0.184565      3811 
   2021MQ18    17.74      2.590529      0.109080      0.188976      3811 
  2015FK284    17.74      2.536498      0.098877      0.186482      3811 
     523543    17.75      2.557282      0.105219      0.184414      3811 
     586656    17.75      2.532922      0.111347      0.191698      3811 
  2015DL288    17.75      2.573604      0.109859      0.188051      3811 
     522987    17.76      2.539756      0.099484      0.182834      3811 
     549985    17.76      2.544259      0.111764      0.191507      3811 
    2006MB3    17.76      2.562161      0.109085      0.187236      3811 
    2016QJ5    17.76      2.554520      0.102730      0.186726      3811 
    2017BR2    17.76      2.590495      0.106793      0.188179      3811 
   2015PP63    17.76      2.552738      0.108653      0.190180      3811 
     541764    17.77      2.581032      0.106810      0.185640      3811 
  2013YU123    17.77      2.619850      0.105856      0.188830      3811 
  2017BX149    17.77      2.539327      0.102464      0.185841      3811 
   2018NS32    17.78      2.616709      0.104646      0.184593      3811 
    2017GB3    17.79      2.546558      0.103105      0.183498      3811 
   2010OK65    17.79      2.552480      0.106642      0.187654      3811 
   2016LG21    17.80      2.580274      0.109314      0.188543      3811 
  2013AN154    17.80      2.544922      0.102752      0.184830      3811 
     480403    17.81      2.552728      0.107099      0.188103      3811 
   2009EB35    17.81      2.592176      0.104551      0.187568      3811 
     539669    17.82      2.559060      0.107120      0.186106      3811 
   2014NE67    17.82      2.631004      0.104384      0.183034      3811 
  2015MR174    17.82      2.613708      0.107998      0.186998      3811 
     453399    17.83      2.532662      0.113331      0.192133      3811 
     448830    17.84      2.585417      0.110813      0.187481      3811 
   2012MP18    17.84      2.623954      0.110501      0.184539      3811 
   2015CX44    17.84      2.609221      0.110347      0.185947      3811 
   2016WG38    17.84      2.547459      0.105179      0.183451      3811 
   2021SN48    17.84      2.544334      0.106744      0.186956      3811 
  2017ST111    17.84      2.611442      0.108147      0.186074      3811 
     563549    17.85      2.544940      0.111276      0.190453      3811 
  2015XX189    17.85      2.556189      0.107410      0.188715      3811 
     495912    17.86      2.623009      0.108917      0.187808      3811 
   2014HA39    17.86      2.621465      0.103048      0.184522      3811 
   2016PF97    17.86      2.600476      0.107576      0.185721      3811 
  2014SJ186    17.86      2.629408      0.103327      0.185820      3811 
   2006FR57    17.87      2.537405      0.098676      0.182788      3811 
   2020GJ14    17.87      2.587998      0.106871      0.185848      3811 
  2015BO215    17.87      2.610436      0.106199      0.186819      3811 
     445649    17.88      2.622629      0.105244      0.186522      3811 
  2015XQ477    17.88      2.592672      0.103508      0.185625      3811 
   2019KJ38    17.90      2.559811      0.111046      0.190722      3811 
  2014DX177    17.90      2.611038      0.107749      0.187920      3811 
     430012    17.91      2.554578      0.108427      0.188122      3811 
  2012UB220    17.91      2.605121      0.109275      0.190125      3811 
   2016TR80    17.92      2.611053      0.104639      0.185716      3811 
  2005US431    17.92      2.626780      0.102169      0.184107      3811 
  2015DB161    17.92      2.541733      0.100994      0.185755      3811 
  2016AF202    17.92      2.573450      0.105624      0.187089      3811 
     599480    17.93      2.584001      0.107791      0.186630      3811 
   2007FN19    17.93      2.531860      0.108674      0.191061      3811 
  2009WZ275    17.93      2.537749      0.096053      0.183964      3811 
  2012VC133    17.93      2.584861      0.107512      0.187854      3811 
   2017XN75    17.94      2.584448      0.107238      0.186706      3811 
  2001UO240    17.94      2.612661      0.106279      0.185472      3811 
  2015FB330    17.94      2.621944      0.104629      0.185459      3811 
  2015VZ153    17.94      2.554618      0.112422      0.191821      3811 
    2013MV8    17.95      2.552375      0.102847      0.184548      3811 
   2016ND68    17.95      2.562963      0.105728      0.187191      3811 
   2014HT17    17.96      2.614461      0.110963      0.186703      3811 
   2018BR22    17.96      2.570943      0.103113      0.184679      3811 
   2021QM83    17.96      2.625656      0.111581      0.186725      3811 
  2000CR154    17.96      2.588035      0.107026      0.188550      3811 
   2017UT11    17.97      2.598504      0.106821      0.187009      3811 
   2019JG32    17.98      2.586646      0.108341      0.187240      3811 
  2006UD152    17.98      2.559888      0.109909      0.191719      3811 
     563100    17.99      2.567301      0.107084      0.186849      3811 
   2012XW76    18.01      2.614997      0.106260      0.187109      3811 
    2010DT3    18.02      2.584698      0.104189      0.187873      3811 
  2016PK167    18.02      2.587559      0.103984      0.184800      3811 
     584577    18.03      2.538204      0.101730      0.185155      3811 
   2014SY68    18.03      2.600877      0.106156      0.186017      3811 
   2017AF28    18.03      2.599636      0.106795      0.189094      3811 
   2021GG40    18.03      2.593171      0.109638      0.189489      3811 
   2015OJ99    18.04      2.582954      0.107220      0.188757      3811 
   2016QS51    18.04      2.583301      0.107072      0.185825      3811 
   2016SQ90    18.05      2.587835      0.103975      0.184044      3811 
  2002TQ316    18.05      2.543897      0.113984      0.192562      3811 
  2008YP192    18.06      2.601594      0.108014      0.186515      3811 
  2013AW113    18.06      2.570298      0.106882      0.187311      3811 
  2014DF151    18.06      2.587511      0.107300      0.186495      3811 
     580378    18.07      2.562088      0.109243      0.190953      3811 
  2017FO170    18.07      2.579783      0.106461      0.189495      3811 
   2019MU28    18.08      2.555045      0.114355      0.191945      3811 
   2021JO29    18.08      2.533748      0.097332      0.183735      3811 
  2016TC128    18.08      2.629056      0.102701      0.186000      3811 
  2015DD246    18.09      2.609243      0.107822      0.188369      3811 
  2017UG149    18.09      2.606775      0.106425      0.185812      3811 
  2008GG140    18.11      2.583679      0.106662      0.186006      3811 
  2008TU213    18.11      2.563839      0.105051      0.187032      3811 
  2015RC263    18.11      2.595734      0.106482      0.187103      3811 
     576131    18.12      2.616356      0.104929      0.184892      3811 
   2017KX41    18.12      2.555735      0.104572      0.187181      3811 
   2018PN59    18.12      2.592816      0.107458      0.186527      3811 
   2006JZ89    18.13      2.552098      0.105698      0.188387      3811 
   2016RA61    18.13      2.538312      0.100038      0.185913      3811 
  2006UP141    18.13      2.545679      0.100540      0.186383      3811 
  2014OX140    18.13      2.599121      0.105269      0.183631      3811 
     584300    18.14      2.585623      0.107676      0.187506      3811 
   2018YM11    18.14      2.542723      0.113177      0.189447      3811 
  2015XH481    18.14      2.553030      0.105897      0.187952      3811 
   2013FX40    18.15      2.583210      0.111985      0.187766      3811 
   2014HG27    18.15      2.563677      0.105745      0.187267      3811 
  2010CC206    18.15      2.537742      0.107423      0.189388      3811 
  2016CA313    18.15      2.589874      0.105128      0.185628      3811 
   2015PG91    18.16      2.547228      0.109382      0.187612      3811 
  2016CA318    18.17      2.546258      0.101352      0.184494      3811 
  2010TR234    18.18      2.620269      0.103373      0.186062      3811 
   2014AN76    18.19      2.603214      0.108812      0.182180      3811 
   2004QY38    18.20      2.554963      0.113885      0.191623      3811 
  2008RE184    18.20      2.614734      0.106781      0.183402      3811 
  2015XP359    18.20      2.541638      0.107120      0.188635      3811 
     616084    18.21      2.565609      0.108048      0.187387      3811 
   2020TD81    18.21      2.599660      0.108691      0.187307      3811 
   2021GP31    18.21      2.597864      0.105367      0.186389      3811 
  2014SV336    18.21      2.552731      0.102903      0.187166      3811 
  2016QH112    18.21      2.546376      0.114084      0.192442      3811 
   2017HO86    18.22      2.596338      0.107826      0.184191      3811 
   2007YT85    18.23      2.594219      0.104047      0.187663      3811 
   2009UK13    18.24      2.579064      0.105801      0.185855      3811 
   2017WZ16    18.26      2.559693      0.106579      0.184917      3811 
  2018VQ132    18.26      2.589579      0.106299      0.187743      3811 
   2016PH31    18.27      2.598680      0.106112      0.186592      3811 
  2014KP154    18.31      2.589065      0.102916      0.185768      3811 
  2015TX406    18.31      2.562966      0.105781      0.187226      3811 
   2017EW41    18.32      2.542363      0.113535      0.189856      3811 
   2019VJ22    18.32      2.603863      0.108619      0.184017      3811 
  2005UY467    18.32      2.549815      0.108137      0.186375      3811 
    2012FL5    18.35      2.578606      0.107267      0.186654      3811 
  2016CP382    18.35      2.624109      0.112947      0.186067      3811 
  2017FU188    18.36      2.542104      0.108600      0.190755      3811 
  2013YJ157    18.37      2.592749      0.106554      0.186362      3811 
   2017HM76    18.38      2.540375      0.107882      0.186856      3811 
   2017HV79    18.39      2.571022      0.107272      0.188561      3811 
  2017UG173    18.39      2.577070      0.108636      0.190121      3811 
   2010UA38    18.41      2.545419      0.102779      0.186750      3811 
  2011SC152    18.41      2.550461      0.107858      0.186563      3811 
  2012UZ223    18.41      2.566705      0.105966      0.187717      3811 
  2016PN132    18.41      2.588000      0.109319      0.187272      3811 
   2012SE90    18.43      2.574864      0.108232      0.188226      3811 
  2011WV119    18.44      2.550482      0.107906      0.186403      3811 
   2021PU69    18.45      2.596034      0.105722      0.187298      3811 
   2016GY91    18.46      2.544678      0.112738      0.191006      3811 
  2015TA409    18.46      2.552060      0.106220      0.187606      3811 
  2013RG141    18.47      2.556833      0.108196      0.188318      3811 
   2021NL55    18.48      2.562165      0.106989      0.186370      3811 
  2014EE125    18.49      2.558640      0.109840      0.192085      3811 
  2016PK181    18.49      2.549218      0.107796      0.187314      3811 
   2015NW35    18.50      2.545181      0.107521      0.186143      3811 
   2016FB29    18.54      2.542782      0.104298      0.186387      3811 
  2006SH438    18.58      2.547301      0.105706      0.185016      3811 
  2015KO216    18.58      2.591449      0.104271      0.185755      3811 
  2021PH128    18.62      2.584144      0.106087      0.185961      3811 
  2006TP112    18.64      2.545627      0.101467      0.188743      3811 
   2013PZ96    18.65      2.545265      0.106573      0.187248      3811 
  2015HV232    18.65      2.537701      0.109168      0.191947      3811 
   2019HW10    18.69      2.563121      0.105783      0.187270      3811 
  2016PM164    18.70      2.534115      0.094187      0.180858      3811 
   2017WS36    18.71      2.576328      0.108748      0.188315      3811 
   2019OO24    18.73      2.558491      0.106270      0.188178      3811 
  2017SU284    18.75      2.532779      0.106760      0.186003      3811 
  2015RK343    18.79      2.553404      0.104209      0.187196      3811 
   2017WX79    18.88      2.545408      0.109074      0.190034      3811 
  2015VH202    18.89      2.573055      0.105491      0.187318      3811 
  2017SN284    19.13      2.546231      0.109548      0.188652      3811 
  2017UZ175    19.22      2.537171      0.094963      0.181111      3811 
