        410     8.33      2.726373      0.257048      0.159803       410 
       1403    11.65      2.718643      0.255249      0.153098       410 
       1613    11.68      2.735428      0.258352      0.154649       410 
       1534    11.91      2.729214      0.259407      0.156741       410 
       6582    12.77      2.778000      0.265012      0.152667       410 
       4585    12.86      2.732400      0.256971      0.151148       410 
      32385    12.88      2.765270      0.267422      0.151159       410 
       6325    12.97      2.737060      0.251182      0.156922       410 
       6906    13.01      2.738775      0.252524      0.152055       410 
       9607    13.13      2.732953      0.255947      0.156388       410 
      21594    13.14      2.738722      0.252024      0.153590       410 
      46918    13.22      2.740590      0.257741      0.153327       410 
      11434    13.28      2.740484      0.253693      0.147672       410 
      11044    13.30      2.730755      0.251726      0.151468       410 
       9545    13.34      2.717357      0.250796      0.152912       410 
       5553    13.35      2.736331      0.254850      0.154870       410 
       5948    13.43      2.739578      0.262744      0.150931       410 
      14441    13.43      2.731801      0.252305      0.153369       410 
      46635    13.46      2.733740      0.257704      0.150698       410 
      19683    13.47      2.738432      0.250315      0.152739       410 
       9035    13.48      2.734687      0.250105      0.152499       410 
      18753    13.52      2.742531      0.255313      0.155036       410 
      23148    13.52      2.759022      0.255277      0.155311       410 
      13788    13.54      2.723489      0.253655      0.154355       410 
      11046    13.66      2.773746      0.266285      0.150255       410 
      10861    13.67      2.715078      0.253770      0.154369       410 
      53797    13.74      2.725068      0.262903      0.159369       410 
      50957    13.77      2.738313      0.258551      0.154491       410 
      21773    13.78      2.799077      0.249665      0.152337       410 
      48154    13.78      2.805930      0.248038      0.155332       410 
       9758    13.81      2.744742      0.257718      0.155899       410 
      25179    13.81      2.732638      0.251985      0.156674       410 
      20672    13.85      2.787424      0.266356      0.152840       410 
      30480    13.85      2.758490      0.252447      0.148825       410 
      32418    13.86      2.769910      0.256075      0.155543       410 
      36192    13.86      2.739325      0.254140      0.147693       410 
      41381    13.88      2.736065      0.250509      0.149563       410 
       9055    13.89      2.802192      0.250031      0.153649       410 
      18799    13.89      2.740664      0.254396      0.153521       410 
      35777    13.93      2.733559      0.252747      0.150183       410 
      93434    14.01      2.742339      0.247991      0.150854       410 
      35394    14.06      2.761966      0.254356      0.157205       410 
      46074    14.10      2.723968      0.258486      0.153969       410 
      44512    14.11      2.736157      0.252970      0.154205       410 
     110189    14.11      2.760045      0.258611      0.155001       410 
      42768    14.17      2.768567      0.255266      0.161185       410 
      85583    14.17      2.794382      0.252816      0.156099       410 
      35648    14.19      2.742131      0.255196      0.149036       410 
      79920    14.26      2.712906      0.253856      0.150535       410 
      26124    14.31      2.746058      0.256940      0.155653       410 
      68472    14.31      2.743495      0.262460      0.153984       410 
      32729    14.34      2.778167      0.264979      0.153120       410 
      97309    14.36      2.757615      0.253303      0.158648       410 
      36816    14.41      2.771092      0.266321      0.151770       410 
      73833    14.44      2.745083      0.256221      0.150808       410 
      82373    14.44      2.771978      0.268041      0.148477       410 
      91499    14.45      2.749736      0.250849      0.148081       410 
      69962    14.46      2.788487      0.263289      0.151095       410 
      76272    14.46      2.768344      0.254868      0.151493       410 
      50771    14.49      2.739153      0.258569      0.156170       410 
      55569    14.49      2.745264      0.254222      0.151892       410 
      54799    14.52      2.767564      0.267067      0.153109       410 
      46165    14.53      2.715549      0.257497      0.154042       410 
     118992    14.61      2.742245      0.258687      0.148258       410 
      43843    14.62      2.739720      0.257026      0.150802       410 
      66935    14.64      2.747268      0.255334      0.151551       410 
      74358    14.65      2.769630      0.257930      0.155181       410 
      69149    14.66      2.746396      0.249796      0.153118       410 
      63250    14.71      2.771902      0.267823      0.150495       410 
      86009    14.75      2.780049      0.265077      0.150142       410 
      79943    14.76      2.770260      0.254297      0.154493       410 
      75809    14.77      2.744639      0.256737      0.148130       410 
      83771    14.77      2.720533      0.253758      0.156782       410 
     104932    14.77      2.729434      0.259579      0.150767       410 
      69918    14.83      2.794361      0.262661      0.150926       410 
      96971    14.85      2.766802      0.258431      0.155160       410 
      97366    14.85      2.744511      0.252357      0.151790       410 
      58792    14.87      2.727366      0.253883      0.150228       410 
     108547    14.87      2.735595      0.257805      0.150746       410 
      58954    14.92      2.724405      0.250261      0.155942       410 
      64263    14.92      2.751487      0.252768      0.146420       410 
     114770    14.92      2.736682      0.256176      0.160660       410 
     110449    14.93      2.747263      0.261010      0.150852       410 
      66974    14.95      2.747172      0.252056      0.146926       410 
     114706    15.00      2.739328      0.257344      0.153190       410 
     117902    15.02      2.767909      0.257415      0.155301       410 
     120437    15.04      2.770234      0.264657      0.152825       410 
      81870    15.09      2.765862      0.256644      0.153710       410 
     100938    15.09      2.780418      0.255853      0.157835       410 
     131275    15.10      2.766965      0.259847      0.155492       410 
     144482    15.13      2.779934      0.251196      0.150190       410 
      34894    15.14      2.726134      0.263882      0.143631       410 
     114979    15.14      2.716410      0.251718      0.156952       410 
     123291    15.19      2.781636      0.249708      0.146993       410 
     217805    15.20      2.798205      0.247573      0.149627       410 
     191293    15.22      2.751554      0.256267      0.149248       410 
     210844    15.22      2.750407      0.261276      0.153006       410 
     104218    15.23      2.777867      0.255065      0.153963       410 
      24856    15.24      2.720588      0.251439      0.151198       410 
      69779    15.24      2.773272      0.255951      0.152922       410 
     118791    15.25      2.724195      0.249008      0.158642       410 
     164093    15.27      2.740671      0.247753      0.148725       410 
     139736    15.28      2.767700      0.264123      0.151488       410 
     145202    15.28      2.771034      0.259177      0.155192       410 
      96149    15.29      2.719939      0.255745      0.156527       410 
     228402    15.29      2.793065      0.257978      0.157501       410 
     109970    15.30      2.764470      0.264738      0.152474       410 
     139481    15.31      2.771617      0.260321      0.155199       410 
     201568    15.32      2.726344      0.252336      0.156328       410 
     117360    15.33      2.735339      0.260859      0.156402       410 
     192779    15.33      2.744416      0.258213      0.152924       410 
      58705    15.36      2.717361      0.254982      0.151011       410 
     287285    15.37      2.729973      0.255522      0.164418       410 
      65729    15.38      2.794383      0.264922      0.152419       410 
      97410    15.38      2.743630      0.255596      0.144433       410 
     310553    15.39      2.772386      0.258384      0.153630       410 
     195246    15.41      2.780249      0.255764      0.153869       410 
     135768    15.44      2.751650      0.256694      0.155246       410 
     138308    15.46      2.779879      0.258631      0.152241       410 
     244086    15.47      2.784220      0.255758      0.151560       410 
     171117    15.49      2.796571      0.250126      0.157066       410 
     101090    15.51      2.787410      0.265082      0.154237       410 
     192906    15.53      2.778453      0.250327      0.148159       410 
     204483    15.53      2.786324      0.249218      0.146654       410 
     128946    15.55      2.786099      0.253174      0.157225       410 
     166579    15.57      2.782514      0.252595      0.156030       410 
     224901    15.57      2.724652      0.266600      0.154458       410 
     247201    15.57      2.725038      0.261075      0.148395       410 
     182384    15.58      2.721519      0.251697      0.157120       410 
     232491    15.60      2.780617      0.256175      0.154625       410 
     223263    15.61      2.785652      0.249315      0.151003       410 
     179176    15.64      2.784907      0.262946      0.149303       410 
     190320    15.64      2.779249      0.267932      0.151260       410 
     240664    15.64      2.769138      0.263057      0.151895       410 
      85330    15.67      2.773831      0.257945      0.154285       410 
     157811    15.68      2.740273      0.260030      0.153791       410 
     248232    15.72      2.740344      0.252165      0.154325       410 
      79913    15.74      2.782460      0.251902      0.149950       410 
     177001    15.77      2.730023      0.249614      0.150979       410 
     264720    15.77      2.739651      0.250547      0.153497       410 
     298236    15.77      2.775811      0.257153      0.152791       410 
     146728    15.79      2.794869      0.255794      0.159527       410 
     257853    15.80      2.783221      0.255848      0.154058       410 
     114554    15.81      2.729725      0.261143      0.152418       410 
     146615    15.81      2.774267      0.258746      0.153351       410 
     192858    15.81      2.782116      0.258716      0.155229       410 
     213981    15.82      2.776713      0.257234      0.154640       410 
     264080    15.82      2.791780      0.257883      0.154451       410 
     269628    15.82      2.782758      0.257108      0.155783       410 
     172991    15.83      2.773858      0.257269      0.154528       410 
     206522    15.83      2.751315      0.254595      0.148308       410 
     218255    15.83      2.777421      0.257562      0.150655       410 
     238128    15.83      2.785254      0.266457      0.154615       410 
     252675    15.84      2.780568      0.256941      0.155602       410 
      91510    15.86      2.761485      0.266243      0.153449       410 
     231775    15.86      2.791523      0.259860      0.153408       410 
     234077    15.86      2.781611      0.266306      0.152256       410 
     101188    15.87      2.796295      0.265536      0.151274       410 
     178673    15.87      2.786409      0.259041      0.154765       410 
     196513    15.87      2.750940      0.258235      0.159536       410 
     123359    15.88      2.779358      0.259831      0.155169       410 
     230937    15.89      2.787409      0.257671      0.154229       410 
     189481    15.90      2.785725      0.250640      0.149363       410 
     281351    15.92      2.784715      0.261223      0.155974       410 
     193674    15.93      2.795310      0.264067      0.152406       410 
     243733    15.93      2.781995      0.256674      0.154859       410 
     249847    15.93      2.747063      0.252293      0.159483       410 
     331834    15.93      2.782189      0.262976      0.152641       410 
     301641    15.94      2.799104      0.248107      0.155741       410 
     222001    15.96      2.755303      0.262780      0.151916       410 
     164754    15.97      2.714340      0.250721      0.150723       410 
     268995    15.97      2.779320      0.261129      0.156237       410 
     175072    15.98      2.752299      0.253081      0.143306       410 
     222372    15.98      2.776885      0.258865      0.155495       410 
     283669    15.98      2.772073      0.257230      0.155208       410 
     378850    15.99      2.794005      0.260801      0.151771       410 
     166450    16.00      2.777431      0.254404      0.160201       410 
     174989    16.00      2.725208      0.256292      0.150973       410 
     210641    16.00      2.714966      0.260024      0.151198       410 
     246944    16.00      2.750729      0.254643      0.144436       410 
     341185    16.00      2.785056      0.259138      0.150980       410 
     186623    16.01      2.733344      0.260537      0.157380       410 
     249911    16.01      2.766406      0.259944      0.153936       410 
     256197    16.01      2.712185      0.262012      0.159595       410 
     317651    16.02      2.731480      0.266494      0.150258       410 
     366754    16.02      2.783106      0.255778      0.155629       410 
     437875    16.02      2.785384      0.260410      0.156482       410 
     224670    16.03      2.767874      0.256044      0.155069       410 
     232957    16.03      2.745508      0.251063      0.145211       410 
     259228    16.04      2.778584      0.255653      0.154953       410 
     272835    16.04      2.796274      0.266914      0.158451       410 
     258481    16.06      2.723512      0.253932      0.150348       410 
     347855    16.06      2.790162      0.248946      0.153128       410 
     235787    16.07      2.770215      0.255533      0.153636       410 
     240674    16.07      2.728458      0.263989      0.154755       410 
     252439    16.07      2.789635      0.264135      0.149189       410 
     173226    16.08      2.755490      0.264258      0.151802       410 
     257878    16.09      2.789097      0.258768      0.155505       410 
     241400    16.11      2.779510      0.255030      0.153213       410 
     254847    16.11      2.766139      0.254693      0.150466       410 
     269724    16.12      2.792646      0.250806      0.152240       410 
     214065    16.13      2.778633      0.257651      0.153656       410 
     272940    16.13      2.784510      0.253583      0.159559       410 
     221355    16.14      2.762728      0.256642      0.155290       410 
     265816    16.15      2.720509      0.263741      0.143780       410 
     351174    16.15      2.728994      0.257488      0.151155       410 
     160463    16.16      2.741481      0.256851      0.147245       410 
     223743    16.16      2.730701      0.264510      0.156385       410 
     265393    16.16      2.787182      0.258088      0.153223       410 
     415769    16.16      2.737092      0.262105      0.150375       410 
     272842    16.17      2.787603      0.259804      0.156090       410 
     365461    16.17      2.785254      0.257929      0.153005       410 
     237061    16.18      2.782546      0.249142      0.147614       410 
     349274    16.18      2.790622      0.258267      0.156138       410 
     376475    16.18      2.791862      0.247679      0.150463       410 
     453196    16.18      2.759299      0.259145      0.159107       410 
     332883    16.19      2.794220      0.256840      0.153314       410 
     314261    16.21      2.736207      0.266215      0.149289       410 
   2005GE19    16.21      2.759224      0.264221      0.152119       410 
     178977    16.22      2.792670      0.251883      0.151484       410 
     217766    16.23      2.746625      0.260024      0.151348       410 
     258385    16.23      2.734641      0.252693      0.153160       410 
     258793    16.23      2.795037      0.254291      0.154059       410 
     490527    16.23      2.798622      0.262402      0.151376       410 
     149534    16.24      2.736853      0.256342      0.155478       410 
     311754    16.24      2.781890      0.251636      0.149503       410 
     396777    16.25      2.786316      0.259054      0.154028       410 
     408909    16.25      2.736560      0.256320      0.148271       410 
     245684    16.27      2.781712      0.267340      0.153890       410 
     363391    16.27      2.731768      0.266603      0.156971       410 
     272166    16.28      2.762894      0.252494      0.151736       410 
     217301    16.29      2.765149      0.264233      0.152280       410 
     350901    16.29      2.771543      0.266428      0.155068       410 
     373279    16.30      2.791198      0.256848      0.152233       410 
     311095    16.31      2.788454      0.259927      0.156326       410 
     160320    16.32      2.779895      0.260205      0.156898       410 
     184076    16.32      2.790708      0.257108      0.152989       410 
     296882    16.32      2.779628      0.257223      0.153761       410 
     364963    16.32      2.788822      0.257642      0.154151       410 
     382763    16.32      2.792351      0.250918      0.152319       410 
     221141    16.33      2.735668      0.251478      0.157092       410 
     328359    16.33      2.787123      0.263478      0.152203       410 
     376821    16.33      2.721764      0.261082      0.155730       410 
     616297    16.33      2.784475      0.259022      0.152572       410 
     220600    16.38      2.776365      0.257353      0.154833       410 
     354296    16.39      2.779511      0.257536      0.154776       410 
     422979    16.39      2.788497      0.258026      0.156520       410 
     364404    16.40      2.789921      0.258077      0.155979       410 
     419191    16.40      2.785791      0.259461      0.154492       410 
     313567    16.41      2.779304      0.256893      0.153794       410 
     257857    16.42      2.775350      0.264036      0.152474       410 
     275466    16.43      2.780289      0.264388      0.151032       410 
     283714    16.43      2.787490      0.251150      0.146333       410 
     363682    16.43      2.787130      0.254504      0.150906       410 
     416043    16.43      2.785328      0.257213      0.154276       410 
     218684    16.44      2.727952      0.261170      0.151564       410 
     475428    16.44      2.751361      0.260409      0.162206       410 
     350948    16.46      2.793297      0.251799      0.157519       410 
     228038    16.47      2.766236      0.254921      0.152009       410 
     258648    16.49      2.799234      0.266405      0.156879       410 
     290583    16.50      2.735842      0.249531      0.150198       410 
     338811    16.50      2.721532      0.255458      0.155845       410 
     366613    16.51      2.788115      0.259414      0.155351       410 
     384112    16.52      2.792467      0.249241      0.150787       410 
     298636    16.53      2.713051      0.257404      0.158784       410 
     351170    16.53      2.792928      0.258775      0.155870       410 
     402129    16.53      2.782013      0.258394      0.153238       410 
     140505    16.55      2.783426      0.254955      0.150964       410 
     329196    16.55      2.800579      0.247029      0.156207       410 
     339424    16.55      2.774177      0.262574      0.153169       410 
     488737    16.55      2.803261      0.249627      0.151005       410 
     327892    16.56      2.737643      0.261628      0.148018       410 
     354310    16.57      2.756034      0.255956      0.155833       410 
     364974    16.57      2.767793      0.263559      0.152389       410 
     247224    16.58      2.799311      0.265641      0.154252       410 
     378702    16.58      2.801315      0.248882      0.152565       410 
     484093    16.58      2.801424      0.259787      0.153215       410 
     239108    16.59      2.783189      0.252107      0.147288       410 
     347503    16.59      2.754705      0.262748      0.153467       410 
     243326    16.60      2.785068      0.266197      0.151201       410 
     426032    16.60      2.791899      0.255494      0.155871       410 
     447958    16.60      2.790206      0.257170      0.153056       410 
     310078    16.61      2.766610      0.264289      0.155274       410 
     392388    16.61      2.714726      0.265313      0.157252       410 
     415758    16.62      2.714471      0.260100      0.152464       410 
     312903    16.63      2.778723      0.257005      0.152917       410 
     357714    16.63      2.789942      0.258202      0.153787       410 
     442521    16.63      2.727526      0.251530      0.154914       410 
     489912    16.63      2.789355      0.260427      0.155410       410 
     225371    16.64      2.725149      0.257127      0.157683       410 
     378716    16.64      2.765953      0.263334      0.153157       410 
     392058    16.64      2.796906      0.254698      0.154278       410 
     419167    16.64      2.794360      0.258476      0.154563       410 
     508783    16.64      2.782297      0.253723      0.157915       410 
     304158    16.65      2.746425      0.251039      0.149915       410 
     310858    16.66      2.799084      0.264489      0.151632       410 
     281271    16.67      2.764415      0.257703      0.155800       410 
     366611    16.67      2.801846      0.253422      0.153159       410 
     440816    16.67      2.741998      0.266702      0.157876       410 
     251130    16.68      2.719931      0.262968      0.145666       410 
     413552    16.68      2.787712      0.257480      0.154648       410 
     494657    16.68      2.720180      0.250085      0.158392       410 
     375961    16.69      2.765045      0.263784      0.151790       410 
     439614    16.69      2.733279      0.248623      0.149322       410 
     498821    16.69      2.785914      0.261318      0.155579       410 
    2018JT3    16.70      2.718182      0.252090      0.156577       410 
     276145    16.72      2.740388      0.258717      0.154101       410 
     438354    16.73      2.774124      0.266368      0.151210       410 
     511788    16.74      2.720441      0.254071      0.150914       410 
     601261    16.74      2.778463      0.257355      0.155625       410 
  2007TG355    16.74      2.737610      0.256300      0.145193       410 
     306588    16.75      2.719079      0.262401      0.158975       410 
     368577    16.75      2.719936      0.258835      0.159882       410 
     468825    16.75      2.789733      0.255868      0.153723       410 
    2018GU6    16.75      2.790274      0.259473      0.155191       410 
     462911    16.76      2.722952      0.265823      0.146194       410 
     399818    16.77      2.786599      0.261146      0.155180       410 
   2003YD53    16.77      2.787304      0.264632      0.147742       410 
     363044    16.79      2.787342      0.256789      0.151655       410 
     489591    16.79      2.770059      0.262952      0.155178       410 
     249707    16.80      2.787286      0.254646      0.149032       410 
     361771    16.80      2.788485      0.258734      0.152852       410 
     417108    16.80      2.726048      0.256154      0.164391       410 
     417244    16.80      2.777339      0.253242      0.148729       410 
   2010OE41    16.82      2.799260      0.257467      0.152888       410 
     469455    16.83      2.733195      0.262216      0.148645       410 
     470318    16.83      2.794255      0.258964      0.153165       410 
     392793    16.84      2.787354      0.261760      0.157273       410 
     609683    16.84      2.785281      0.259136      0.154695       410 
     314910    16.85      2.782227      0.253033      0.150881       410 
     349239    16.86      2.711388      0.263391      0.143458       410 
     399819    16.86      2.794163      0.259137      0.152757       410 
     496236    16.86      2.790642      0.259720      0.154490       410 
     291980    16.87      2.723516      0.252795      0.150438       410 
     368595    16.87      2.730765      0.258963      0.156369       410 
     457105    16.87      2.722178      0.256845      0.160278       410 
     488792    16.87      2.789964      0.256458      0.152580       410 
  2015HL146    16.87      2.797731      0.261489      0.154536       410 
     444526    16.88      2.720406      0.252420      0.156817       410 
     498622    16.88      2.719099      0.264346      0.154271       410 
  2016AZ126    16.88      2.714489      0.260295      0.154872       410 
     497066    16.89      2.799044      0.258594      0.153591       410 
   2008QU50    16.89      2.790049      0.258272      0.152870       410 
     455256    16.90      2.719938      0.266091      0.155319       410 
  2003SX435    16.91      2.798043      0.257421      0.155516       410 
     511365    16.92      2.736045      0.267519      0.157383       410 
     548413    16.92      2.796241      0.258875      0.153494       410 
     567063    16.92      2.798909      0.253258      0.152701       410 
     481434    16.93      2.792579      0.255892      0.152529       410 
     427769    16.94      2.775496      0.265966      0.154873       410 
     489408    16.94      2.712510      0.254928      0.156732       410 
     524992    16.94      2.791672      0.261609      0.156025       410 
   2017DR83    16.94      2.789348      0.257526      0.156226       410 
     355321    16.95      2.729757      0.261076      0.144527       410 
     437568    16.96      2.712145      0.265101      0.155261       410 
  2013EG128    16.96      2.801453      0.264603      0.153212       410 
     441327    16.97      2.801703      0.258989      0.153589       410 
     470418    16.97      2.802216      0.253795      0.153186       410 
     450189    16.98      2.789955      0.257607      0.155707       410 
     494801    16.98      2.796699      0.257786      0.155124       410 
     565776    16.99      2.735706      0.246941      0.148765       410 
   2017AY21    16.99      2.780487      0.258936      0.155190       410 
  2010RO198    16.99      2.799419      0.258350      0.149666       410 
     462348    17.00      2.785786      0.252230      0.152247       410 
     496836    17.00      2.785119      0.258042      0.153897       410 
     310558    17.01      2.779829      0.254829      0.150533       410 
     405643    17.01      2.785103      0.258954      0.152577       410 
     454373    17.01      2.751581      0.260085      0.151920       410 
     519729    17.01      2.756061      0.265455      0.151593       410 
   2013WM98    17.01      2.738206      0.248343      0.151011       410 
     405096    17.02      2.756612      0.252328      0.159365       410 
     438371    17.02      2.789041      0.253809      0.145756       410 
  2012BQ161    17.02      2.787249      0.257758      0.151315       410 
     408805    17.03      2.784857      0.259238      0.157503       410 
     319532    17.04      2.772772      0.262562      0.150086       410 
     390533    17.04      2.796429      0.260284      0.149805       410 
     498773    17.04      2.770548      0.258029      0.155638       410 
     455306    17.05      2.778642      0.255131      0.148201       410 
     510761    17.05      2.778483      0.268940      0.153334       410 
     462384    17.06      2.733318      0.264441      0.155963       410 
     465168    17.06      2.720324      0.255097      0.156310       410 
     470866    17.06      2.782335      0.259371      0.154636       410 
     408916    17.07      2.730965      0.255621      0.163653       410 
     486643    17.09      2.797751      0.255317      0.154730       410 
    2008SS1    17.09      2.783222      0.266621      0.154329       410 
   2010DF71    17.09      2.739295      0.252939      0.145852       410 
   2012FX85    17.09      2.770589      0.255328      0.156421       410 
  2017BL139    17.09      2.756247      0.255110      0.144078       410 
     468537    17.10      2.790739      0.257841      0.151481       410 
     584904    17.12      2.775480      0.263052      0.157211       410 
     589115    17.12      2.768447      0.260255      0.152147       410 
     595347    17.12      2.761522      0.258653      0.155339       410 
  2014WL428    17.12      2.730743      0.259780      0.150500       410 
     395711    17.13      2.724519      0.260100      0.153201       410 
     449586    17.13      2.797262      0.253209      0.154356       410 
   2012XL98    17.13      2.801950      0.258492      0.152818       410 
     423245    17.14      2.793615      0.258493      0.152523       410 
     549790    17.14      2.741371      0.260491      0.150451       410 
     566824    17.15      2.754877      0.253702      0.160827       410 
   2018VP32    17.15      2.774810      0.257010      0.154016       410 
     448014    17.16      2.727825      0.256169      0.150217       410 
     401863    17.17      2.794620      0.258067      0.154908       410 
     548856    17.17      2.776376      0.261503      0.153095       410 
   2001SC11    17.17      2.796630      0.266362      0.149256       410 
     423797    17.18      2.746634      0.253657      0.154727       410 
     547684    17.18      2.792686      0.259067      0.152749       410 
     433753    17.19      2.780544      0.254512      0.158893       410 
     503648    17.19      2.763828      0.266716      0.153514       410 
     455792    17.20      2.797293      0.258274      0.154633       410 
     461434    17.20      2.718822      0.252613      0.154140       410 
     463289    17.20      2.743498      0.254128      0.144730       410 
   2014FL55    17.20      2.792710      0.261879      0.155994       410 
   2011QP11    17.21      2.794030      0.263504      0.156405       410 
   2013FA29    17.21      2.727205      0.265993      0.156254       410 
  2003UT279    17.21      2.784127      0.257052      0.153629       410 
  2016BU116    17.21      2.712805      0.263344      0.156897       410 
     407365    17.23      2.799290      0.262658      0.154761       410 
     588979    17.23      2.785290      0.255770      0.151644       410 
     604143    17.23      2.796295      0.258285      0.155484       410 
   2004QF34    17.23      2.797779      0.252430      0.154857       410 
   2017AN16    17.23      2.799431      0.261253      0.156318       410 
  2007TC106    17.23      2.791101      0.256509      0.154532       410 
     444007    17.24      2.750649      0.252964      0.160741       410 
    2011YY6    17.25      2.731217      0.249043      0.159032       410 
   2011QH72    17.25      2.796306      0.262009      0.153527       410 
   2017DE88    17.25      2.725166      0.261800      0.143791       410 
  2007RC247    17.25      2.714201      0.256830      0.153524       410 
     395836    17.26      2.751174      0.255861      0.160705       410 
     444630    17.26      2.747167      0.259337      0.152798       410 
     562780    17.26      2.774255      0.264088      0.151738       410 
   2016TY64    17.26      2.788472      0.259174      0.156458       410 
  2007VF359    17.26      2.779013      0.265300      0.151639       410 
  2008UB363    17.26      2.734669      0.259077      0.152238       410 
     509885    17.27      2.788997      0.257855      0.154463       410 
     461244    17.28      2.778077      0.256902      0.155444       410 
   2006YP36    17.28      2.743749      0.258265      0.161901       410 
   2010KD30    17.28      2.749989      0.250093      0.152078       410 
   2018FT22    17.28      2.781346      0.259204      0.156604       410 
     356976    17.29      2.716577      0.256074      0.159176       410 
     534987    17.29      2.717256      0.266620      0.157896       410 
  2014OM393    17.29      2.742281      0.257355      0.161991       410 
     525133    17.30      2.772325      0.257508      0.155070       410 
     525429    17.30      2.795252      0.257406      0.154544       410 
     532837    17.30      2.719075      0.264842      0.146250       410 
  2008WH146    17.30      2.724459      0.257689      0.154791       410 
     615295    17.31      2.784105      0.258656      0.155456       410 
  2016GF219    17.31      2.717025      0.252053      0.156046       410 
     452373    17.32      2.791810      0.262223      0.152443       410 
   2012SF56    17.32      2.792459      0.260743      0.155719       410 
   2017FD89    17.32      2.796322      0.257714      0.153771       410 
  2017FJ109    17.32      2.713588      0.255449      0.159867       410 
   2013LN28    17.33      2.795328      0.250362      0.148622       410 
  2011CH146    17.33      2.801401      0.258083      0.150170       410 
  2010OQ116    17.34      2.766882      0.254357      0.149691       410 
  2015DT220    17.34      2.744791      0.259956      0.152630       410 
     573923    17.36      2.798160      0.259287      0.156863       410 
     607282    17.36      2.798137      0.265120      0.153236       410 
   2019UO95    17.36      2.778380      0.263232      0.151040       410 
  2014OH287    17.36      2.796412      0.260487      0.155415       410 
     393382    17.37      2.716714      0.252806      0.156893       410 
     455933    17.38      2.773617      0.260303      0.156157       410 
   2014AN66    17.38      2.777527      0.261529      0.154463       410 
  2008US195    17.39      2.711483      0.252937      0.157708       410 
     444611    17.40      2.774150      0.267266      0.152066       410 
   2018VT34    17.40      2.750837      0.254850      0.163111       410 
  2011SP110    17.40      2.791214      0.259793      0.153675       410 
     515630    17.41      2.761669      0.251331      0.141674       410 
     528403    17.41      2.767968      0.255022      0.153904       410 
     389745    17.42      2.797634      0.265381      0.157523       410 
   2016TT16    17.42      2.714258      0.253088      0.153304       410 
     563226    17.43      2.785178      0.257569      0.151865       410 
   2013CH78    17.44      2.796788      0.257093      0.155706       410 
     525397    17.45      2.787573      0.259800      0.153584       410 
     526464    17.45      2.778523      0.268057      0.154167       410 
   2015XB32    17.46      2.801695      0.258585      0.155149       410 
   2017VJ41    17.46      2.713507      0.260036      0.156574       410 
  2002TN344    17.46      2.779755      0.254356      0.150416       410 
  2014UG189    17.46      2.791154      0.258198      0.156314       410 
     469927    17.47      2.773681      0.256066      0.150877       410 
   2008OG22    17.47      2.797214      0.251781      0.149915       410 
  2015HK166    17.47      2.795770      0.256745      0.152845       410 
  2016TQ123    17.47      2.778912      0.266651      0.153747       410 
     413980    17.48      2.717772      0.255752      0.156453       410 
   2014OJ46    17.48      2.789772      0.262738      0.156029       410 
   2017OB70    17.48      2.764670      0.265121      0.154483       410 
  2014OZ259    17.48      2.786456      0.257498      0.157697       410 
  2016CD180    17.48      2.796557      0.258851      0.154222       410 
     443883    17.49      2.775445      0.264091      0.152914       410 
     576573    17.50      2.742493      0.254918      0.152596       410 
   2009QM69    17.50      2.778087      0.261072      0.156961       410 
   2015HX57    17.52      2.781769      0.264719      0.153053       410 
     615505    17.54      2.774378      0.252803      0.151640       410 
   2013BR95    17.54      2.725099      0.256930      0.154448       410 
   2016NV79    17.54      2.761478      0.265311      0.152567       410 
  2010JM120    17.54      2.713804      0.265221      0.153983       410 
  2015BP540    17.54      2.777816      0.256220      0.156752       410 
     552992    17.55      2.768451      0.252652      0.149509       410 
     583407    17.55      2.799063      0.258740      0.151057       410 
  2014HX211    17.55      2.740824      0.263001      0.155883       410 
     488354    17.56      2.728267      0.261982      0.145180       410 
   2014NO15    17.57      2.743699      0.256237      0.160701       410 
   2016LS70    17.57      2.797145      0.254375      0.153995       410 
  2005TM150    17.57      2.799373      0.256741      0.155327       410 
     563241    17.58      2.770732      0.259552      0.155114       410 
  2001SD251    17.58      2.789571      0.255251      0.152299       410 
   2009WF48    17.59      2.743601      0.254681      0.152369       410 
  2010JC162    17.59      2.781312      0.259128      0.153923       410 
     470422    17.60      2.801911      0.257627      0.153551       410 
     529617    17.61      2.777624      0.262711      0.152289       410 
     533009    17.61      2.726751      0.256457      0.161492       410 
  2001QW205    17.61      2.786209      0.260130      0.154423       410 
  2005UF173    17.61      2.744812      0.252004      0.150225       410 
   2005PS30    17.62      2.757363      0.252656      0.142167       410 
  2012HF105    17.62      2.791444      0.253082      0.155443       410 
  2013TB200    17.62      2.798036      0.258581      0.152994       410 
    2010LN8    17.63      2.729164      0.265878      0.155525       410 
   2006SX23    17.63      2.735335      0.255188      0.149182       410 
   2008YF44    17.63      2.794065      0.256265      0.152612       410 
    2012MJ8    17.64      2.790410      0.259519      0.154336       410 
  2014KE114    17.64      2.751728      0.251934      0.160753       410 
     491394    17.65      2.799336      0.259554      0.153686       410 
  2014WT300    17.65      2.734543      0.258504      0.157824       410 
     550167    17.66      2.722507      0.261369      0.144939       410 
   2012BC81    17.66      2.751015      0.261741      0.157046       410 
   2014TH43    17.66      2.789712      0.258127      0.154561       410 
     528241    17.67      2.802164      0.258616      0.153409       410 
   2005XQ32    17.67      2.724760      0.261996      0.154119       410 
   2017WT24    17.67      2.747003      0.250257      0.145701       410 
   2016EM83    17.68      2.764309      0.253766      0.154857       410 
  2008GM159    17.68      2.737634      0.255360      0.160787       410 
     464954    17.69      2.799289      0.262258      0.153981       410 
   2015UP76    17.69      2.797394      0.251622      0.156601       410 
     596830    17.70      2.730734      0.262458      0.150352       410 
   2013RT64    17.70      2.797508      0.255805      0.154150       410 
  2015DB219    17.70      2.751568      0.251282      0.161384       410 
    2002EG2    17.71      2.801366      0.258288      0.153967       410 
     526242    17.72      2.735829      0.263888      0.149615       410 
   2020OY39    17.72      2.801796      0.259390      0.156488       410 
  2014WR197    17.73      2.757586      0.262040      0.152841       410 
    2010MS7    17.74      2.714986      0.252998      0.151661       410 
   2017DH33    17.74      2.730719      0.260228      0.157456       410 
  2012XX160    17.74      2.797561      0.258583      0.155223       410 
   2014QY73    17.75      2.794167      0.257462      0.153377       410 
  2014DR139    17.75      2.784353      0.254558      0.153595       410 
   2021QY28    17.76      2.729967      0.256450      0.160280       410 
     2014UC    17.77      2.796852      0.262892      0.149777       410 
    2018DY5    17.77      2.798659      0.259265      0.151919       410 
  2008TS153    17.77      2.715983      0.254149      0.152573       410 
     483513    17.78      2.801329      0.256602      0.151556       410 
   2015FB12    17.78      2.744721      0.257607      0.159337       410 
  2013CT163    17.78      2.771932      0.255298      0.161241       410 
   2009OO15    17.79      2.792610      0.259758      0.151277       410 
  2002JN150    17.79      2.781874      0.266590      0.152347       410 
   2007GW71    17.80      2.780568      0.257192      0.152400       410 
   2015GU31    17.80      2.735862      0.255966      0.155047       410 
  2009DW158    17.80      2.794878      0.261440      0.153951       410 
  2010GY207    17.80      2.775935      0.257533      0.154395       410 
   2005QS58    17.81      2.800427      0.262692      0.150252       410 
   2018XO19    17.82      2.727594      0.262222      0.156216       410 
  2012TG337    17.82      2.792824      0.259862      0.155362       410 
  2014QN168    17.82      2.795807      0.252636      0.157381       410 
  2017BJ157    17.82      2.764573      0.260402      0.155295       410 
   2020MV21    17.83      2.737341      0.250180      0.152428       410 
  2008TO122    17.83      2.751312      0.258903      0.160812       410 
  2014WC257    17.83      2.762772      0.264312      0.152217       410 
   2014RZ13    17.84      2.790676      0.260417      0.153590       410 
   2020FO36    17.84      2.796600      0.260597      0.153270       410 
     543877    17.86      2.795857      0.264265      0.158338       410 
   2007GP55    17.86      2.724547      0.258358      0.160075       410 
   2015AG12    17.86      2.712532      0.258722      0.156340       410 
   2015GL16    17.86      2.727412      0.254409      0.163013       410 
   2016BU34    17.86      2.717532      0.264172      0.153479       410 
   2017DP83    17.86      2.794400      0.265574      0.153054       410 
   2017QY64    17.86      2.738829      0.253503      0.151762       410 
   2003SA69    17.87      2.732099      0.255147      0.149269       410 
   2018TF10    17.87      2.795099      0.257287      0.154441       410 
  2006VS171    17.87      2.792232      0.259889      0.156315       410 
  2015OJ114    17.87      2.745227      0.263927      0.155459       410 
   2018AP57    17.88      2.735055      0.266618      0.147247       410 
  2010ET141    17.89      2.754921      0.251418      0.148880       410 
  2012HS101    17.89      2.715149      0.260178      0.156335       410 
  2015MY157    17.89      2.732635      0.265436      0.149058       410 
     608823    17.90      2.791600      0.251854      0.145155       410 
     2015AO    17.91      2.781104      0.256886      0.157328       410 
   2014GT85    17.91      2.801816      0.250064      0.152754       410 
  2009UV129    17.92      2.726868      0.259557      0.157972       410 
  2010DV107    17.92      2.713177      0.250631      0.154895       410 
     552864    17.93      2.718432      0.262850      0.155758       410 
   2015TY41    17.93      2.716005      0.264030      0.145022       410 
   2016FD16    17.93      2.798876      0.259319      0.153794       410 
   2017AA27    17.93      2.794346      0.252280      0.147172       410 
   2019PR29    17.93      2.802328      0.259263      0.158052       410 
  2010CQ237    17.93      2.799143      0.263008      0.152369       410 
  2016CA374    17.93      2.767223      0.255786      0.154288       410 
   2013JB69    17.94      2.800832      0.251809      0.155900       410 
     514046    17.95      2.723764      0.255866      0.162057       410 
   2014WS58    17.95      2.784535      0.262557      0.150775       410 
   2015GA31    17.95      2.799175      0.262420      0.155269       410 
   2015GE63    17.95      2.801476      0.257764      0.154864       410 
    2014YK2    17.96      2.799689      0.253468      0.157444       410 
    2018XB9    17.96      2.763117      0.263974      0.152557       410 
  2016EF146    17.96      2.756279      0.254946      0.159799       410 
   2010VL35    17.97      2.726331      0.260715      0.149577       410 
  2005WL147    17.97      2.719070      0.261638      0.158219       410 
  2011UT270    17.97      2.791875      0.253640      0.145974       410 
   2018AX39    17.98      2.787370      0.252636      0.154177       410 
  2016ER251    17.98      2.736454      0.261500      0.157113       410 
     603526    17.99      2.719680      0.262812      0.156753       410 
   2018BE16    17.99      2.796338      0.264947      0.152312       410 
  2017BK157    18.00      2.745088      0.260668      0.158862       410 
   2010GT22    18.02      2.779953      0.254063      0.149214       410 
   2011VL31    18.02      2.752011      0.259588      0.151820       410 
   2018PK46    18.02      2.794177      0.256133      0.154793       410 
   2018VK86    18.02      2.716270      0.263974      0.143701       410 
   2021AT20    18.02      2.799349      0.257382      0.149054       410 
   2019AY20    18.03      2.727431      0.266049      0.147756       410 
   2011WV71    18.04      2.743599      0.267979      0.156752       410 
   2014NN76    18.04      2.783094      0.261600      0.151349       410 
  2008GK178    18.04      2.799531      0.257485      0.154452       410 
   2006FN19    18.05      2.791703      0.259298      0.157336       410 
   2010NZ84    18.05      2.789964      0.258890      0.156097       410 
   2014PU66    18.05      2.799453      0.255394      0.155282       410 
   2014VM23    18.05      2.715841      0.261321      0.160762       410 
  2003WR201    18.05      2.744809      0.257664      0.156022       410 
  2009BL212    18.05      2.772241      0.254567      0.161897       410 
  2016EG251    18.05      2.761408      0.263896      0.155784       410 
  2016QE101    18.05      2.797446      0.258590      0.154304       410 
   2015LO52    18.06      2.800241      0.261279      0.154229       410 
  2016PS180    18.06      2.766616      0.256040      0.154880       410 
   2014MR85    18.07      2.793017      0.257022      0.150399       410 
  2013GE163    18.07      2.797366      0.246803      0.152391       410 
   2010PM53    18.08      2.774656      0.266204      0.154416       410 
   2014AK65    18.08      2.717019      0.261265      0.144801       410 
  2012FT106    18.08      2.741978      0.263465      0.150296       410 
  2013GZ163    18.08      2.799499      0.254420      0.158669       410 
  2015BD206    18.08      2.770805      0.267591      0.150068       410 
   2012JV50    18.09      2.747275      0.255857      0.148267       410 
   2016VY25    18.09      2.802381      0.246341      0.151118       410 
   2019QN34    18.09      2.708712      0.263187      0.145121       410 
  2017FC140    18.09      2.801106      0.264926      0.153518       410 
  2012TV334    18.10      2.750311      0.250976      0.148108       410 
     524011    18.11      2.757586      0.265103      0.153494       410 
    2019NT9    18.11      2.795612      0.257016      0.152476       410 
   2016HC28    18.11      2.803218      0.254874      0.154063       410 
  2014OP453    18.11      2.796866      0.258547      0.152530       410 
  2015VX129    18.11      2.783277      0.256038      0.154110       410 
  2015XA358    18.11      2.781417      0.255065      0.155928       410 
   2010KZ73    18.12      2.737001      0.256778      0.153802       410 
   2015BX43    18.12      2.760750      0.258872      0.155948       410 
  2012FX104    18.13      2.790568      0.259263      0.154839       410 
  2015HK243    18.13      2.728437      0.249951      0.155740       410 
  2016EC159    18.13      2.806136      0.264645      0.154905       410 
  2016EY199    18.14      2.797304      0.260286      0.156819       410 
  2007EK237    18.15      2.735677      0.260557      0.146540       410 
     444509    18.16      2.739181      0.251404      0.150994       410 
   2017OW81    18.18      2.794429      0.256435      0.155413       410 
   2016BZ37    18.19      2.715720      0.257173      0.155267       410 
   2011AC88    18.20      2.784533      0.266403      0.148529       410 
  2013AZ162    18.20      2.738069      0.253478      0.155336       410 
   2012VA88    18.21      2.776786      0.263152      0.150725       410 
  2015TX390    18.22      2.729816      0.258146      0.151375       410 
    2016ML5    18.23      2.777227      0.257696      0.156853       410 
   2021NK25    18.24      2.775193      0.262998      0.151412       410 
   2015JT20    18.25      2.784923      0.247448      0.151549       410 
   2016BT32    18.25      2.786081      0.259928      0.155674       410 
  2007VG131    18.25      2.718642      0.251943      0.150316       410 
  2014UH260    18.26      2.745058      0.254292      0.150154       410 
  2005YL141    18.27      2.802653      0.262302      0.157163       410 
  2012XS170    18.27      2.769814      0.264006      0.154919       410 
  2014QP224    18.27      2.790985      0.260055      0.154599       410 
   2017KY29    18.28      2.721523      0.250350      0.152008       410 
   2020OW33    18.28      2.774719      0.258100      0.154851       410 
   2015MJ48    18.29      2.734949      0.259803      0.154746       410 
  2011WN132    18.29      2.796970      0.266059      0.152002       410 
  2016GS177    18.29      2.744852      0.254254      0.160124       410 
   2014OF88    18.31      2.761315      0.264667      0.150179       410 
   2021TJ98    18.31      2.797584      0.259518      0.152210       410 
  2011SH317    18.32      2.786946      0.254512      0.156234       410 
  2014HY247    18.32      2.747227      0.255915      0.159194       410 
    2019YT9    18.33      2.803193      0.249714      0.155248       410 
   2010NZ35    18.34      2.735038      0.249962      0.147142       410 
   2017HV47    18.34      2.756925      0.259929      0.156267       410 
  2003SP397    18.34      2.789545      0.262079      0.150949       410 
  2010VV239    18.34      2.754768      0.258102      0.157741       410 
   2015NG15    18.35      2.791768      0.252893      0.147804       410 
   2022BK24    18.35      2.732444      0.249481      0.147537       410 
   2004QP31    18.37      2.717580      0.257898      0.158644       410 
   2010KK20    18.38      2.769303      0.263630      0.152224       410 
   2005RE13    18.41      2.796307      0.258053      0.152883       410 
   2014BQ78    18.41      2.738017      0.258910      0.151722       410 
   2013JO72    18.42      2.796165      0.258334      0.155109       410 
   2020KH26    18.42      2.796040      0.258850      0.153171       410 
  2010VK218    18.42      2.717349      0.265468      0.154662       410 
   2016EX41    18.44      2.750760      0.250557      0.145947       410 
  2017OD133    18.44      2.720231      0.257126      0.156114       410 
   2012VX82    18.46      2.740110      0.255890      0.146089       410 
   2015HY69    18.46      2.724529      0.255649      0.163701       410 
  2016QP110    18.46      2.767381      0.256494      0.153741       410 
  2001SU364    18.48      2.794199      0.262335      0.152816       410 
  2008TF199    18.48      2.717259      0.267464      0.155401       410 
   2010NL38    18.49      2.790498      0.263349      0.150821       410 
  2012DO126    18.49      2.716382      0.261179      0.159792       410 
  2014WA337    18.49      2.743420      0.260591      0.152163       410 
   2006WD92    18.50      2.747463      0.262660      0.156134       410 
   2012FC26    18.50      2.793698      0.257205      0.152789       410 
   2012VW14    18.50      2.715992      0.256355      0.159933       410 
   2014AJ19    18.50      2.746715      0.260849      0.152424       410 
   2017BJ88    18.51      2.791803      0.256514      0.154250       410 
   2012QV71    18.52      2.793886      0.252500      0.146435       410 
  2003UY391    18.52      2.780750      0.259952      0.154595       410 
  2016AL167    18.52      2.786996      0.257514      0.159568       410 
   2005RS36    18.53      2.759522      0.255240      0.157472       410 
  2017BV173    18.53      2.782472      0.262529      0.152049       410 
  2015VU116    18.54      2.761618      0.257339      0.156999       410 
   2013LT44    18.56      2.799252      0.255910      0.156817       410 
   2019TQ37    18.56      2.732943      0.262980      0.144014       410 
   2015KN78    18.58      2.781384      0.261739      0.158055       410 
   2015VN72    18.58      2.720291      0.258995      0.151918       410 
   2011RA36    18.59      2.756046      0.262876      0.154599       410 
   2013BL54    18.59      2.766868      0.257491      0.154122       410 
   2020BC66    18.61      2.747641      0.258401      0.155926       410 
  2011SA320    18.61      2.778497      0.268240      0.153075       410 
  2012FL110    18.67      2.786950      0.257415      0.152129       410 
    2020MT9    18.68      2.726313      0.251816      0.151325       410 
   2016VB45    18.68      2.761434      0.263806      0.154476       410 
   2018XQ29    18.68      2.768221      0.253557      0.152517       410 
  2001UX226    18.70      2.743384      0.254009      0.150653       410 
   2021ED25    18.71      2.743466      0.256081      0.155913       410 
   2006VQ58    18.73      2.756474      0.266955      0.150069       410 
   2013EG69    18.75      2.725172      0.259612      0.159846       410 
   2017YY56    18.76      2.791083      0.252875      0.157832       410 
  2007VK278    18.77      2.720554      0.268695      0.154675       410 
  2003UR385    18.81      2.738551      0.264378      0.156241       410 
  2006VV183    18.82      2.799153      0.245865      0.150715       410 
  2012TY377    18.85      2.743585      0.260234      0.159811       410 
   2018AY53    18.87      2.726789      0.259800      0.152380       410 
   2018AY62    18.89      2.719830      0.263260      0.142353       410 
  2011SE338    18.90      2.714388      0.255949      0.152793       410 
   2020PF69    18.91      2.786939      0.267324      0.149862       410 
  2007RE258    18.91      2.781419      0.265890      0.154553       410 
  2009UR109    18.93      2.714213      0.256935      0.156866       410 
   2008SO63    18.94      2.751422      0.256176      0.151657       410 
  2010TW166    19.02      2.774263      0.257867      0.154309       410 
  2006SU431    19.08      2.716634      0.254141      0.150498       410 
  2016AA317    19.08      2.747028      0.260874      0.157070       410 
  2008RU181    19.11      2.751602      0.255186      0.158604       410 
   2021JN26    19.14      2.775186      0.257312      0.154796       410 
  2009SW176    19.17      2.747343      0.256484      0.162220       410 
  2016NM168    19.24      2.799127      0.267141      0.151432       410 
  2007VO233    19.29      2.803302      0.251410      0.157436       410 
   2007VC34    19.32      2.724168      0.255369      0.157095       410 
   2012SB96    19.38      2.751033      0.253414      0.148516       410 
  2007RZ237    19.59      2.785318      0.256765      0.155383       410 
