       4203    12.39      2.605150      0.141155      0.482841      4203 
      94030    13.10      2.609224      0.145650      0.463155      4203 
      10369    13.12      2.609233      0.132577      0.480507      4203 
      87345    14.21      2.595725      0.146079      0.472949      4203 
      68205    14.31      2.613894      0.140291      0.473331      4203 
     122916    14.32      2.614487      0.144584      0.471861      4203 
     101515    14.38      2.592533      0.110694      0.474847      4203 
      70280    14.40      2.622605      0.134746      0.476255      4203 
      91136    14.49      2.613354      0.138571      0.482795      4203 
     148550    14.51      2.577694      0.149701      0.489122      4203 
      59510    14.58      2.588827      0.157831      0.492397      4203 
     143410    14.68      2.583194      0.132488      0.481742      4203 
     121234    14.72      2.567522      0.105065      0.475459      4203 
     116831    14.73      2.600124      0.120421      0.480536      4203 
     130095    14.76      2.571097      0.110884      0.475109      4203 
     195207    14.88      2.564854      0.117630      0.478678      4203 
      80497    14.89      2.585724      0.110460      0.468359      4203 
     200122    14.89      2.590735      0.165566      0.498783      4203 
     193390    14.91      2.632583      0.131877      0.478294      4203 
     210841    14.91      2.596259      0.140846      0.486458      4203 
     174846    14.96      2.588742      0.145625      0.491416      4203 
      94747    14.97      2.561342      0.101292      0.463635      4203 
     142549    14.98      2.604914      0.139276      0.483541      4203 
     143220    14.98      2.559034      0.119580      0.473701      4203 
     240439    15.05      2.587259      0.146628      0.494723      4203 
     170917    15.10      2.571007      0.142380      0.498363      4203 
     158028    15.11      2.578075      0.122520      0.476766      4203 
     153105    15.12      2.616235      0.147976      0.461400      4203 
     159621    15.13      2.589873      0.135313      0.480159      4203 
     252250    15.14      2.577383      0.133622      0.484937      4203 
     133558    15.23      2.574481      0.121956      0.476886      4203 
     227427    15.24      2.591554      0.164906      0.496868      4203 
      86966    15.26      2.584021      0.162738      0.493811      4203 
      68640    15.30      2.633057      0.131447      0.475003      4203 
     109315    15.32      2.568715      0.099761      0.473321      4203 
     123179    15.33      2.638516      0.131672      0.477944      4203 
     123092    15.35      2.578932      0.103233      0.475219      4203 
     180601    15.36      2.566087      0.119045      0.480636      4203 
     239759    15.36      2.568833      0.101719      0.478247      4203 
     422752    15.37      2.597399      0.142163      0.484896      4203 
     226004    15.38      2.566565      0.112342      0.477842      4203 
     171150    15.41      2.591527      0.107665      0.472696      4203 
     145336    15.45      2.597126      0.110631      0.473289      4203 
     387485    15.45      2.591832      0.138856      0.478309      4203 
     266709    15.51      2.587207      0.153048      0.490492      4203 
     454352    15.52      2.580823      0.119602      0.480348      4203 
     295860    15.53      2.575382      0.122407      0.473030      4203 
     212177    15.55      2.555804      0.115474      0.481710      4203 
     313529    15.55      2.616133      0.140688      0.467256      4203 
     167202    15.58      2.597285      0.148434      0.472682      4203 
     350047    15.60      2.556139      0.120243      0.482024      4203 
     439298    15.62      2.584658      0.156028      0.490754      4203 
     332139    15.63      2.583984      0.120356      0.471768      4203 
     258525    15.64      2.622791      0.136449      0.470973      4203 
     100641    15.66      2.606432      0.145328      0.471749      4203 
     258128    15.68      2.583284      0.137956      0.486485      4203 
     326438    15.68      2.583352      0.135484      0.489849      4203 
     412414    15.69      2.588412      0.113945      0.477369      4203 
     198284    15.75      2.607676      0.108583      0.472847      4203 
     355302    15.75      2.612062      0.138956      0.475112      4203 
     238670    15.77      2.610875      0.131127      0.482895      4203 
     227433    15.79      2.564268      0.152080      0.487598      4203 
     143134    15.82      2.567447      0.108300      0.472644      4203 
     230282    15.82      2.563065      0.116705      0.480017      4203 
     166348    15.83      2.593671      0.116102      0.479997      4203 
     448764    15.83      2.582679      0.110180      0.478842      4203 
     245221    15.89      2.575840      0.136900      0.486399      4203 
     354996    15.91      2.586339      0.128665      0.480534      4203 
     390748    15.94      2.598263      0.155913      0.491229      4203 
     442238    15.95      2.589065      0.169439      0.493158      4203 
     382115    15.96      2.598603      0.116470      0.472815      4203 
     335555    15.97      2.592414      0.146861      0.489533      4203 
     437277    15.97      2.588958      0.129603      0.480686      4203 
     404927    16.00      2.575181      0.104988      0.463906      4203 
     238620    16.02      2.578554      0.115976      0.477942      4203 
     334406    16.02      2.593392      0.123034      0.479464      4203 
     416606    16.02      2.571480      0.122161      0.481292      4203 
     477509    16.05      2.612856      0.146528      0.466879      4203 
     497165    16.07      2.607383      0.152424      0.491281      4203 
     476915    16.09      2.557495      0.110652      0.479611      4203 
     498579    16.09      2.609140      0.148101      0.465351      4203 
     419835    16.11      2.581755      0.155373      0.491441      4203 
     241892    16.12      2.567474      0.111614      0.480011      4203 
     276459    16.13      2.616133      0.139014      0.481204      4203 
     269785    16.14      2.598081      0.159328      0.494407      4203 
     550581    16.15      2.568379      0.104264      0.466949      4203 
     326414    16.16      2.609689      0.141891      0.485059      4203 
     374360    16.16      2.589879      0.146417      0.492202      4203 
   2010VH20    16.16      2.570925      0.103974      0.471139      4203 
     298373    16.17      2.543064      0.116904      0.477290      4203 
     349740    16.17      2.601573      0.133925      0.483774      4203 
     415892    16.17      2.636470      0.135165      0.483024      4203 
     592564    16.20      2.577697      0.108603      0.470967      4203 
     485691    16.21      2.594371      0.157727      0.494096      4203 
     391955    16.24      2.551203      0.137866      0.490883      4203 
     251074    16.25      2.568425      0.119393      0.482227      4203 
     353231    16.27      2.547413      0.114013      0.483122      4203 
     388599    16.27      2.587516      0.150417      0.487470      4203 
   2012BR22    16.28      2.597886      0.157585      0.495565      4203 
   2018XV19    16.30      2.576375      0.149902      0.485177      4203 
     535226    16.31      2.568814      0.139738      0.496569      4203 
     493704    16.33      2.559828      0.117822      0.476058      4203 
     485514    16.34      2.585696      0.109445      0.469457      4203 
     285756    16.37      2.556407      0.105130      0.476762      4203 
     468196    16.40      2.591567      0.149065      0.488054      4203 
   2014PH60    16.40      2.624544      0.143676      0.472113      4203 
     499725    16.44      2.599202      0.147527      0.463831      4203 
     449454    16.45      2.567722      0.118507      0.478458      4203 
    2010PR2    16.48      2.542416      0.116956      0.480155      4203 
     451489    16.49      2.584752      0.153955      0.491877      4203 
     418408    16.50      2.587426      0.118532      0.480556      4203 
     342655    16.51      2.583173      0.106361      0.468658      4203 
     447160    16.51      2.627023      0.138443      0.475841      4203 
     501256    16.51      2.602844      0.146351      0.489425      4203 
     375020    16.53      2.567343      0.106082      0.473043      4203 
     499774    16.54      2.622908      0.138464      0.479500      4203 
     499380    16.55      2.612199      0.136334      0.468284      4203 
  2002CD196    16.55      2.586893      0.161345      0.489731      4203 
     459035    16.56      2.554954      0.125372      0.483034      4203 
     253054    16.57      2.553911      0.140465      0.490246      4203 
    2017AB7    16.59      2.576734      0.138069      0.484861      4203 
     408988    16.60      2.556639      0.132632      0.483989      4203 
     495011    16.60      2.622763      0.134533      0.479611      4203 
   2010LH23    16.61      2.592127      0.129060      0.478761      4203 
  2010CN243    16.61      2.579035      0.105192      0.468316      4203 
   2012RB12    16.62      2.591570      0.163806      0.493373      4203 
     507758    16.63      2.559492      0.106624      0.475616      4203 
     434700    16.66      2.585941      0.151166      0.460244      4203 
  2010NH116    16.66      2.582233      0.158994      0.488181      4203 
     526919    16.67      2.596820      0.111977      0.470652      4203 
     515530    16.70      2.566970      0.131994      0.485860      4203 
     504720    16.76      2.547029      0.141781      0.494446      4203 
   2003UV97    16.76      2.583954      0.164749      0.491945      4203 
  2003QM104    16.77      2.554454      0.144324      0.494189      4203 
     448319    16.78      2.571496      0.141688      0.488462      4203 
   2010BQ66    16.78      2.589129      0.150860      0.489851      4203 
   2008HU63    16.82      2.640355      0.131372      0.477718      4203 
   2012SX74    16.84      2.583688      0.127784      0.481814      4203 
     462276    16.87      2.571149      0.125047      0.481964      4203 
   2012HZ51    16.87      2.585503      0.133438      0.478490      4203 
   2017VK36    16.88      2.565305      0.145244      0.496386      4203 
  2009UC146    16.88      2.588735      0.142675      0.491399      4203 
     562273    16.89      2.580407      0.140868      0.485065      4203 
   2002SW44    16.89      2.630527      0.141831      0.474102      4203 
     562428    16.90      2.594613      0.127874      0.481758      4203 
   2009QB72    16.94      2.599167      0.143438      0.488029      4203 
   2014TT88    16.95      2.581505      0.150954      0.491556      4203 
     538959    17.00      2.590640      0.136681      0.481538      4203 
     610226    17.00      2.552233      0.114631      0.481586      4203 
  2014WE482    17.00      2.548721      0.139944      0.490426      4203 
     577708    17.06      2.581581      0.124583      0.481640      4203 
     573998    17.11      2.614635      0.138681      0.470849      4203 
  2007TJ307    17.11      2.621064      0.136120      0.487445      4203 
   2010LP49    17.15      2.567315      0.130505      0.481806      4203 
     605394    17.16      2.569103      0.139759      0.486280      4203 
   2010BR47    17.16      2.582958      0.108154      0.463615      4203 
  2014HZ226    17.16      2.546226      0.122817      0.481199      4203 
     591450    17.18      2.567635      0.099063      0.475329      4203 
  2015RY281    17.18      2.596711      0.151827      0.493049      4203 
   2018GO17    17.20      2.577292      0.128163      0.482616      4203 
  2017BE151    17.22      2.582776      0.160473      0.501570      4203 
     518458    17.24      2.593156      0.108446      0.475699      4203 
     585657    17.25      2.557671      0.121953      0.480024      4203 
    2010EQ2    17.26      2.597980      0.145848      0.466294      4203 
   2019TC79    17.26      2.616586      0.143500      0.468269      4203 
     432756    17.29      2.582636      0.133448      0.475419      4203 
  2015XS390    17.29      2.561997      0.112802      0.480799      4203 
   2003TV61    17.30      2.592360      0.155496      0.492892      4203 
     550939    17.33      2.582050      0.111722      0.478368      4203 
  2015TD303    17.33      2.557708      0.113779      0.481911      4203 
     575489    17.34      2.603934      0.113726      0.471475      4203 
   2019GK18    17.34      2.564417      0.102504      0.468087      4203 
   2009EM35    17.36      2.554298      0.110001      0.480022      4203 
   2010MB88    17.38      2.584043      0.162931      0.500131      4203 
   2015RZ44    17.39      2.591409      0.105420      0.476002      4203 
   2018RQ46    17.41      2.584647      0.138819      0.485206      4203 
     554674    17.42      2.590980      0.168362      0.496189      4203 
   2010KM92    17.46      2.558685      0.142686      0.490954      4203 
     505976    17.47      2.613436      0.143133      0.469992      4203 
   2010PS86    17.47      2.573963      0.110263      0.475663      4203 
   2020MF38    17.49      2.561190      0.117362      0.482300      4203 
     509737    17.50      2.583490      0.124843      0.480922      4203 
   2014CP33    17.50      2.601666      0.139836      0.485978      4203 
   2017SZ90    17.50      2.616295      0.140862      0.467666      4203 
  2014SO174    17.54      2.611151      0.135863      0.484591      4203 
   2006KE99    17.58      2.577632      0.144854      0.495215      4203 
  2008CO112    17.60      2.563908      0.123032      0.471884      4203 
   2006ED26    17.66      2.577384      0.145197      0.491036      4203 
     466659    17.68      2.567485      0.133219      0.485250      4203 
   2004QW32    17.68      2.579788      0.131495      0.485393      4203 
  2015RE291    17.70      2.571730      0.103264      0.476444      4203 
   2013WZ92    17.71      2.567725      0.148582      0.487291      4203 
    2016RT4    17.73      2.535958      0.135700      0.488025      4203 
    2017JT9    17.73      2.543047      0.136607      0.490402      4203 
   2016WB38    17.74      2.565996      0.119274      0.484627      4203 
   2014YZ95    17.75      2.595446      0.150786      0.462070      4203 
   2017XG69    17.76      2.602062      0.114731      0.468496      4203 
   2015DO27    17.77      2.580261      0.116374      0.478662      4203 
   2019SK94    17.77      2.559684      0.136769      0.489281      4203 
  2016PX179    17.79      2.622716      0.134080      0.471612      4203 
   2018AY44    17.92      2.637955      0.133292      0.478726      4203 
   2015OO94    17.93      2.588266      0.109141      0.464149      4203 
   2020VV13    17.95      2.590351      0.135063      0.483006      4203 
  2018VN127    18.04      2.550552      0.140037      0.489757      4203 
   2016BT24    18.06      2.561181      0.116036      0.483016      4203 
  2016TV151    18.08      2.591410      0.133177      0.482224      4203 
  2014WK557    18.09      2.614794      0.111783      0.473025      4203 
  2016PF241    18.19      2.634328      0.135448      0.479050      4203 
  2007VD179    18.22      2.559652      0.121982      0.475276      4203 
   2013VZ36    18.27      2.618135      0.133374      0.482050      4203 
  2015OM116    18.40      2.562030      0.099975      0.465015      4203 
   2018PN48    18.58      2.570440      0.115677      0.483485      4203 
