        525    12.12      2.245207      0.147799      0.115878       525 
     534611    18.15      2.245817      0.147640      0.116420       525 
  2010VC228    18.17      2.245668      0.148071      0.116571       525 
     527639    18.26      2.246326      0.147405      0.116313       525 
     452322    18.29      2.246182      0.148325      0.117041       525 
     422494    18.34      2.245679      0.147401      0.116528       525 
  2006SK449    18.34      2.245715      0.147576      0.116159       525 
     545614    18.39      2.245655      0.147849      0.116470       525 
   2016QE71    18.39      2.245427      0.147523      0.116409       525 
     572868    18.43      2.245699      0.147711      0.116364       525 
     616487    18.44      2.245634      0.147667      0.116307       525 
     475474    18.45      2.245182      0.147629      0.116170       525 
     486081    18.51      2.245705      0.147556      0.116206       525 
     555571    18.53      2.245198      0.147861      0.115905       525 
     572830    18.56      2.245658      0.148007      0.116481       525 
     463394    18.57      2.244979      0.147880      0.115985       525 
  2007VT345    18.58      2.245236      0.147782      0.115905       525 
  2008ET179    18.64      2.245664      0.147923      0.116620       525 
     517580    18.65      2.245674      0.148059      0.116683       525 
   2016GO11    18.67      2.244712      0.148061      0.116146       525 
  2008UR414    18.67      2.245742      0.147494      0.116384       525 
  2015RM186    18.70      2.246188      0.148406      0.116963       525 
     593790    18.76      2.245012      0.147875      0.115945       525 
  2010XB115    18.76      2.245699      0.147719      0.116315       525 
     504375    18.79      2.245663      0.147880      0.116662       525 
   2016FA34    18.79      2.245337      0.147706      0.116084       525 
   2017AU38    18.80      2.245667      0.148040      0.116648       525 
  2009WJ157    18.80      2.245822      0.147471      0.116285       525 
  2005UF193    18.81      2.245670      0.147806      0.116633       525 
     552867    18.82      2.245664      0.147942      0.116689       525 
   2017TG26    18.93      2.245076      0.147893      0.115804       525 
  2013TY219    18.95      2.244883      0.147929      0.116063       525 
  2014WM167    18.95      2.245693      0.148006      0.116659       525 
   2015HU72    18.96      2.245741      0.147511      0.116325       525 
  2016AL322    18.96      2.245342      0.147666      0.116268       525 
   2004HU76    18.97      2.245668      0.147565      0.116179       525 
     569552    18.99      2.245666      0.147997      0.116372       525 
  2015BE285    19.01      2.245299      0.147588      0.116384       525 
  2013GR162    19.05      2.245771      0.147581      0.116371       525 
   2004HJ85    19.08      2.245669      0.147466      0.116427       525 
   2019BT11    19.11      2.245237      0.147824      0.115893       525 
  2014JY105    19.13      2.246191      0.147619      0.116741       525 
   2017WP50    19.15      2.245006      0.147942      0.116030       525 
  2007TA504    19.19      2.245670      0.148198      0.116841       525 
  2014EM164    19.20      2.245070      0.147846      0.115860       525 
   2015XC92    19.22      2.246054      0.147550      0.116695       525 
   2019TC62    19.22      2.246220      0.148264      0.117000       525 
   2017HL72    19.25      2.246131      0.148032      0.116796       525 
   2015UR18    19.26      2.245662      0.148279      0.117128       525 
   2015TD44    19.30      2.244636      0.148045      0.116366       525 
  2012TM342    19.32      2.244955      0.147916      0.115907       525 
  2016CX104    19.32      2.244664      0.148143      0.116273       525 
   2016CP95    19.33      2.246145      0.147942      0.116776       525 
  2017RS100    19.33      2.244994      0.147757      0.116980       525 
   2017UF65    19.34      2.245178      0.147832      0.116050       525 
   2016TN41    19.36      2.244574      0.148189      0.116520       525 
   2020ML45    19.38      2.245678      0.147360      0.116199       525 
   2016FR33    19.39      2.245648      0.148210      0.116765       525 
  2013TR236    19.39      2.246057      0.147376      0.116587       525 
   2014EU96    19.43      2.245710      0.147719      0.116457       525 
   2014EQ81    19.45      2.246094      0.148153      0.116925       525 
  2013CH251    19.51      2.245673      0.147716      0.116274       525 
    2022BM6    19.58      2.245663      0.148045      0.116789       525 
  2016EX318    19.65      2.244732      0.148024      0.116253       525 
   2020PM79    19.74      2.245915      0.147475      0.116504       525 
   2013HB97    20.16      2.246067      0.147977      0.116747       525 
