      72019    14.23      2.724418      0.172431      0.249624     53546 
      53546    14.29      2.721367      0.171339      0.249580     53546 
     119883    14.43      2.728943      0.171566      0.248824     53546 
      71719    14.51      2.721047      0.171689      0.245415     53546 
     113196    14.66      2.709496      0.170606      0.247924     53546 
     117502    14.82      2.732967      0.171995      0.248693     53546 
     128277    14.84      2.729741      0.171607      0.248738     53546 
      70856    14.99      2.720947      0.172376      0.249462     53546 
     131260    15.11      2.726409      0.171634      0.248226     53546 
     151250    15.19      2.721266      0.173801      0.248893     53546 
     168692    15.19      2.724833      0.173738      0.249104     53546 
     105084    15.21      2.722953      0.173245      0.249195     53546 
      76757    15.27      2.727701      0.173492      0.249294     53546 
     202196    15.27      2.726755      0.173614      0.249359     53546 
     115420    15.31      2.724987      0.173058      0.249397     53546 
     140095    15.32      2.726661      0.173390      0.250130     53546 
     206002    15.36      2.715904      0.170870      0.249290     53546 
     211265    15.36      2.734179      0.172354      0.248469     53546 
     103455    15.39      2.719552      0.173667      0.251336     53546 
     212234    15.40      2.719071      0.171427      0.248793     53546 
     225622    15.43      2.718510      0.171316      0.249532     53546 
     230399    15.52      2.714498      0.171208      0.244575     53546 
     167521    15.53      2.724184      0.171487      0.248446     53546 
     144407    15.61      2.716990      0.172992      0.250491     53546 
     226783    15.64      2.717170      0.165774      0.247454     53546 
     146559    15.65      2.709907      0.171707      0.249468     53546 
     313197    15.66      2.714156      0.172509      0.251003     53546 
     302766    15.67      2.724624      0.170246      0.248050     53546 
     227903    15.71      2.720438      0.169781      0.248785     53546 
     265683    15.73      2.723450      0.173767      0.250898     53546 
     179955    15.75      2.729363      0.171358      0.247591     53546 
     242251    15.76      2.720449      0.171994      0.249079     53546 
     276508    15.80      2.719222      0.170269      0.247712     53546 
     256401    15.81      2.742127      0.171844      0.247837     53546 
     302755    15.83      2.741158      0.171990      0.247779     53546 
     390935    15.83      2.722508      0.170533      0.249004     53546 
     219418    15.84      2.713413      0.172785      0.247178     53546 
     230395    15.85      2.743721      0.170852      0.247222     53546 
     307926    15.88      2.714233      0.172655      0.249332     53546 
     366370    15.98      2.715179      0.171305      0.249413     53546 
     152192    16.01      2.735191      0.173363      0.248518     53546 
     354468    16.02      2.718649      0.171347      0.248969     53546 
     373386    16.03      2.719124      0.167233      0.244720     53546 
     381424    16.04      2.727078      0.171902      0.247258     53546 
     209270    16.06      2.714517      0.170542      0.247233     53546 
     311801    16.11      2.706879      0.173187      0.249506     53546 
     376473    16.11      2.714885      0.172830      0.249803     53546 
     325595    16.12      2.730834      0.170077      0.247696     53546 
     254986    16.14      2.716022      0.170594      0.248003     53546 
     437428    16.17      2.712474      0.170263      0.249098     53546 
     311104    16.18      2.719866      0.170815      0.249147     53546 
     298196    16.24      2.719876      0.173205      0.249430     53546 
     384103    16.27      2.713216      0.169185      0.247396     53546 
     417224    16.27      2.713022      0.172188      0.248864     53546 
     487325    16.28      2.726708      0.172417      0.249055     53546 
     314911    16.29      2.717789      0.171174      0.248122     53546 
     353124    16.29      2.735350      0.172233      0.248045     53546 
     406711    16.32      2.713984      0.171520      0.249755     53546 
     317657    16.35      2.719540      0.172691      0.249563     53546 
     484196    16.36      2.710903      0.170733      0.249130     53546 
     316324    16.38      2.729492      0.170631      0.247828     53546 
     299078    16.40      2.728664      0.172364      0.247649     53546 
     382986    16.41      2.712671      0.171171      0.245551     53546 
     380898    16.42      2.712115      0.172082      0.250136     53546 
     327242    16.43      2.735126      0.174327      0.249946     53546 
     601450    16.43      2.719878      0.172192      0.250182     53546 
     468322    16.44      2.710496      0.172868      0.250231     53546 
     504644    16.44      2.746103      0.172991      0.248422     53546 
     258409    16.45      2.719205      0.171028      0.248688     53546 
  2015HP186    16.45      2.717400      0.172094      0.249059     53546 
     386459    16.46      2.722312      0.172157      0.247980     53546 
     431786    16.46      2.732863      0.171469      0.247939     53546 
     446060    16.46      2.713617      0.169727      0.248103     53546 
     265327    16.47      2.711170      0.169195      0.247188     53546 
     394275    16.49      2.713218      0.171511      0.249730     53546 
     438614    16.50      2.727924      0.174548      0.249685     53546 
     251658    16.51      2.720080      0.172271      0.249840     53546 
     284271    16.51      2.710782      0.171660      0.250094     53546 
     407774    16.54      2.715458      0.172720      0.248684     53546 
     417145    16.55      2.715491      0.172053      0.248910     53546 
    2011TJ9    16.64      2.714605      0.173401      0.251150     53546 
  2002TX270    16.65      2.712309      0.171644      0.249826     53546 
     462427    16.66      2.723304      0.169896      0.248085     53546 
     498669    16.66      2.712975      0.167404      0.244629     53546 
     598818    16.68      2.721747      0.170586      0.248459     53546 
     353805    16.70      2.731045      0.174723      0.250102     53546 
     551818    16.70      2.715046      0.172114      0.248535     53546 
     532187    16.73      2.728459      0.173949      0.248863     53546 
     444480    16.77      2.730996      0.169327      0.248020     53546 
  2015TE312    16.77      2.714864      0.171777      0.248479     53546 
     355395    16.78      2.711869      0.169710      0.246986     53546 
     478760    16.78      2.715872      0.171901      0.249741     53546 
     514291    16.78      2.733551      0.171546      0.248290     53546 
     302737    16.80      2.719022      0.170227      0.247709     53546 
  2015BV354    16.81      2.725857      0.172994      0.247974     53546 
     412362    16.82      2.711962      0.167998      0.247140     53546 
     469920    16.82      2.726311      0.172350      0.247711     53546 
     519407    16.84      2.719364      0.172391      0.248268     53546 
     498650    16.85      2.721942      0.174780      0.250238     53546 
     591654    16.85      2.732331      0.172528      0.248790     53546 
     615364    16.85      2.718079      0.167378      0.244978     53546 
   2011US27    16.85      2.708874      0.170987      0.249327     53546 
     469893    16.87      2.715342      0.171460      0.248525     53546 
    2016XK7    16.87      2.709492      0.172381      0.249414     53546 
     441941    16.88      2.712531      0.173608      0.249371     53546 
     589041    16.88      2.726646      0.172251      0.248920     53546 
   2011LX34    16.88      2.712514      0.170187      0.247308     53546 
     519413    16.91      2.712494      0.172024      0.248672     53546 
     430293    16.92      2.717353      0.172828      0.248199     53546 
   2012SB91    16.94      2.718464      0.171244      0.249214     53546 
     550237    16.95      2.711409      0.170497      0.247908     53546 
   2017TB14    16.95      2.732915      0.171926      0.246852     53546 
     422486    16.96      2.711360      0.171351      0.250447     53546 
     583201    16.96      2.711550      0.169952      0.248535     53546 
    2017JR4    16.96      2.718153      0.170353      0.246348     53546 
     472945    16.97      2.717499      0.171125      0.249079     53546 
    2015LF5    16.97      2.729651      0.172506      0.247654     53546 
  2016CD319    16.97      2.723250      0.171374      0.248549     53546 
   2013WA78    16.98      2.712523      0.172605      0.249108     53546 
  2003YW155    17.00      2.709495      0.171691      0.247820     53546 
     537861    17.03      2.709567      0.168406      0.248102     53546 
   2013JF62    17.03      2.715002      0.171281      0.248410     53546 
  2015DE243    17.03      2.718618      0.169489      0.248256     53546 
     394536    17.04      2.721506      0.172564      0.246976     53546 
     529582    17.05      2.718919      0.170037      0.247544     53546 
   2006XP81    17.05      2.733400      0.172125      0.246496     53546 
   2016SU48    17.05      2.719142      0.171544      0.249084     53546 
     514706    17.06      2.710327      0.170466      0.248604     53546 
   2016NN77    17.06      2.748639      0.173794      0.248788     53546 
  2016EH265    17.06      2.721276      0.171792      0.246700     53546 
     503264    17.07      2.720056      0.172109      0.246697     53546 
     557828    17.09      2.717195      0.167547      0.245827     53546 
     510682    17.10      2.721044      0.171591      0.247292     53546 
     479800    17.15      2.713185      0.169332      0.246995     53546 
  2016CR189    17.16      2.723211      0.172924      0.248547     53546 
     607930    17.17      2.713978      0.170501      0.247279     53546 
     441215    17.20      2.709531      0.170802      0.248913     53546 
     593272    17.23      2.719381      0.170725      0.248127     53546 
    2017SS7    17.23      2.715708      0.170725      0.248751     53546 
   2016LW38    17.24      2.712951      0.170714      0.248419     53546 
     603472    17.26      2.713217      0.172613      0.248947     53546 
     604941    17.27      2.745581      0.173061      0.248442     53546 
  2015XJ149    17.27      2.740535      0.171498      0.247832     53546 
     541869    17.28      2.714145      0.170972      0.247985     53546 
   2015GM10    17.28      2.723002      0.171099      0.247676     53546 
  2015XP125    17.28      2.708813      0.167427      0.246694     53546 
     508479    17.29      2.720890      0.172240      0.247093     53546 
     536043    17.29      2.712654      0.169280      0.245323     53546 
    2019HK2    17.29      2.715711      0.173119      0.247803     53546 
  2016QS101    17.29      2.722170      0.173170      0.249648     53546 
     516729    17.30      2.712524      0.172647      0.248355     53546 
   2007BY54    17.31      2.720955      0.173877      0.248088     53546 
  2009SA263    17.32      2.726493      0.172253      0.249555     53546 
  2017SJ152    17.32      2.729849      0.170328      0.246066     53546 
     533103    17.33      2.722048      0.171286      0.248746     53546 
     535322    17.33      2.741091      0.172631      0.248288     53546 
   2013FT29    17.33      2.708836      0.172806      0.249561     53546 
     580346    17.34      2.725201      0.172964      0.248830     53546 
     600318    17.35      2.715983      0.171733      0.248052     53546 
  2010JY176    17.36      2.717475      0.170678      0.246074     53546 
   2019AB79    17.37      2.735911      0.172024      0.247169     53546 
   2019RL77    17.37      2.713710      0.170747      0.248717     53546 
   2011WM43    17.38      2.725289      0.174601      0.248670     53546 
   2014XM32    17.38      2.708620      0.172125      0.250430     53546 
     568515    17.40      2.745732      0.171354      0.247275     53546 
   2007WP64    17.40      2.711500      0.173468      0.248880     53546 
   2018FW28    17.41      2.726802      0.170744      0.247303     53546 
     563837    17.43      2.734129      0.172348      0.248219     53546 
   2017PL45    17.43      2.716574      0.165843      0.245044     53546 
   2016TJ92    17.44      2.713210      0.173241      0.247024     53546 
     547731    17.45      2.723405      0.170440      0.247809     53546 
     590700    17.47      2.710444      0.169677      0.247024     53546 
     558508    17.50      2.717171      0.172030      0.249184     53546 
   2006YG63    17.50      2.723382      0.171812      0.246639     53546 
   2013SC44    17.52      2.719129      0.172107      0.249574     53546 
  2015PT313    17.52      2.738523      0.172950      0.249139     53546 
     565598    17.56      2.724450      0.170512      0.246755     53546 
    2015FG4    17.56      2.724231      0.173844      0.250328     53546 
  2014KZ122    17.56      2.730508      0.175861      0.250483     53546 
    2015AN6    17.61      2.736626      0.172837      0.248797     53546 
   2016WY58    17.63      2.716764      0.171211      0.246063     53546 
     528406    17.64      2.709353      0.170259      0.246618     53546 
   2013VZ46    17.64      2.710297      0.173155      0.248902     53546 
  2015TX384    17.65      2.717908      0.173058      0.246650     53546 
     557089    17.66      2.719289      0.168706      0.244614     53546 
   2008JK45    17.67      2.709760      0.167325      0.245202     53546 
   2018AT62    17.67      2.709620      0.171033      0.248576     53546 
  2013GH116    17.71      2.711787      0.170492      0.247099     53546 
  2000QK259    17.73      2.718396      0.171463      0.248159     53546 
     554045    17.74      2.712119      0.168267      0.244067     53546 
   2014MA78    17.74      2.708808      0.171138      0.247685     53546 
   2017VS11    17.74      2.714183      0.171636      0.248892     53546 
     575018    17.75      2.731731      0.174242      0.249404     53546 
  2015FA284    17.75      2.726633      0.173423      0.248693     53546 
   2019YK22    17.76      2.715815      0.172843      0.248705     53546 
   2016LE71    17.77      2.730130      0.172374      0.248738     53546 
   2021GN30    17.77      2.728714      0.172076      0.247794     53546 
  2016TL107    17.78      2.712952      0.170973      0.247869     53546 
   2016KN11    17.79      2.711898      0.166593      0.244503     53546 
  2002RJ293    17.81      2.716790      0.169261      0.246604     53546 
   2006UJ53    17.84      2.736385      0.170852      0.247892     53546 
   2009FP11    17.84      2.739088      0.171428      0.248170     53546 
  2013CL259    17.84      2.725130      0.171808      0.247132     53546 
  2016CH342    17.85      2.716029      0.166618      0.246474     53546 
  2016UH257    17.86      2.718639      0.166069      0.245105     53546 
  2014ES251    17.87      2.739220      0.170936      0.246949     53546 
   2021HF16    17.88      2.728809      0.171871      0.248849     53546 
   2020QF48    17.90      2.721991      0.172087      0.249348     53546 
  2014UJ282    17.96      2.727575      0.172503      0.248074     53546 
  2015BQ602    17.97      2.716275      0.168449      0.245373     53546 
   2016RB13    17.98      2.714085      0.172021      0.249306     53546 
   2017VX57    18.00      2.720054      0.171726      0.248433     53546 
     529395    18.01      2.725835      0.170330      0.246273     53546 
   2009KL41    18.03      2.724409      0.170615      0.248033     53546 
   2015UE22    18.03      2.721663      0.173234      0.248591     53546 
   2020QA23    18.03      2.737917      0.173400      0.247982     53546 
  2014EU250    18.06      2.709035      0.173014      0.247376     53546 
   2017MN20    18.08      2.717094      0.173605      0.251418     53546 
  2015VH210    18.09      2.724196      0.170973      0.249078     53546 
   2020UR10    18.11      2.716670      0.171417      0.247822     53546 
  2014WO294    18.18      2.715442      0.171538      0.248417     53546 
   2017DH76    18.20      2.710924      0.170049      0.246542     53546 
  2013YD158    18.20      2.710942      0.170403      0.247729     53546 
  2014OV424    18.22      2.711152      0.166375      0.244889     53546 
  2005SC158    18.23      2.714572      0.172209      0.248925     53546 
  2012DD125    18.23      2.713208      0.171768      0.247425     53546 
  2019GR131    18.27      2.721290      0.171628      0.248633     53546 
  2015ML158    18.28      2.741153      0.170573      0.246762     53546 
  2012UF102    18.31      2.727034      0.172124      0.247614     53546 
  2013YE122    18.34      2.713095      0.170277      0.247084     53546 
  2016TR188    18.36      2.720211      0.171343      0.248655     53546 
   2021HX23    18.39      2.721522      0.172774      0.248758     53546 
  2004TT386    18.41      2.708652      0.168029      0.246064     53546 
  2015BL611    18.43      2.711365      0.172571      0.248447     53546 
  2011SK325    18.45      2.717130      0.169827      0.247673     53546 
  2015RN224    18.46      2.711417      0.168967      0.246250     53546 
