  2010AJ104    -9.99      2.747735      0.263335      0.472189      5438 
       5438    11.54      2.747151      0.262923      0.472274      5438 
     208099    14.98      2.746888      0.263101      0.472161      5438 
     444003    15.82      2.746727      0.263056      0.472186      5438 
     456456    15.93      2.748051      0.262760      0.472133      5438 
     452369    15.99      2.747221      0.263178      0.472140      5438 
     336870    16.05      2.745280      0.263114      0.472053      5438 
     456555    16.25      2.746247      0.263019      0.472168      5438 
     569852    16.45      2.749551      0.261042      0.471604      5438 
     423692    16.52      2.746443      0.263027      0.472251      5438 
    2003BW5    16.52      2.747880      0.262516      0.472210      5438 
    2008DE8    16.57      2.744518      0.263186      0.471910      5438 
     526490    16.61      2.742784      0.263255      0.472064      5438 
  2016GG220    16.69      2.746406      0.263376      0.472263      5438 
   2010BW94    16.73      2.745629      0.263253      0.472316      5438 
  2016GA142    16.73      2.745662      0.263149      0.472265      5438 
   2010KC80    16.79      2.746634      0.263415      0.472376      5438 
     513137    16.81      2.744379      0.263176      0.471900      5438 
  2005EM121    16.83      2.745599      0.263025      0.472212      5438 
    2016EN7    16.90      2.744469      0.263151      0.471968      5438 
   2010AX32    17.04      2.746073      0.263439      0.472395      5438 
  2008AD104    17.06      2.747334      0.262976      0.472099      5438 
   2015YY22    17.09      2.745295      0.263312      0.472337      5438 
  2016AF326    17.11      2.746956      0.263177      0.472301      5438 
  2008CY232    17.12      2.744859      0.263162      0.471913      5438 
   2016BG81    17.18      2.747050      0.263025      0.472096      5438 
   2010KU83    17.20      2.746158      0.263273      0.472345      5438 
    2013OB1    17.22      2.747190      0.262980      0.472143      5438 
   2010DV33    17.24      2.746721      0.263404      0.472333      5438 
   2012DF17    17.25      2.744851      0.263159      0.472040      5438 
    2019WK9    17.34      2.746733      0.263233      0.472301      5438 
   2019AD30    17.39      2.747193      0.262834      0.472230      5438 
    2020WX6    17.40      2.747819      0.262409      0.471999      5438 
  2015BE212    17.41      2.746949      0.262892      0.472216      5438 
   2010BE51    17.42      2.742118      0.263809      0.471880      5438 
   2006XU81    17.46      2.746938      0.263196      0.472241      5438 
   2006YK65    17.47      2.746599      0.263458      0.472508      5438 
   2010EZ59    17.51      2.746209      0.263179      0.472253      5438 
   2017BB65    17.52      2.745853      0.263188      0.472259      5438 
   2010EW42    17.54      2.744819      0.263216      0.472076      5438 
   2012BF15    17.56      2.746596      0.262864      0.472402      5438 
   2010BQ57    17.59      2.746180      0.263162      0.472267      5438 
   2012EX11    17.61      2.744459      0.263165      0.472013      5438 
   2016FP56    17.62      2.746960      0.262334      0.472463      5438 
  2016PE205    17.64      2.745461      0.263483      0.472615      5438 
   2016YS33    17.65      2.746159      0.263051      0.471981      5438 
   2009FX85    17.66      2.747808      0.263254      0.471941      5438 
   2010HU43    17.67      2.745386      0.263427      0.472509      5438 
   2015EG76    17.67      2.750875      0.260777      0.468821      5438 
   2017YK26    17.67      2.746778      0.263154      0.472188      5438 
   2010DD72    17.70      2.747145      0.262964      0.472051      5438 
  2010LF129    17.70      2.744162      0.263602      0.471960      5438 
   2010GF45    17.71      2.746550      0.263042      0.472337      5438 
   2010MP21    17.72      2.745359      0.263108      0.472116      5438 
  2017UR151    17.76      2.751345      0.261354      0.470301      5438 
    2014DH2    17.80      2.745225      0.263474      0.472547      5438 
   2012CN34    17.82      2.746683      0.262989      0.472264      5438 
    2010LY3    17.87      2.744819      0.263312      0.472415      5438 
  2016BZ118    17.88      2.745912      0.263294      0.472308      5438 
   2010HL65    17.91      2.746737      0.263180      0.472180      5438 
  2010LO124    17.92      2.744798      0.263289      0.472387      5438 
   2006AX67    17.94      2.746805      0.263221      0.472143      5438 
  2014UV265    17.94      2.743755      0.264026      0.472208      5438 
  2010CG176    17.95      2.745368      0.263057      0.471945      5438 
  2010FP133    17.96      2.747973      0.262713      0.472015      5438 
   2020BN91    17.98      2.744654      0.263158      0.471993      5438 
  2008EZ179    17.98      2.743941      0.263301      0.472009      5438 
  2010EH115    18.00      2.746471      0.263408      0.472371      5438 
  2012DB123    18.02      2.745070      0.263338      0.472295      5438 
  2012DU121    18.03      2.746002      0.263239      0.472279      5438 
  2015BW618    18.05      2.746364      0.263344      0.472306      5438 
  2014QY575    18.12      2.744641      0.263150      0.472004      5438 
  2010HG102    18.13      2.748064      0.264575      0.471693      5438 
   2010MM66    18.14      2.745062      0.263266      0.472322      5438 
  2012HY104    18.15      2.742397      0.263498      0.472101      5438 
   2020BS20    18.16      2.744653      0.263306      0.472460      5438 
    2013DO7    18.17      2.745257      0.263229      0.472323      5438 
   2012HY59    18.17      2.743146      0.263214      0.472023      5438 
  2016BP118    18.17      2.746837      0.261322      0.472205      5438 
     2010OZ    18.19      2.744442      0.263360      0.471753      5438 
   2010JN69    18.20      2.743806      0.263442      0.472025      5438 
   2019AH46    18.23      2.746319      0.263361      0.472374      5438 
   2011FA64    18.29      2.744382      0.263100      0.472095      5438 
  2015XB194    18.29      2.742584      0.264130      0.472296      5438 
   2010FS51    18.34      2.746182      0.263289      0.472290      5438 
   2020RH74    18.40      2.741851      0.263818      0.471848      5438 
  2011BF200    18.47      2.746428      0.263344      0.472316      5438 
   2017WD67    18.64      2.746792      0.263399      0.472728      5438 
  2010OB146    18.82      2.745626      0.263447      0.472562      5438 
   2021UY34    18.93      2.741744      0.264273      0.472787      5438 
   2010KQ72    19.01      2.747112      0.263069      0.472273      5438 
  2016AQ295    19.19      2.737573      0.264399      0.471711      5438 
   2021HX20    19.29      2.742755      0.263547      0.472422      5438 
