       4105    12.75      2.882619      0.286735      0.147735      5614 
      20607    12.92      2.861052      0.275747      0.137066      5614 
       6952    13.02      2.902141      0.283198      0.139214      5614 
      12283    13.22      2.883253      0.277048      0.133768      5614 
       5614    13.44      2.870463      0.286210      0.139554      5614 
      10381    13.75      2.879356      0.288375      0.139457      5614 
     105137    14.21      2.881370      0.291823      0.137624      5614 
      63529    14.45      2.863312      0.289191      0.138934      5614 
      96507    14.45      2.865124      0.285778      0.139611      5614 
      57634    14.48      2.878516      0.293756      0.140011      5614 
      51557    14.55      2.876266      0.298401      0.138103      5614 
      50157    14.56      2.858456      0.274169      0.144724      5614 
     123982    14.56      2.879889      0.287755      0.142230      5614 
      33220    14.85      2.893669      0.280849      0.139499      5614 
      69792    14.88      2.862919      0.290770      0.140583      5614 
      70989    14.94      2.863019      0.290903      0.136484      5614 
     108269    15.04      2.890143      0.289263      0.137765      5614 
      86063    15.08      2.892359      0.273468      0.137284      5614 
      91530    15.09      2.863886      0.282212      0.138289      5614 
     164163    15.09      2.863170      0.288355      0.140940      5614 
     163374    15.13      2.880191      0.286551      0.138512      5614 
     105219    15.16      2.875493      0.277813      0.139853      5614 
     123881    15.18      2.865164      0.288672      0.138895      5614 
      58878    15.19      2.862196      0.284765      0.137745      5614 
     141076    15.19      2.866012      0.285701      0.140063      5614 
     152127    15.19      2.862274      0.291219      0.138510      5614 
     106268    15.22      2.890513      0.286579      0.140645      5614 
     156610    15.26      2.869035      0.288676      0.139803      5614 
     132759    15.27      2.902767      0.277024      0.142718      5614 
     193022    15.31      2.882121      0.286701      0.139255      5614 
     123870    15.33      2.881555      0.290970      0.137439      5614 
     180097    15.33      2.866029      0.283698      0.140829      5614 
     185620    15.34      2.861189      0.282959      0.137601      5614 
     164604    15.35      2.862964      0.284435      0.137400      5614 
     179026    15.40      2.890060      0.286490      0.146818      5614 
     219454    15.40      2.863947      0.289875      0.140310      5614 
     162856    15.42      2.902817      0.271223      0.136554      5614 
     265430    15.45      2.865689      0.272400      0.145391      5614 
     212932    15.52      2.861238      0.289222      0.139129      5614 
     109797    15.53      2.881311      0.288180      0.139262      5614 
  2012XD136    15.55      2.890547      0.303265      0.142753      5614 
     144568    15.60      2.851821      0.292689      0.144241      5614 
     217012    15.63      2.885397      0.286883      0.136868      5614 
     158525    15.73      2.858852      0.288058      0.140549      5614 
     178390    15.73      2.893713      0.271603      0.138023      5614 
     252035    15.77      2.847221      0.293275      0.143678      5614 
     164443    15.80      2.889049      0.280701      0.137992      5614 
     220611    15.81      2.895816      0.289116      0.137968      5614 
     144133    15.85      2.853679      0.289312      0.126821      5614 
     177039    15.85      2.859344      0.286983      0.140923      5614 
     155797    15.87      2.853782      0.271415      0.130271      5614 
     160857    15.89      2.861190      0.290387      0.139624      5614 
     162877    15.90      2.855642      0.296562      0.134186      5614 
     269798    15.91      2.855392      0.298714      0.141784      5614 
     230448    15.92      2.879343      0.285270      0.140183      5614 
     257590    15.95      2.866407      0.285385      0.134552      5614 
     241980    15.98      2.857089      0.299003      0.144062      5614 
     338394    15.98      2.889994      0.298280      0.138133      5614 
     245047    15.99      2.851742      0.297373      0.139466      5614 
     521004    16.06      2.901856      0.296023      0.135715      5614 
     169952    16.09      2.856523      0.294534      0.138730      5614 
     414927    16.12      2.859237      0.288529      0.137555      5614 
     261319    16.16      2.887115      0.284935      0.140431      5614 
     275802    16.16      2.861425      0.297849      0.139294      5614 
     338077    16.16      2.862990      0.292070      0.137192      5614 
     370508    16.16      2.854345      0.276516      0.133121      5614 
     201698    16.19      2.857160      0.291063      0.141295      5614 
     268124    16.20      2.903162      0.292614      0.139317      5614 
     291746    16.20      2.849921      0.276893      0.134007      5614 
     466298    16.20      2.849948      0.288501      0.133645      5614 
     370494    16.23      2.894329      0.281927      0.137793      5614 
     611510    16.23      2.915463      0.277456      0.141418      5614 
     370481    16.25      2.891769      0.284146      0.135943      5614 
     229987    16.26      2.893420      0.275524      0.136715      5614 
     392119    16.26      2.845625      0.279490      0.142162      5614 
     365383    16.27      2.870988      0.294798      0.140369      5614 
     138698    16.30      2.852738      0.269315      0.132298      5614 
     382777    16.34      2.849218      0.294186      0.133163      5614 
     469484    16.35      2.851945      0.264543      0.132980      5614 
     321943    16.37      2.851275      0.288573      0.136934      5614 
     376824    16.37      2.851847      0.293650      0.127715      5614 
     385853    16.37      2.858220      0.284003      0.139079      5614 
     285879    16.39      2.869282      0.283619      0.138120      5614 
     310597    16.43      2.869697      0.282696      0.138660      5614 
     225106    16.44      2.891622      0.278461      0.137390      5614 
     322940    16.45      2.908625      0.268798      0.136385      5614 
     354334    16.46      2.855617      0.280247      0.131432      5614 
     454030    16.51      2.854051      0.296594      0.135162      5614 
     250716    16.52      2.849179      0.284268      0.149408      5614 
   2014UL98    16.52      2.901507      0.272323      0.138316      5614 
     509494    16.53      2.854071      0.279327      0.136702      5614 
     416652    16.54      2.866446      0.284049      0.138353      5614 
     301808    16.55      2.886936      0.284658      0.140398      5614 
     606946    16.57      2.863225      0.287820      0.137707      5614 
     422727    16.59      2.854938      0.288649      0.142152      5614 
     379956    16.62      2.846246      0.297975      0.143312      5614 
     338249    16.63      2.852047      0.289703      0.129898      5614 
     434391    16.63      2.848551      0.280871      0.125803      5614 
     447526    16.63      2.852220      0.277734      0.136351      5614 
     519149    16.63      2.889354      0.294688      0.137801      5614 
     347883    16.65      2.884240      0.278935      0.137115      5614 
     464701    16.65      2.851797      0.293148      0.138294      5614 
   2014VO41    16.65      2.896822      0.283672      0.137268      5614 
     416271    16.66      2.848938      0.267656      0.134498      5614 
  2001OP114    16.66      2.876742      0.288504      0.139187      5614 
     450399    16.68      2.849285      0.281346      0.144872      5614 
     583594    16.69      2.858979      0.287611      0.135225      5614 
     375302    16.71      2.847498      0.291833      0.129666      5614 
     291549    16.73      2.857262      0.286659      0.144313      5614 
     452329    16.73      2.858338      0.287436      0.134663      5614 
     401869    16.74      2.866311      0.290041      0.139293      5614 
     439963    16.74      2.864536      0.289187      0.139723      5614 
  2008WJ166    16.74      2.881750      0.289123      0.139906      5614 
     393390    16.76      2.846519      0.274241      0.133530      5614 
   2013AY26    16.77      2.846513      0.281392      0.148078      5614 
  2005UZ460    16.78      2.890911      0.292392      0.137073      5614 
     483206    16.79      2.850493      0.296554      0.141633      5614 
     528777    16.79      2.870040      0.289548      0.137551      5614 
     252788    16.81      2.857287      0.277480      0.134924      5614 
     547734    16.82      2.859750      0.297563      0.136464      5614 
     317211    16.83      2.871570      0.297468      0.138844      5614 
     396787    16.84      2.846312      0.267908      0.134586      5614 
     515713    16.85      2.850337      0.282288      0.131518      5614 
     507102    16.86      2.862217      0.288717      0.137594      5614 
     612183    16.86      2.874225      0.293641      0.138552      5614 
     380463    16.87      2.849686      0.274806      0.132301      5614 
     456114    16.87      2.853437      0.286734      0.146036      5614 
     386443    16.88      2.846020      0.291873      0.133537      5614 
     455316    16.88      2.889618      0.297621      0.135532      5614 
     472585    16.88      2.864424      0.281005      0.133853      5614 
     491418    16.88      2.851847      0.276853      0.139203      5614 
     501890    16.89      2.875107      0.281685      0.134332      5614 
     419460    16.90      2.847878      0.284626      0.137321      5614 
     494612    16.91      2.848780      0.275071      0.132754      5614 
     576566    16.92      2.848470      0.283836      0.130061      5614 
     419301    16.93      2.845501      0.299259      0.139225      5614 
     562158    16.93      2.878944      0.281609      0.137315      5614 
  2015AO200    16.96      2.902028      0.297037      0.137689      5614 
  2014OC336    16.97      2.849346      0.294579      0.132421      5614 
     500910    16.98      2.883443      0.285947      0.134897      5614 
     270009    16.99      2.852664      0.294979      0.130988      5614 
     443795    16.99      2.856222      0.294768      0.135116      5614 
     468538    17.00      2.856311      0.287046      0.128769      5614 
     213197    17.01      2.879018      0.279892      0.138306      5614 
  2015KL101    17.01      2.849175      0.284968      0.133296      5614 
     399887    17.02      2.845652      0.274535      0.141506      5614 
     535442    17.02      2.878373      0.280760      0.133998      5614 
     470386    17.04      2.874295      0.297734      0.138078      5614 
     514842    17.06      2.913010      0.269679      0.135216      5614 
     532910    17.08      2.889115      0.286780      0.136054      5614 
   2004RW11    17.09      2.859747      0.287257      0.136233      5614 
   2013AV62    17.09      2.902242      0.272115      0.133139      5614 
  2010EH156    17.09      2.922722      0.279552      0.141852      5614 
   2017SY56    17.12      2.854457      0.278673      0.126627      5614 
     442572    17.13      2.875478      0.280933      0.137997      5614 
  2005VU135    17.13      2.862252      0.292152      0.140785      5614 
     257283    17.15      2.852106      0.269708      0.134468      5614 
   2010FO18    17.15      2.849116      0.267927      0.131984      5614 
     422862    17.16      2.854143      0.284383      0.141097      5614 
   2018LR22    17.16      2.894686      0.277589      0.140651      5614 
   2010HF47    17.17      2.849721      0.289949      0.142049      5614 
     466541    17.19      2.868143      0.282076      0.139312      5614 
     613745    17.19      2.866609      0.289223      0.137607      5614 
     445339    17.23      2.848981      0.281270      0.139622      5614 
     489522    17.23      2.866607      0.283738      0.138322      5614 
     516268    17.23      2.870640      0.294518      0.141507      5614 
   2017WJ41    17.24      2.885713      0.282447      0.138223      5614 
    2015KB3    17.25      2.842522      0.272347      0.132437      5614 
     337330    17.27      2.845849      0.293467      0.133831      5614 
     528691    17.27      2.876409      0.275423      0.131523      5614 
     495007    17.28      2.887014      0.283961      0.137773      5614 
   2013GN19    17.28      2.846757      0.289700      0.127462      5614 
   2008DU65    17.29      2.845735      0.287255      0.140971      5614 
     607593    17.30      2.862866      0.299432      0.145370      5614 
   2012PF31    17.30      2.850421      0.268859      0.130516      5614 
     495155    17.31      2.868645      0.278961      0.138200      5614 
  2015FN119    17.31      2.885390      0.287273      0.138253      5614 
     411014    17.32      2.872316      0.287064      0.139931      5614 
     484550    17.32      2.853099      0.276749      0.137992      5614 
     570327    17.33      2.846616      0.280011      0.142083      5614 
   2017YQ24    17.34      2.843675      0.289336      0.134027      5614 
  2001TQ235    17.34      2.844020      0.283509      0.136917      5614 
     391994    17.35      2.870664      0.269603      0.143973      5614 
     491435    17.35      2.885135      0.285727      0.137929      5614 
    2018PY1    17.36      2.872512      0.286708      0.140127      5614 
     529517    17.39      2.868159      0.279054      0.138488      5614 
     509514    17.40      2.890590      0.298228      0.138294      5614 
     536886    17.42      2.876717      0.284740      0.140075      5614 
   2005WW14    17.42      2.854106      0.291058      0.143028      5614 
   2015SG19    17.42      2.881257      0.285161      0.138848      5614 
   2005XK30    17.43      2.879968      0.286521      0.141081      5614 
   2010LA85    17.43      2.858769      0.292080      0.141644      5614 
  1999CU138    17.43      2.874232      0.282093      0.140425      5614 
  2008WQ148    17.45      2.867963      0.287710      0.135756      5614 
    2015GL5    17.46      2.844565      0.285911      0.140332      5614 
  2010AP126    17.49      2.863530      0.289334      0.140947      5614 
   2005LT33    17.50      2.866032      0.288628      0.138836      5614 
   2016BX60    17.50      2.848985      0.287867      0.130442      5614 
    2010EU4    17.53      2.881894      0.298361      0.140087      5614 
   2017RF36    17.61      2.863457      0.285979      0.137922      5614 
    2010LG7    17.63      2.848882      0.278661      0.136260      5614 
   2015VO92    17.63      2.848944      0.278891      0.135644      5614 
  2015DZ157    17.63      2.857012      0.285898      0.133268      5614 
    2011XY5    17.65      2.870687      0.277281      0.140584      5614 
    2019FB6    17.66      2.882711      0.272601      0.136792      5614 
  2016PB211    17.67      2.895341      0.271649      0.134699      5614 
   2010ES16    17.68      2.852124      0.276099      0.140855      5614 
  2013TV136    17.70      2.868247      0.272120      0.136359      5614 
   2015OL54    17.71      2.873898      0.271190      0.144633      5614 
   2013RO69    17.72      2.895652      0.287162      0.136099      5614 
   2015OX67    17.73      2.897547      0.280626      0.135383      5614 
     602114    17.76      2.854937      0.282154      0.137360      5614 
   2010NN80    17.77      2.889684      0.292939      0.136515      5614 
   2014LK33    17.77      2.882162      0.279064      0.137694      5614 
   2015HN62    17.79      2.863592      0.275287      0.142073      5614 
   2018LO12    17.81      2.864735      0.289342      0.139110      5614 
    2016RZ4    17.84      2.889453      0.291538      0.141501      5614 
   2010ND13    17.84      2.885057      0.290029      0.138401      5614 
   2007LW38    17.85      2.858918      0.292063      0.136755      5614 
  2011UP486    17.86      2.881632      0.301469      0.140090      5614 
  2017QF138    17.86      2.862415      0.286306      0.138632      5614 
  2006SQ282    17.89      2.862938      0.289725      0.139497      5614 
  2017FL183    17.91      2.846677      0.286618      0.133516      5614 
   2014FJ74    17.93      2.858104      0.282251      0.136621      5614 
   2014UW20    17.93      2.884594      0.283141      0.137178      5614 
   2015CR14    17.93      2.851451      0.265521      0.133008      5614 
  2002QS113    17.93      2.849013      0.274672      0.137086      5614 
   2010NY27    17.95      2.878776      0.285339      0.135618      5614 
    2019HB6    17.96      2.873423      0.291699      0.139196      5614 
    2016YS2    17.97      2.908472      0.271454      0.139152      5614 
   2005LT27    18.02      2.885707      0.285565      0.144651      5614 
   2019PZ19    18.05      2.861018      0.285424      0.149071      5614 
  2014QD325    18.10      2.886827      0.284490      0.140757      5614 
   2016SJ16    18.11      2.889777      0.292241      0.138288      5614 
  2006KU119    18.12      2.868403      0.282415      0.137084      5614 
   2021OB11    18.14      2.889420      0.289696      0.134004      5614 
  2011UB487    18.14      2.875500      0.284907      0.139850      5614 
   2017EK31    18.15      2.878213      0.288156      0.139123      5614 
  2017OE109    18.15      2.890597      0.270955      0.139297      5614 
   2015TJ67    18.16      2.883274      0.296169      0.138847      5614 
  2017BG127    18.16      2.875182      0.297890      0.140362      5614 
    2015VR5    18.19      2.853917      0.287781      0.140130      5614 
  2013GU138    18.19      2.872504      0.281363      0.139402      5614 
    2011CW3    18.21      2.845794      0.293400      0.136409      5614 
   2017CZ48    18.22      2.879928      0.280774      0.137423      5614 
   2018TE10    18.22      2.865835      0.292020      0.140033      5614 
   2010JY17    18.25      2.865076      0.284095      0.136878      5614 
   2016SN39    18.26      2.859005      0.291783      0.139661      5614 
   2010TZ76    18.27      2.886095      0.288859      0.135362      5614 
   2012YZ12    18.27      2.881529      0.283735      0.138283      5614 
  2016PT219    18.27      2.891722      0.286099      0.138623      5614 
  2014KM131    18.28      2.887224      0.280020      0.138128      5614 
   2006UR95    18.29      2.862626      0.285560      0.137656      5614 
  2016QH138    18.31      2.847661      0.272999      0.133010      5614 
   2019GL48    18.39      2.862378      0.273166      0.129765      5614 
  2017BV159    18.40      2.882138      0.303403      0.142725      5614 
  2020HW141    18.41      2.878671      0.291347      0.138005      5614 
   2015VH44    18.43      2.892280      0.296942      0.140275      5614 
   2010NA44    18.44      2.874327      0.283856      0.139014      5614 
  2015TZ434    18.44      2.854851      0.281796      0.136893      5614 
   2020OH11    18.47      2.857258      0.278779      0.131385      5614 
  2014QY236    18.54      2.867870      0.273374      0.130585      5614 
  2014DH163    18.59      2.854902      0.279911      0.131317      5614 
   2003AW83    18.63      2.883044      0.270350      0.136276      5614 
  2016CR390    18.65      2.859702      0.273936      0.138261      5614 
    2011QU6    18.69      2.845311      0.287126      0.135138      5614 
  2010RC136    18.88      2.853147      0.278973      0.130823      5614 
   2014YS91    18.92      2.846029      0.283953      0.126892      5614 
   2016FW91    18.94      2.847110      0.289931      0.136902      5614 
   2012FF92    18.95      2.876645      0.284442      0.140979      5614 
  2014WN288    19.02      2.890439      0.287073      0.139228      5614 
   2012VT43    19.07      2.851795      0.268330      0.131717      5614 
  2014TD107    19.15      2.864557      0.283379      0.135330      5614 
