        606    10.35      2.587341      0.179249      0.167492       606 
      13544    14.13      2.582447      0.180252      0.167400       606 
      29503    14.21      2.586570      0.180058      0.167410       606 
      39745    14.26      2.585457      0.180586      0.166923       606 
      53707    14.55      2.581744      0.180462      0.167597       606 
      51187    14.56      2.583870      0.179871      0.167592       606 
      70877    14.57      2.586425      0.180787      0.167285       606 
      36358    14.69      2.582711      0.179739      0.167351       606 
      35658    14.76      2.583679      0.180298      0.167676       606 
      65842    14.76      2.581445      0.181491      0.167473       606 
      91023    14.85      2.586795      0.180849      0.167296       606 
      39748    14.95      2.579915      0.180891      0.166663       606 
     117335    14.98      2.584994      0.180788      0.166876       606 
     103450    15.03      2.579953      0.181615      0.166766       606 
      79870    15.10      2.581505      0.181303      0.167445       606 
      87168    15.13      2.581873      0.181840      0.166582       606 
     113719    15.14      2.581420      0.181192      0.166724       606 
      73122    15.16      2.581250      0.180569      0.167618       606 
     126733    15.17      2.581435      0.182791      0.166586       606 
      82955    15.21      2.581165      0.180782      0.167702       606 
     108426    15.26      2.581854      0.179439      0.167599       606 
     119366    15.27      2.581120      0.179759      0.166664       606 
     123450    15.31      2.583031      0.180442      0.167532       606 
      75890    15.35      2.578882      0.180410      0.167205       606 
     113540    15.36      2.581184      0.179815      0.167397       606 
     138418    15.36      2.580481      0.180765      0.167205       606 
      96849    15.37      2.580362      0.180396      0.167244       606 
      56748    15.42      2.584642      0.180045      0.167591       606 
      76378    15.44      2.582123      0.179029      0.167600       606 
      98909    15.49      2.580286      0.181132      0.167415       606 
     133514    15.50      2.581680      0.180282      0.167625       606 
     190362    15.50      2.582055      0.179830      0.167563       606 
     193484    15.52      2.582154      0.180567      0.167424       606 
      99813    15.56      2.581269      0.180095      0.167649       606 
     112823    15.64      2.579754      0.179892      0.166505       606 
     195328    15.64      2.581213      0.179695      0.167389       606 
     150966    15.65      2.578789      0.181438      0.166671       606 
     247126    15.65      2.581336      0.180994      0.167514       606 
     116799    15.66      2.580745      0.181579      0.167325       606 
     322110    15.67      2.580768      0.180044      0.167366       606 
     160602    15.69      2.580998      0.180455      0.167566       606 
     151104    15.73      2.583771      0.180290      0.167098       606 
     267180    15.76      2.581568      0.180369      0.167489       606 
     214383    15.77      2.586228      0.180362      0.167008       606 
     334048    15.80      2.588399      0.181288      0.167303       606 
     208051    15.81      2.582915      0.180024      0.167578       606 
     109986    15.83      2.583850      0.181160      0.166617       606 
     239945    15.85      2.587358      0.180663      0.167276       606 
     301937    15.85      2.586241      0.179987      0.164449       606 
     189856    15.89      2.584455      0.180465      0.167529       606 
     133985    15.91      2.578271      0.180509      0.166701       606 
     107362    15.93      2.579513      0.181132      0.167305       606 
     141990    15.97      2.588560      0.180748      0.166850       606 
     239936    15.98      2.587794      0.180566      0.166832       606 
     166384    15.99      2.582028      0.180174      0.167566       606 
     176851    15.99      2.588006      0.179988      0.167621       606 
     188063    15.99      2.580005      0.180257      0.166929       606 
     240152    15.99      2.582770      0.180094      0.167636       606 
     151088    16.01      2.582094      0.180967      0.167437       606 
     150816    16.04      2.577990      0.181583      0.166980       606 
     286572    16.07      2.586636      0.180652      0.167242       606 
     155756    16.08      2.578669      0.180080      0.167459       606 
     206480    16.10      2.579298      0.180760      0.167549       606 
     229957    16.12      2.580296      0.180346      0.167574       606 
     287982    16.12      2.588760      0.180108      0.167681       606 
     210339    16.13      2.588129      0.180234      0.167399       606 
     298491    16.14      2.578540      0.180583      0.166913       606 
     228342    16.16      2.579475      0.180328      0.167601       606 
     240549    16.16      2.578300      0.180715      0.167323       606 
     237561    16.19      2.578712      0.180286      0.167057       606 
     376908    16.19      2.579790      0.181046      0.166748       606 
     164864    16.20      2.587732      0.180170      0.167634       606 
     222640    16.21      2.588175      0.180365      0.166954       606 
   2014LO12    16.22      2.579221      0.180881      0.167001       606 
     312937    16.23      2.579371      0.180609      0.167493       606 
     237567    16.24      2.579481      0.180457      0.166679       606 
     275501    16.25      2.586226      0.181184      0.166201       606 
     301787    16.25      2.581543      0.180118      0.167585       606 
     411332    16.27      2.588351      0.180449      0.167221       606 
     166292    16.29      2.579108      0.181162      0.167170       606 
     258259    16.30      2.590252      0.179980      0.167631       606 
     278324    16.30      2.581799      0.180507      0.167502       606 
     332528    16.31      2.586128      0.180775      0.167130       606 
     136819    16.32      2.589657      0.180870      0.166853       606 
     307841    16.32      2.580969      0.179919      0.167659       606 
     316846    16.32      2.580272      0.181087      0.167367       606 
     342789    16.32      2.588835      0.180472      0.166977       606 
     284821    16.33      2.578475      0.181164      0.167089       606 
     223235    16.34      2.588814      0.180414      0.167334       606 
     329785    16.36      2.588538      0.180723      0.166696       606 
     365774    16.38      2.578846      0.180069      0.167477       606 
     340254    16.40      2.580810      0.179565      0.167765       606 
     289773    16.41      2.582052      0.180459      0.167680       606 
     334374    16.41      2.583126      0.179723      0.167608       606 
     237781    16.42      2.581472      0.180583      0.166889       606 
     360239    16.42      2.581389      0.180419      0.166681       606 
     232197    16.43      2.576146      0.180016      0.167405       606 
     313035    16.43      2.586032      0.181172      0.167413       606 
     357419    16.43      2.581920      0.180005      0.167842       606 
     316064    16.46      2.585443      0.180136      0.166900       606 
     328353    16.47      2.580197      0.179557      0.167634       606 
     352918    16.47      2.577606      0.181535      0.167620       606 
     209763    16.48      2.578596      0.181140      0.167341       606 
     343894    16.48      2.589415      0.180693      0.166941       606 
     235765    16.49      2.587196      0.180592      0.167444       606 
     236481    16.49      2.583497      0.180671      0.166917       606 
     251977    16.49      2.579444      0.180665      0.166718       606 
     296099    16.49      2.578079      0.181480      0.167134       606 
     388893    16.49      2.589113      0.180847      0.166968       606 
     224471    16.51      2.581067      0.181894      0.166883       606 
     260738    16.52      2.588418      0.180691      0.166675       606 
     289453    16.53      2.588153      0.180542      0.167037       606 
     381882    16.53      2.589644      0.180581      0.166985       606 
     354013    16.54      2.577923      0.179886      0.166693       606 
     351378    16.55      2.588495      0.180756      0.166431       606 
     590887    16.55      2.590859      0.180022      0.166256       606 
     223618    16.56      2.590389      0.180011      0.167297       606 
     276003    16.56      2.590855      0.180256      0.167298       606 
     301734    16.56      2.579461      0.181298      0.167062       606 
     364777    16.56      2.579076      0.180485      0.167251       606 
   2018RQ15    16.58      2.584952      0.180462      0.167153       606 
     258131    16.59      2.576950      0.181801      0.166469       606 
     415834    16.59      2.579095      0.180529      0.167492       606 
     199927    16.60      2.582377      0.180023      0.167599       606 
     262763    16.60      2.578606      0.180537      0.167178       606 
     225054    16.61      2.579208      0.180886      0.167261       606 
     342553    16.61      2.591183      0.180429      0.167406       606 
     370188    16.61      2.591073      0.180972      0.166659       606 
     480393    16.61      2.579724      0.180669      0.167523       606 
     267736    16.62      2.587344      0.180779      0.167475       606 
     361279    16.62      2.589205      0.180470      0.167269       606 
     288273    16.63      2.590196      0.180355      0.167262       606 
     330380    16.63      2.578036      0.180228      0.167289       606 
     403582    16.63      2.579402      0.180293      0.167310       606 
     514514    16.63      2.575870      0.181103      0.167163       606 
     229445    16.64      2.587194      0.180967      0.166946       606 
     277443    16.64      2.578599      0.180316      0.167454       606 
     428756    16.64      2.581974      0.180963      0.167037       606 
     526259    16.65      2.578465      0.180272      0.167558       606 
     231300    16.66      2.578330      0.180319      0.167674       606 
     514553    16.66      2.579847      0.181222      0.167077       606 
     449138    16.68      2.582454      0.180180      0.167610       606 
  2007VD296    16.69      2.585432      0.180249      0.166725       606 
     271052    16.70      2.586003      0.181175      0.166371       606 
     351014    16.70      2.575690      0.179916      0.167463       606 
     445220    16.71      2.580913      0.180526      0.166349       606 
     305804    16.73      2.577535      0.180364      0.167928       606 
     427484    16.73      2.584522      0.180390      0.167291       606 
     615165    16.73      2.590677      0.179919      0.167154       606 
    2015EL5    16.73      2.579331      0.180525      0.167562       606 
     311328    16.74      2.587280      0.181047      0.166316       606 
     371135    16.74      2.586487      0.180939      0.167054       606 
     518173    16.74      2.578871      0.181321      0.167285       606 
     410815    16.75      2.592214      0.180071      0.167534       606 
     448314    16.75      2.576432      0.178992      0.167232       606 
     303572    16.76      2.592150      0.180483      0.166314       606 
     336309    16.76      2.593894      0.180340      0.167301       606 
     427975    16.77      2.592404      0.180320      0.166744       606 
     490766    16.77      2.578315      0.181017      0.167165       606 
     267752    16.78      2.577639      0.180098      0.167045       606 
     336785    16.78      2.589372      0.180622      0.167216       606 
     311092    16.79      2.578626      0.180307      0.167223       606 
     284860    16.80      2.589632      0.180200      0.167643       606 
     300446    16.80      2.589531      0.180010      0.167491       606 
     302545    16.80      2.586628      0.180609      0.166780       606 
     443289    16.80      2.578640      0.179860      0.167322       606 
     395826    16.81      2.588163      0.181182      0.166796       606 
     429571    16.81      2.586101      0.181429      0.166405       606 
     501733    16.81      2.584687      0.180717      0.167077       606 
     392785    16.82      2.578631      0.181210      0.167453       606 
     426133    16.82      2.586201      0.181011      0.166216       606 
     495837    16.83      2.585574      0.180375      0.167522       606 
   2012KM28    16.83      2.577987      0.179688      0.167280       606 
     332340    16.84      2.580912      0.179723      0.167712       606 
     248843    16.85      2.580302      0.180116      0.167521       606 
     365660    16.85      2.588966      0.181011      0.166976       606 
     430517    16.85      2.590031      0.180463      0.166374       606 
     465131    16.87      2.578676      0.180734      0.166890       606 
     515783    16.87      2.578862      0.180172      0.167422       606 
     254658    16.88      2.589100      0.180151      0.167133       606 
     262468    16.88      2.577015      0.180865      0.166962       606 
     343907    16.89      2.586889      0.180519      0.167149       606 
     368132    16.89      2.583708      0.179916      0.167607       606 
     354417    16.90      2.590151      0.180414      0.167162       606 
     369331    16.90      2.578937      0.179704      0.167443       606 
     389730    16.90      2.580645      0.179799      0.167570       606 
     455778    16.90      2.588933      0.180430      0.167337       606 
     350493    16.91      2.593621      0.179534      0.167414       606 
     353962    16.91      2.577561      0.180398      0.167281       606 
     356786    16.91      2.579693      0.180983      0.167900       606 
     462903    16.91      2.587048      0.181381      0.166939       606 
     512718    16.91      2.589941      0.180314      0.167002       606 
     336166    16.92      2.577618      0.179992      0.167364       606 
     572173    16.92      2.577791      0.180160      0.167070       606 
     291599    16.93      2.590692      0.180500      0.166810       606 
     393587    16.93      2.589210      0.180051      0.167551       606 
     397252    16.93      2.576100      0.179806      0.166936       606 
     586401    16.93      2.578037      0.180288      0.167149       606 
  2008TZ154    16.94      2.577959      0.179396      0.166899       606 
     302104    16.95      2.581439      0.180335      0.167860       606 
     455389    16.95      2.586680      0.180646      0.166860       606 
     460675    16.95      2.590994      0.180154      0.167240       606 
     428256    16.97      2.577002      0.180109      0.167701       606 
     389468    16.98      2.576983      0.181357      0.166626       606 
     393494    17.00      2.586685      0.180836      0.167250       606 
   2021FS18    17.00      2.579536      0.180184      0.167497       606 
  2000HH101    17.01      2.578071      0.180360      0.167606       606 
     339295    17.02      2.582588      0.179282      0.167371       606 
    2016FL7    17.02      2.589135      0.180009      0.167500       606 
     211657    17.03      2.576978      0.180909      0.167242       606 
     402607    17.03      2.580532      0.180643      0.167325       606 
  2006WN145    17.04      2.582434      0.179980      0.166934       606 
     290319    17.06      2.581575      0.180611      0.166980       606 
     433472    17.06      2.578544      0.180452      0.167329       606 
     268932    17.07      2.589972      0.180430      0.167088       606 
     358644    17.07      2.578842      0.180337      0.167446       606 
     389027    17.07      2.592224      0.179830      0.166191       606 
   2002RH53    17.09      2.583525      0.180654      0.167550       606 
     376403    17.10      2.585434      0.180579      0.165991       606 
   2003BF99    17.10      2.576333      0.180166      0.167402       606 
  2003SB246    17.10      2.583880      0.181270      0.166526       606 
     355383    17.11      2.577005      0.180351      0.167303       606 
     524966    17.11      2.574717      0.180595      0.167598       606 
     320763    17.12      2.580483      0.179662      0.167705       606 
     386293    17.12      2.587279      0.180354      0.166725       606 
     403375    17.12      2.576797      0.180128      0.166435       606 
     461413    17.12      2.590214      0.180675      0.166457       606 
     415891    17.13      2.586761      0.179845      0.167454       606 
     447883    17.13      2.586974      0.180836      0.167085       606 
     595311    17.13      2.587411      0.180908      0.166734       606 
     383925    17.14      2.591166      0.180548      0.167538       606 
     539465    17.14      2.582135      0.180038      0.166699       606 
     298525    17.15      2.577436      0.181117      0.167578       606 
     311607    17.15      2.580706      0.181366      0.167495       606 
     472093    17.16      2.591564      0.179990      0.167490       606 
     354431    17.17      2.574076      0.180228      0.167531       606 
     368738    17.17      2.581248      0.179848      0.166023       606 
     556662    17.17      2.591014      0.180591      0.167319       606 
     420608    17.18      2.582089      0.179706      0.167651       606 
     292037    17.19      2.574355      0.180004      0.167414       606 
     441229    17.20      2.575193      0.180504      0.167553       606 
     589468    17.20      2.580782      0.179815      0.166932       606 
     441201    17.21      2.586542      0.180837      0.165925       606 
     488627    17.21      2.577619      0.181114      0.167153       606 
     544115    17.21      2.590430      0.180212      0.167564       606 
     411748    17.22      2.582613      0.180265      0.167581       606 
     412632    17.22      2.575516      0.181018      0.166275       606 
     486353    17.22      2.582923      0.180605      0.165852       606 
  2003SU419    17.22      2.592060      0.180615      0.167186       606 
     372391    17.23      2.582019      0.180235      0.167467       606 
     539269    17.23      2.579492      0.180407      0.167423       606 
   2002UQ80    17.23      2.580918      0.180798      0.167285       606 
     430394    17.24      2.575451      0.180175      0.167430       606 
    2015OS5    17.24      2.576903      0.180795      0.167245       606 
     525679    17.25      2.578309      0.180482      0.167602       606 
   2003GB60    17.25      2.575548      0.180207      0.167493       606 
     315729    17.26      2.589264      0.180387      0.166788       606 
     462028    17.26      2.580901      0.181275      0.167200       606 
     489232    17.26      2.582940      0.180442      0.166688       606 
    2016JQ4    17.27      2.576997      0.181571      0.167390       606 
     503673    17.28      2.576995      0.181741      0.167562       606 
   2006OC11    17.28      2.575537      0.180047      0.167772       606 
     372506    17.29      2.575805      0.180542      0.167626       606 
     474641    17.29      2.587762      0.181341      0.166616       606 
     524082    17.29      2.581495      0.180599      0.166632       606 
     583055    17.29      2.576995      0.181171      0.167195       606 
     596785    17.29      2.577683      0.180730      0.167295       606 
  2009WE271    17.29      2.589024      0.180037      0.167331       606 
     202723    17.30      2.572648      0.181359      0.166873       606 
     577822    17.30      2.580145      0.180385      0.167523       606 
   2016XN22    17.30      2.592395      0.180930      0.166744       606 
     324421    17.31      2.578622      0.179583      0.166270       606 
     396659    17.31      2.586396      0.180077      0.167353       606 
   2010MH54    17.31      2.576054      0.181023      0.167299       606 
     473972    17.32      2.585939      0.180788      0.167489       606 
     474647    17.32      2.573738      0.180129      0.166402       606 
     530100    17.32      2.589144      0.180394      0.166935       606 
     542591    17.32      2.577006      0.180933      0.167687       606 
     544538    17.32      2.591034      0.180434      0.166959       606 
     562241    17.32      2.576134      0.180428      0.167503       606 
   2010NC13    17.32      2.574710      0.181597      0.167328       606 
   2016LD56    17.32      2.589664      0.180290      0.167045       606 
   2019AM54    17.32      2.590703      0.180992      0.167177       606 
     267310    17.33      2.576194      0.180168      0.167538       606 
     603504    17.33      2.577684      0.181570      0.167208       606 
     407300    17.34      2.592709      0.180180      0.167549       606 
     505910    17.34      2.578575      0.180849      0.167290       606 
     342281    17.35      2.576082      0.179811      0.166549       606 
     596824    17.35      2.573617      0.182008      0.166910       606 
  2016GY241    17.35      2.582972      0.180982      0.166137       606 
     534583    17.36      2.574918      0.180738      0.167121       606 
     421879    17.37      2.574722      0.180538      0.166299       606 
     596819    17.37      2.578454      0.180570      0.167254       606 
     600829    17.37      2.589682      0.180173      0.167314       606 
    2017NP3    17.37      2.590962      0.180595      0.167506       606 
  2003UD450    17.37      2.589367      0.181095      0.166095       606 
     562487    17.38      2.588029      0.180775      0.166294       606 
    2011MK2    17.38      2.580993      0.180682      0.167662       606 
     582792    17.39      2.572752      0.180246      0.167369       606 
  2007VD348    17.39      2.577037      0.180483      0.167154       606 
     256110    17.40      2.592790      0.180433      0.167168       606 
     592907    17.40      2.579927      0.179893      0.167618       606 
   2008SN87    17.41      2.575894      0.179025      0.168253       606 
   2017XU79    17.41      2.589349      0.180282      0.167830       606 
   2013TD26    17.42      2.592493      0.179717      0.165836       606 
     448902    17.43      2.587672      0.181507      0.166167       606 
     472469    17.43      2.578001      0.179494      0.167652       606 
     561590    17.43      2.577012      0.181779      0.167284       606 
   2013UG19    17.43      2.577981      0.180554      0.167156       606 
   2014CP22    17.43      2.582907      0.180992      0.166503       606 
     374387    17.44      2.577020      0.178224      0.167371       606 
     582619    17.44      2.576662      0.180738      0.167049       606 
   2015TM10    17.44      2.588145      0.180527      0.166018       606 
   2013AB98    17.45      2.578309      0.180450      0.167875       606 
  2015BC271    17.45      2.581957      0.180102      0.167188       606 
   2010LS21    17.46      2.585188      0.180814      0.167114       606 
   2017GK12    17.46      2.587430      0.180916      0.167083       606 
     369081    17.47      2.572593      0.180969      0.166961       606 
     594156    17.47      2.575772      0.181351      0.167599       606 
     605370    17.47      2.594295      0.180298      0.167414       606 
   2008VO84    17.47      2.589460      0.182100      0.166655       606 
   2011WX14    17.47      2.583766      0.180081      0.166474       606 
   2014BS67    17.47      2.591598      0.180941      0.167101       606 
     328288    17.48      2.588991      0.181079      0.165688       606 
    2017KT5    17.48      2.591698      0.180159      0.167509       606 
    2021KZ3    17.48      2.573914      0.181197      0.167310       606 
  2008WJ129    17.48      2.575661      0.180768      0.167388       606 
  2012UY149    17.48      2.591634      0.180035      0.167920       606 
     371661    17.49      2.580700      0.180160      0.167703       606 
     481883    17.49      2.579036      0.179826      0.166716       606 
     551742    17.49      2.592750      0.180259      0.167427       606 
     552798    17.49      2.583248      0.181144      0.166866       606 
   2016BO80    17.49      2.577809      0.180301      0.165823       606 
     492103    17.50      2.593098      0.180423      0.166985       606 
     511291    17.50      2.579685      0.179829      0.167677       606 
     526299    17.50      2.576985      0.181904      0.166659       606 
   2016OD10    17.50      2.579619      0.180119      0.167889       606 
  2002JF142    17.50      2.584903      0.180599      0.167117       606 
     362499    17.51      2.575980      0.180158      0.167399       606 
     441765    17.51      2.585188      0.180126      0.167502       606 
     456859    17.51      2.581665      0.181265      0.166281       606 
     550748    17.51      2.580225      0.179422      0.166936       606 
     2013PE    17.52      2.575797      0.180649      0.167203       606 
     447837    17.52      2.594753      0.180267      0.166402       606 
     510035    17.52      2.584487      0.180852      0.166816       606 
     576164    17.52      2.572531      0.180836      0.166189       606 
    2016TZ7    17.52      2.592564      0.180865      0.166767       606 
     511273    17.53      2.590356      0.180468      0.167337       606 
     511295    17.53      2.586323      0.181220      0.167549       606 
     548595    17.53      2.577024      0.180537      0.165455       606 
   2006SY21    17.53      2.576987      0.181980      0.167023       606 
   2009HX14    17.53      2.591104      0.180555      0.166882       606 
  2016AZ360    17.53      2.577705      0.180210      0.167477       606 
     412103    17.54      2.591222      0.180486      0.167496       606 
     590646    17.54      2.590431      0.180594      0.167082       606 
  2003SS327    17.54      2.576319      0.181237      0.166885       606 
     563982    17.55      2.586587      0.179872      0.167341       606 
     582941    17.55      2.575242      0.180749      0.167433       606 
     598415    17.55      2.587223      0.179774      0.165959       606 
   2002QK64    17.55      2.575635      0.180438      0.166397       606 
  2008CJ150    17.55      2.596687      0.180233      0.166240       606 
     524308    17.56      2.581116      0.180796      0.166881       606 
     561556    17.56      2.575810      0.179526      0.167419       606 
   1996RC22    17.56      2.575638      0.179953      0.167531       606 
  2014DQ107    17.56      2.575972      0.179693      0.167572       606 
  2015HR115    17.56      2.575610      0.181187      0.167261       606 
     536648    17.57      2.575306      0.180246      0.167350       606 
     547293    17.57      2.587409      0.180869      0.167131       606 
     612756    17.57      2.575944      0.182545      0.167575       606 
   2015AY13    17.57      2.590269      0.180516      0.167478       606 
  2006UX322    17.57      2.584310      0.180157      0.166525       606 
     418315    17.58      2.588829      0.180528      0.165961       606 
     532835    17.58      2.589675      0.181321      0.166611       606 
     610716    17.58      2.585564      0.179813      0.167435       606 
    2017CD9    17.58      2.588173      0.180004      0.167496       606 
   2010PE29    17.58      2.596725      0.179970      0.167183       606 
   2011CG77    17.58      2.593292      0.180822      0.167290       606 
   2017YU40    17.58      2.590195      0.180570      0.165628       606 
     376633    17.59      2.579919      0.180167      0.165947       606 
     520148    17.59      2.578845      0.181635      0.166361       606 
  2015TZ208    17.59      2.576154      0.180236      0.166499       606 
     476771    17.60      2.579049      0.180231      0.167969       606 
     562449    17.60      2.585461      0.180779      0.165716       606 
     610789    17.60      2.591370      0.180297      0.167565       606 
   2014YN46    17.60      2.576014      0.180559      0.167462       606 
     594701    17.61      2.576999      0.178725      0.167903       606 
    2009JM9    17.61      2.583200      0.180339      0.167488       606 
  2015BG554    17.61      2.593081      0.180763      0.167147       606 
     501249    17.62      2.592596      0.181020      0.166863       606 
     544496    17.62      2.572704      0.181383      0.166945       606 
     569601    17.62      2.587592      0.179984      0.166439       606 
   2014VS10    17.62      2.579791      0.180783      0.167382       606 
   2017UL63    17.62      2.582092      0.181100      0.167441       606 
  2006VN145    17.62      2.574251      0.180284      0.167050       606 
     461983    17.63      2.592232      0.180739      0.166703       606 
     517293    17.63      2.574700      0.181110      0.166461       606 
   2002QN65    17.63      2.578285      0.180586      0.167431       606 
   2012HW23    17.63      2.592102      0.179858      0.166469       606 
     603305    17.64      2.575958      0.181318      0.167466       606 
     605651    17.64      2.593620      0.180284      0.166282       606 
     2011NG    17.65      2.587688      0.181461      0.166957       606 
     537107    17.65      2.579241      0.181164      0.166915       606 
     572417    17.65      2.574825      0.180101      0.167164       606 
   2002SR63    17.65      2.593858      0.180003      0.167150       606 
   2016TZ15    17.65      2.574558      0.179939      0.166968       606 
  2017FO169    17.65      2.574133      0.180815      0.167093       606 
     556858    17.66      2.576144      0.180802      0.166982       606 
     569635    17.66      2.590838      0.180909      0.167256       606 
     580610    17.66      2.578952      0.179185      0.167545       606 
   2014VD15    17.66      2.593680      0.179972      0.167519       606 
   2016LR71    17.66      2.594015      0.180452      0.167015       606 
  2014EC218    17.66      2.584643      0.180531      0.166988       606 
  2015DJ224    17.66      2.579378      0.180784      0.166661       606 
  2015XC199    17.66      2.572708      0.180053      0.167696       606 
   2016UJ15    17.67      2.588294      0.181381      0.166567       606 
  2015BL201    17.67      2.576985      0.180029      0.166740       606 
     476819    17.68      2.571969      0.180711      0.167099       606 
     545216    17.68      2.590578      0.180614      0.165482       606 
   2011YV85    17.68      2.576997      0.179720      0.167045       606 
   2015VK72    17.68      2.588349      0.179988      0.167568       606 
   2016RK68    17.68      2.573888      0.180549      0.167426       606 
  2008WH160    17.68      2.586364      0.179924      0.167435       606 
  2010VU239    17.68      2.589979      0.180379      0.167319       606 
     444839    17.69      2.579445      0.181031      0.166089       606 
   2009OQ25    17.69      2.585289      0.180982      0.166056       606 
   2016WU26    17.69      2.589388      0.180840      0.166984       606 
     301817    17.70      2.576992      0.179732      0.167438       606 
     465703    17.70      2.589097      0.181079      0.166134       606 
     561165    17.70      2.588630      0.180468      0.166972       606 
     585922    17.70      2.589257      0.181160      0.166703       606 
     596666    17.70      2.596639      0.180203      0.167062       606 
    2014CE3    17.70      2.576269      0.181061      0.166744       606 
   2019SJ67    17.71      2.574110      0.180902      0.167173       606 
  2015DR161    17.71      2.576971      0.181660      0.166681       606 
     462324    17.72      2.575086      0.180878      0.167188       606 
     472154    17.72      2.595331      0.180711      0.167084       606 
   2005FH20    17.72      2.576024      0.180944      0.167398       606 
   2014FQ16    17.72      2.574978      0.180774      0.167329       606 
   2014MM84    17.72      2.585650      0.179682      0.166010       606 
   2017AJ49    17.72      2.595783      0.180451      0.166233       606 
   2017YV21    17.72      2.592657      0.180598      0.167336       606 
   2020BX20    17.72      2.575589      0.179357      0.167623       606 
  2014WM210    17.72      2.593510      0.180731      0.166514       606 
     493770    17.73      2.571336      0.180896      0.167220       606 
    2019BZ8    17.73      2.576977      0.180218      0.167177       606 
   2011AM88    17.73      2.571862      0.180206      0.167717       606 
  2007RR320    17.73      2.573125      0.180337      0.167070       606 
     2014RV    17.74      2.588178      0.180132      0.167383       606 
     500225    17.74      2.593311      0.180781      0.166980       606 
     530047    17.74      2.575095      0.179805      0.166743       606 
  2014WP360    17.74      2.580487      0.180325      0.166858       606 
   2004HL81    17.75      2.592231      0.180809      0.166982       606 
   2014WO21    17.75      2.574870      0.181154      0.167359       606 
   2017OP92    17.75      2.592813      0.180205      0.166295       606 
   2019PF36    17.75      2.571258      0.180138      0.167351       606 
  2001QQ337    17.75      2.589819      0.181348      0.166248       606 
  2001WQ105    17.75      2.576119      0.180324      0.166927       606 
  2003YZ190    17.75      2.577007      0.179789      0.167272       606 
  2014HW131    17.75      2.572208      0.180705      0.167387       606 
     319556    17.76      2.574458      0.181411      0.166737       606 
     444790    17.76      2.584221      0.182175      0.166125       606 
     552728    17.76      2.589024      0.180987      0.166215       606 
   2013AU69    17.76      2.572243      0.180597      0.167419       606 
  2003SN355    17.76      2.587396      0.180340      0.166669       606 
     525913    17.77      2.579793      0.180892      0.166570       606 
     592631    17.77      2.589025      0.181233      0.166965       606 
    2014GT2    17.77      2.592467      0.180232      0.166074       606 
   2009CV36    17.77      2.585669      0.181180      0.166387       606 
   2014WW61    17.77      2.571447      0.182091      0.167538       606 
   2019JT45    17.77      2.579202      0.180631      0.167631       606 
     486445    17.78      2.575605      0.179483      0.167713       606 
     562379    17.78      2.592295      0.180962      0.166092       606 
     596863    17.78      2.573555      0.181348      0.166896       606 
   2018MV28    17.78      2.578047      0.180692      0.167217       606 
  2003WS201    17.78      2.592031      0.180507      0.166876       606 
     598395    17.79      2.580701      0.180248      0.167102       606 
   2005LY10    17.79      2.577989      0.179997      0.167238       606 
   2016TH13    17.79      2.587907      0.180549      0.166814       606 
   2021RZ77    17.79      2.575841      0.180831      0.167148       606 
    2014FW3    17.80      2.594704      0.180870      0.166854       606 
   2011QN54    17.80      2.586636      0.180973      0.166248       606 
   2016EU80    17.80      2.575112      0.180083      0.167087       606 
   2020HK36    17.80      2.576737      0.181561      0.167338       606 
   2020WA17    17.80      2.593078      0.179915      0.167867       606 
  2003US125    17.80      2.571926      0.180846      0.166672       606 
  2006KC147    17.80      2.587827      0.180527      0.166655       606 
  2009DX123    17.80      2.590210      0.180383      0.167469       606 
  2014KG146    17.80      2.571370      0.180096      0.167406       606 
  2016AT247    17.80      2.573796      0.179248      0.167654       606 
     450890    17.81      2.581584      0.179977      0.167415       606 
     534813    17.81      2.586882      0.180283      0.167019       606 
  2001WP106    17.81      2.573803      0.180514      0.167496       606 
  2005NF128    17.81      2.589935      0.180844      0.166098       606 
  2016AD308    17.81      2.572726      0.178823      0.167632       606 
     465395    17.82      2.588755      0.179694      0.167525       606 
   2001OK31    17.82      2.586212      0.181253      0.167149       606 
   2013JK70    17.82      2.592909      0.179725      0.167356       606 
   2014MX60    17.82      2.592504      0.180947      0.166933       606 
   2014NQ16    17.82      2.592954      0.179772      0.167607       606 
   2017TS27    17.82      2.581846      0.180235      0.167720       606 
  2014UR103    17.82      2.579480      0.180283      0.166736       606 
   2009OZ27    17.83      2.596201      0.180735      0.167491       606 
   2009VA79    17.83      2.571569      0.179828      0.167573       606 
   2019GO39    17.83      2.587751      0.180510      0.167178       606 
  2015PU108    17.83      2.588154      0.180119      0.167203       606 
  2016EJ235    17.83      2.570133      0.184104      0.167352       606 
  2017SM135    17.83      2.594561      0.179163      0.165887       606 
     556895    17.84      2.582746      0.181087      0.166576       606 
     561743    17.84      2.594575      0.180794      0.166962       606 
   2010RW51    17.84      2.591441      0.181218      0.167005       606 
   2013VM34    17.84      2.574927      0.179718      0.166989       606 
   2016TF58    17.84      2.573159      0.181231      0.166417       606 
   2016VQ43    17.84      2.590326      0.180162      0.167650       606 
   2018EN11    17.84      2.583635      0.180639      0.167459       606 
  2014ON371    17.84      2.576316      0.181690      0.166958       606 
   2014AD39    17.85      2.580527      0.179633      0.167183       606 
   2016BO99    17.85      2.590346      0.181602      0.166858       606 
  2013GF140    17.85      2.573040      0.181218      0.166378       606 
  2013RK103    17.85      2.592196      0.181057      0.167432       606 
     405942    17.86      2.574155      0.180382      0.166478       606 
     459158    17.86      2.574974      0.178371      0.166968       606 
     486321    17.86      2.573229      0.180381      0.165897       606 
     526699    17.86      2.570894      0.179931      0.167276       606 
    2011OT8    17.86      2.576897      0.181085      0.166916       606 
   2015FA61    17.86      2.590666      0.180745      0.166012       606 
   2017WA48    17.86      2.578017      0.180115      0.167552       606 
   2021FG41    17.86      2.591830      0.181494      0.166007       606 
  2008CQ203    17.86      2.573124      0.180467      0.167457       606 
  2013GL142    17.86      2.578246      0.180418      0.165534       606 
  2016AZ221    17.86      2.579178      0.179584      0.167260       606 
     475955    17.87      2.578960      0.180001      0.167566       606 
   1995ST76    17.87      2.588442      0.180090      0.166623       606 
   2010CN94    17.87      2.590416      0.180177      0.166709       606 
     2014KX    17.88      2.590433      0.179982      0.167411       606 
     530086    17.88      2.576981      0.180428      0.166217       606 
     612973    17.88      2.591093      0.180618      0.165406       606 
   2013GV57    17.88      2.593332      0.180498      0.166042       606 
   2017DU12    17.88      2.577209      0.180846      0.166407       606 
  2006QT200    17.88      2.588806      0.180256      0.165134       606 
  2017BM156    17.88      2.589883      0.180745      0.166983       606 
     459108    17.89      2.572190      0.180551      0.167507       606 
  2002TP392    17.89      2.595154      0.180446      0.166643       606 
  2011UL247    17.89      2.595402      0.179468      0.167573       606 
  2014WV303    17.89      2.576492      0.178008      0.167470       606 
     529151    17.90      2.597409      0.180721      0.166632       606 
   2009BT21    17.90      2.573411      0.181641      0.166208       606 
   2013SZ21    17.90      2.591808      0.180388      0.167385       606 
  2010CK177    17.90      2.586005      0.180932      0.165249       606 
  2016AW303    17.90      2.571229      0.180328      0.167047       606 
     2012VL    17.91      2.572351      0.180284      0.166973       606 
     535856    17.91      2.576219      0.180956      0.166309       606 
    2018EX4    17.91      2.580117      0.181845      0.167533       606 
   2006PM33    17.91      2.589202      0.181271      0.165857       606 
   2017QE64    17.91      2.593006      0.180267      0.167167       606 
   2017UX12    17.91      2.592990      0.180846      0.166712       606 
  2015TY267    17.91      2.572742      0.180917      0.167424       606 
  2007TL391    17.92      2.577040      0.182693      0.166800       606 
  2011UY445    17.92      2.571759      0.180013      0.167315       606 
     561615    17.93      2.581749      0.179964      0.167765       606 
    2013NM2    17.93      2.594303      0.179932      0.167375       606 
   2015BW29    17.93      2.594334      0.180702      0.167142       606 
   2015TT10    17.93      2.592896      0.181365      0.166641       606 
   2017UD35    17.93      2.577660      0.180634      0.167627       606 
     513248    17.94      2.572922      0.180574      0.167549       606 
     579372    17.94      2.579878      0.179704      0.166365       606 
   2009KD40    17.94      2.585704      0.180084      0.167393       606 
   2012XW65    17.94      2.577014      0.181522      0.168029       606 
     456322    17.95      2.582286      0.180154      0.167483       606 
     497305    17.95      2.575240      0.180425      0.167831       606 
     580601    17.95      2.577052      0.181144      0.166869       606 
   2009QB10    17.95      2.596225      0.179949      0.167334       606 
   2013SB42    17.95      2.577805      0.179877      0.166839       606 
  2002QN159    17.95      2.593693      0.180495      0.167634       606 
  2010RV119    17.95      2.582104      0.179313      0.167560       606 
  2013GX134    17.96      2.595197      0.180419      0.166697       606 
  2016PW130    17.96      2.591702      0.180976      0.165726       606 
     503454    17.97      2.574107      0.178812      0.167597       606 
     520299    17.97      2.571521      0.180123      0.166795       606 
     526906    17.97      2.570340      0.180153      0.167567       606 
    2019HZ5    17.97      2.575847      0.180572      0.167164       606 
   2000JU97    17.97      2.575124      0.179586      0.167786       606 
   2019KO52    17.97      2.575589      0.180095      0.167085       606 
   2021UE60    17.97      2.591015      0.180716      0.167056       606 
  2016CD270    17.97      2.578017      0.178936      0.167185       606 
  2016ET190    17.97      2.579165      0.179594      0.165147       606 
    2003TR1    17.98      2.575129      0.180474      0.167473       606 
   2018XM27    17.98      2.579960      0.180994      0.166237       606 
   2019RX31    17.98      2.581185      0.180655      0.166872       606 
  2015XL493    17.98      2.576996      0.179076      0.166713       606 
   2011YA52    17.99      2.572318      0.178713      0.166920       606 
  2008CD245    17.99      2.577173      0.179262      0.166982       606 
  2014QV368    17.99      2.589341      0.180437      0.167084       606 
     522364    18.00      2.576962      0.182649      0.167144       606 
     582988    18.00      2.574682      0.180938      0.166877       606 
   2006YT69    18.00      2.573553      0.178355      0.166643       606 
   2015MZ45    18.00      2.585943      0.179749      0.167298       606 
   2017GU21    18.00      2.576055      0.180979      0.167156       606 
     451476    18.01      2.577267      0.180807      0.165852       606 
     553760    18.01      2.575710      0.180419      0.165928       606 
   2009HL69    18.01      2.586128      0.180955      0.166839       606 
   2012FP88    18.01      2.575719      0.180326      0.167682       606 
   2015XC83    18.01      2.595420      0.180472      0.167429       606 
  2013CF232    18.01      2.593331      0.180681      0.167262       606 
  2013TX177    18.01      2.575970      0.180669      0.166544       606 
     497354    18.02      2.569290      0.180711      0.166829       606 
   2002AN14    18.02      2.572988      0.181795      0.166795       606 
   2005AH85    18.02      2.590888      0.179862      0.166629       606 
   2007VA22    18.02      2.581376      0.180415      0.166769       606 
   2016LJ69    18.02      2.597501      0.180417      0.167304       606 
  2014HX113    18.02      2.577660      0.181152      0.167441       606 
     571832    18.03      2.576250      0.181012      0.166793       606 
    2021FU5    18.03      2.576370      0.180627      0.167059       606 
   2013GK34    18.03      2.590787      0.180293      0.167046       606 
   2020TU26    18.03      2.577000      0.180611      0.167167       606 
  2006TC127    18.03      2.592450      0.180629      0.167020       606 
  2014DX157    18.03      2.573346      0.179757      0.167392       606 
  2017SF255    18.03      2.578361      0.180332      0.165621       606 
    2017DQ9    18.04      2.575086      0.179911      0.167039       606 
   2014LS33    18.04      2.572142      0.180187      0.167688       606 
   2016FX78    18.04      2.593241      0.180109      0.167028       606 
  2005QL208    18.04      2.597278      0.180602      0.167136       606 
  2017OP123    18.04      2.584170      0.181580      0.167555       606 
  2017SZ136    18.04      2.593624      0.180488      0.167443       606 
  2020HJ133    18.04      2.578059      0.180218      0.167490       606 
     597553    18.05      2.575516      0.180625      0.167543       606 
   2011BL13    18.05      2.577574      0.179727      0.167778       606 
   2015OL72    18.05      2.579447      0.180299      0.166198       606 
   2016VR34    18.05      2.593949      0.181332      0.166702       606 
   2017FS28    18.05      2.578896      0.180613      0.165592       606 
  2014KW124    18.05      2.572983      0.180363      0.167837       606 
    2019FR8    18.06      2.594362      0.180462      0.167222       606 
   2007DS20    18.06      2.591524      0.180278      0.165339       606 
  2014HD205    18.06      2.586747      0.180853      0.167040       606 
  2014SD296    18.06      2.571845      0.180641      0.165858       606 
  2014WA524    18.06      2.582123      0.180632      0.166966       606 
     447874    18.07      2.576952      0.180055      0.166781       606 
    2012FR6    18.07      2.576998      0.181901      0.167667       606 
   2011WW53    18.07      2.586505      0.181174      0.167051       606 
   2012BA72    18.07      2.583164      0.180155      0.167453       606 
   2016DH38    18.07      2.572794      0.179229      0.167673       606 
   2018RX55    18.07      2.587502      0.180801      0.165716       606 
  2011UR118    18.07      2.592925      0.180231      0.167026       606 
  2013RC132    18.07      2.596853      0.180334      0.166886       606 
  2014WZ548    18.07      2.595004      0.180031      0.167049       606 
    2015KU7    18.08      2.578236      0.180726      0.167550       606 
   1999VZ39    18.08      2.577028      0.180281      0.166807       606 
   2013GF62    18.08      2.584128      0.180013      0.166715       606 
   2013LF43    18.08      2.585217      0.181147      0.167491       606 
   2015VM42    18.08      2.593937      0.179664      0.167313       606 
  2011UT358    18.08      2.593274      0.179704      0.167409       606 
  2013HB113    18.08      2.575381      0.178844      0.166872       606 
   2007RQ68    18.09      2.593397      0.180864      0.166571       606 
   2014TJ92    18.09      2.576025      0.179421      0.166842       606 
   2015XM69    18.09      2.595140      0.180908      0.167167       606 
   2016FA85    18.09      2.596382      0.180010      0.166337       606 
   2019JU57    18.09      2.578770      0.180273      0.167465       606 
  2015PA322    18.09      2.575141      0.180947      0.166762       606 
     586688    18.10      2.588710      0.180419      0.167734       606 
     604051    18.10      2.569146      0.180413      0.167227       606 
   2004QA32    18.10      2.592868      0.181065      0.166876       606 
   2010XG51    18.10      2.569779      0.180531      0.167312       606 
   2015RH46    18.10      2.576995      0.180791      0.167823       606 
   2017AO33    18.10      2.575595      0.180914      0.167133       606 
  2006ST158    18.10      2.594865      0.180304      0.166614       606 
  2015BS380    18.10      2.573091      0.180326      0.167199       606 
  2015RV119    18.10      2.576964      0.180936      0.167513       606 
  2016NY113    18.10      2.574970      0.182326      0.166467       606 
  2016UL121    18.10      2.571448      0.181257      0.167357       606 
     491643    18.11      2.586526      0.180526      0.166880       606 
   2016UH64    18.11      2.597154      0.180320      0.167202       606 
   2020QD55    18.11      2.597191      0.181336      0.166663       606 
  2004RH243    18.11      2.590755      0.179846      0.166696       606 
  2016ES231    18.11      2.588216      0.181135      0.165777       606 
     561913    18.12      2.585454      0.180258      0.166220       606 
   2012DF53    18.12      2.590465      0.181285      0.167033       606 
  2015TQ140    18.12      2.596193      0.180850      0.167182       606 
    2009RF9    18.13      2.592411      0.180447      0.166876       606 
   2014DK77    18.13      2.589044      0.181543      0.166480       606 
   2015BD56    18.13      2.589994      0.180279      0.167466       606 
   2016VP31    18.13      2.577910      0.180530      0.166381       606 
   2017KP41    18.13      2.583293      0.180924      0.165867       606 
     583297    18.14      2.586158      0.180116      0.166762       606 
   2006BH84    18.14      2.586769      0.180155      0.167094       606 
   2013JO78    18.14      2.587559      0.180893      0.167426       606 
  2002QY148    18.14      2.575909      0.182749      0.167274       606 
  2014KW138    18.14      2.575870      0.180642      0.166334       606 
  2014QP157    18.14      2.579048      0.181188      0.166980       606 
  2015TN285    18.14      2.588433      0.180769      0.166789       606 
  2016EL265    18.14      2.574597      0.179709      0.167788       606 
  2017BG171    18.14      2.577251      0.180160      0.165580       606 
  2009ST106    18.15      2.592278      0.179836      0.165772       606 
  2014WU326    18.15      2.581877      0.179989      0.167586       606 
     583087    18.16      2.576996      0.180613      0.167500       606 
   2002OM38    18.16      2.573092      0.179557      0.166179       606 
   2011AJ91    18.16      2.573552      0.180718      0.166014       606 
   2013UC25    18.16      2.591707      0.180904      0.167522       606 
   2015FY95    18.16      2.594339      0.180128      0.167337       606 
   2017TH41    18.16      2.594069      0.181186      0.165969       606 
   2020BM76    18.16      2.584525      0.181458      0.166514       606 
  2006SH233    18.16      2.573025      0.181037      0.166873       606 
  2007VM354    18.16      2.573119      0.179531      0.167221       606 
   2013VN37    18.17      2.582576      0.181310      0.166257       606 
   2019GM28    18.17      2.591203      0.180001      0.167312       606 
  2010OE148    18.17      2.590041      0.181395      0.166797       606 
  2013AM200    18.17      2.595745      0.180018      0.167660       606 
  2016CT356    18.17      2.575408      0.179272      0.167759       606 
     578707    18.18      2.581152      0.180797      0.166598       606 
   2012EY12    18.18      2.573088      0.180162      0.167337       606 
  2013AW168    18.18      2.576170      0.179106      0.166883       606 
   2014DT56    18.19      2.584941      0.180430      0.167456       606 
   2010XR78    18.20      2.577798      0.180899      0.166872       606 
   2016PY32    18.20      2.572219      0.179800      0.167561       606 
  2005UL555    18.20      2.590820      0.180887      0.165196       606 
   2006BK37    18.21      2.595822      0.180726      0.166992       606 
   2008QX24    18.21      2.577573      0.180932      0.167669       606 
   2009DR59    18.21      2.583662      0.180052      0.167115       606 
   2013VL64    18.21      2.584261      0.183112      0.167110       606 
   2015OP70    18.21      2.577030      0.180251      0.167758       606 
   2017UU40    18.21      2.594736      0.180870      0.166279       606 
  2010XO108    18.21      2.593808      0.180703      0.166761       606 
  2011SK338    18.21      2.584172      0.181393      0.167333       606 
  2013RR125    18.21      2.588626      0.179709      0.167516       606 
  2014WT391    18.21      2.574179      0.179529      0.166500       606 
   2012LR25    18.22      2.596286      0.180813      0.166709       606 
   2017RB51    18.22      2.572665      0.181032      0.166055       606 
  2014HW205    18.22      2.591430      0.180235      0.165931       606 
   2011WC34    18.23      2.590233      0.180836      0.167003       606 
   2015KF87    18.23      2.571826      0.180617      0.167283       606 
   2015KX12    18.23      2.576498      0.179482      0.167457       606 
  2001QB306    18.23      2.592968      0.180919      0.166424       606 
  2014SQ338    18.23      2.590818      0.180576      0.166826       606 
  2014WW267    18.23      2.576443      0.179027      0.166559       606 
   2010TJ44    18.24      2.591616      0.180607      0.167210       606 
   2016LN30    18.24      2.575278      0.178782      0.166886       606 
   2020KV46    18.24      2.575531      0.180027      0.167478       606 
  2005QO210    18.24      2.605801      0.179514      0.167100       606 
  2006DW226    18.24      2.571444      0.180066      0.167493       606 
     536731    18.25      2.574783      0.181011      0.166591       606 
   2003TE66    18.25      2.587275      0.180696      0.167716       606 
   2006DF48    18.25      2.596661      0.181016      0.167209       606 
   2008YY11    18.25      2.582942      0.179748      0.166518       606 
  2006VB130    18.25      2.592258      0.180483      0.166073       606 
  2011AT105    18.25      2.595425      0.180894      0.166959       606 
     583333    18.26      2.570392      0.179620      0.167399       606 
   2006RE93    18.26      2.594075      0.180190      0.166938       606 
  2015XJ446    18.26      2.598820      0.180084      0.167063       606 
     577823    18.27      2.578501      0.179782      0.167440       606 
    2018UF7    18.27      2.576044      0.181243      0.166712       606 
   2016CP69    18.27      2.569964      0.180432      0.167237       606 
  2014KS153    18.27      2.577011      0.181286      0.167406       606 
  2021GO140    18.27      2.591386      0.180862      0.166938       606 
   2010TG82    18.28      2.577230      0.179863      0.167407       606 
   2016KR11    18.28      2.596588      0.180878      0.166683       606 
   2020YO21    18.28      2.574005      0.180387      0.167081       606 
  2015BU348    18.28      2.588135      0.180744      0.166737       606 
  2015RC192    18.28      2.572455      0.180585      0.167325       606 
  2017BX120    18.28      2.571593      0.180683      0.167549       606 
   2017OV16    18.29      2.597471      0.179727      0.167348       606 
   2020QR75    18.29      2.579047      0.180585      0.166696       606 
   2021EB24    18.29      2.576014      0.179988      0.166768       606 
  2021GB114    18.29      2.573399      0.180855      0.167536       606 
     489666    18.30      2.591419      0.180725      0.167201       606 
     590654    18.30      2.576968      0.180913      0.167331       606 
   2021EW16    18.30      2.568436      0.180292      0.167644       606 
  2013AX161    18.30      2.589925      0.180906      0.167377       606 
  2016QZ111    18.30      2.575373      0.180875      0.167014       606 
   2009SV69    18.31      2.588551      0.180412      0.166372       606 
   2015PH26    18.31      2.591378      0.180480      0.167080       606 
   2012KG43    18.32      2.593611      0.180442      0.165440       606 
   2021NM20    18.32      2.594513      0.180664      0.167233       606 
   2021RG23    18.32      2.592353      0.180476      0.167013       606 
  2013CS241    18.32      2.575870      0.183494      0.166758       606 
  2017OO107    18.32      2.597163      0.179942      0.167372       606 
   2015NT39    18.33      2.589190      0.181680      0.166487       606 
   2019LC28    18.33      2.571216      0.179986      0.167355       606 
   2019YH36    18.33      2.570054      0.180279      0.167158       606 
  2007TH372    18.33      2.594880      0.180582      0.167033       606 
  2014WD286    18.33      2.568380      0.179500      0.167965       606 
  2015XQ227    18.33      2.575451      0.179495      0.167092       606 
    2021OR4    18.34      2.590087      0.180346      0.166974       606 
   2006CC16    18.34      2.594072      0.180593      0.167115       606 
   2011JX13    18.34      2.573070      0.180400      0.166244       606 
   2015GD69    18.34      2.596565      0.180531      0.166628       606 
   2018LH37    18.34      2.593844      0.180050      0.166981       606 
   2019TL40    18.34      2.594852      0.180824      0.167148       606 
   2007RZ55    18.35      2.567926      0.181395      0.167388       606 
   2008DK31    18.35      2.593803      0.180368      0.167410       606 
   2015UB21    18.35      2.590277      0.179988      0.165811       606 
   2016AJ44    18.35      2.573668      0.180123      0.167243       606 
   2020GO19    18.35      2.581121      0.179288      0.166783       606 
  2010TZ154    18.35      2.570908      0.180908      0.166287       606 
  2013RU112    18.35      2.592183      0.180348      0.167372       606 
    2004QD6    18.36      2.591647      0.181195      0.166307       606 
    2011BK1    18.36      2.602430      0.180221      0.166271       606 
   2007LC35    18.36      2.571824      0.180676      0.167404       606 
   2008HO67    18.36      2.572820      0.179125      0.167478       606 
   2012XE83    18.36      2.589770      0.181090      0.165319       606 
   2017WC34    18.36      2.598089      0.180106      0.167371       606 
   2017WJ73    18.36      2.573055      0.180402      0.167668       606 
  2008TQ109    18.36      2.574617      0.179435      0.165821       606 
  2015HB242    18.36      2.596473      0.180197      0.167773       606 
  2016EU129    18.36      2.576283      0.181052      0.167593       606 
  2019GN135    18.36      2.572482      0.180892      0.166769       606 
   2015KO51    18.37      2.577161      0.179318      0.166043       606 
   2018DG11    18.37      2.576966      0.183031      0.167150       606 
   2019GH89    18.37      2.570975      0.180952      0.166400       606 
   2020TM32    18.37      2.591222      0.179898      0.165559       606 
  2012TQ365    18.37      2.596887      0.180657      0.166602       606 
   2016JE49    18.38      2.591199      0.180813      0.167059       606 
   2021SF50    18.38      2.576996      0.182118      0.165536       606 
  2014UC121    18.38      2.581731      0.179806      0.165277       606 
  2017SC187    18.38      2.578717      0.180725      0.167477       606 
   2006UY63    18.39      2.575270      0.181288      0.165240       606 
   2018MH21    18.39      2.578720      0.179840      0.166592       606 
  2006ST319    18.39      2.577007      0.181448      0.168012       606 
  2014DS105    18.39      2.587576      0.180856      0.167217       606 
  2017RQ104    18.39      2.568579      0.180402      0.167196       606 
  2017SA155    18.39      2.571155      0.180183      0.167565       606 
   2015TS30    18.40      2.597725      0.180983      0.166595       606 
   2021CY28    18.40      2.589675      0.180696      0.167120       606 
  2011BJ204    18.40      2.594320      0.180311      0.167663       606 
  2015KL228    18.40      2.593864      0.180683      0.167175       606 
  2015XJ447    18.40      2.591813      0.180863      0.166679       606 
  2016CR168    18.40      2.598146      0.180385      0.166946       606 
   2011VF30    18.41      2.568489      0.183320      0.167111       606 
   2019AB84    18.41      2.589079      0.180721      0.165366       606 
  2005YZ216    18.41      2.578488      0.179262      0.167692       606 
  2006AD103    18.41      2.574261      0.180432      0.167539       606 
  2015MD136    18.41      2.571488      0.181571      0.166766       606 
  2016EO241    18.41      2.576249      0.178991      0.166232       606 
   2014XG47    18.42      2.599942      0.180793      0.166952       606 
   2017RT22    18.42      2.591010      0.180038      0.167215       606 
   2017YX38    18.42      2.595378      0.181374      0.166946       606 
   2019JR84    18.42      2.588132      0.180722      0.165819       606 
  2016QW109    18.42      2.570060      0.180157      0.167382       606 
  2021GX122    18.42      2.576475      0.180114      0.167263       606 
   2016XU30    18.43      2.596652      0.180914      0.167422       606 
   2019NT84    18.43      2.576195      0.179859      0.167228       606 
  2014QU555    18.43      2.592192      0.181327      0.166132       606 
  2014WX237    18.43      2.592569      0.181414      0.166290       606 
  2015XT472    18.43      2.576989      0.181401      0.166923       606 
  2016GY285    18.43      2.595544      0.180624      0.166800       606 
  2016NY168    18.43      2.595584      0.180364      0.167703       606 
  2016PO192    18.43      2.592118      0.181107      0.165897       606 
  2016QG107    18.43      2.579091      0.180629      0.167608       606 
   2014NO93    18.44      2.596850      0.180333      0.166383       606 
   2017HW76    18.44      2.572472      0.181764      0.167012       606 
   2020RF56    18.44      2.572771      0.180126      0.165502       606 
  2011UZ174    18.44      2.593107      0.180736      0.166036       606 
  2014HB214    18.44      2.596202      0.180523      0.166969       606 
  2014HS214    18.44      2.570427      0.180768      0.166904       606 
  2014WM263    18.44      2.598449      0.180994      0.166076       606 
  2015FY367    18.44      2.573901      0.180971      0.166520       606 
  2019SP190    18.44      2.598054      0.179923      0.167049       606 
   2014QL10    18.45      2.577004      0.179782      0.167523       606 
   2016SU78    18.45      2.599950      0.181190      0.167003       606 
   2020PA78    18.45      2.586807      0.180703      0.165853       606 
  2010VM216    18.45      2.572459      0.180208      0.167536       606 
  2011US361    18.45      2.570051      0.179758      0.167362       606 
   2006CT52    18.46      2.576332      0.181488      0.167451       606 
   2011WQ80    18.46      2.594321      0.180642      0.165958       606 
   2018BG23    18.46      2.590625      0.181410      0.165773       606 
  2012UW244    18.46      2.580050      0.180949      0.167139       606 
  2013YW164    18.46      2.595919      0.181241      0.166112       606 
   2020KA16    18.47      2.597150      0.180588      0.167310       606 
   2021SL33    18.47      2.591021      0.180291      0.167003       606 
  2015FC424    18.47      2.583633      0.181803      0.166726       606 
  2016GN320    18.47      2.591060      0.180178      0.166661       606 
  2016PA189    18.47      2.570357      0.181033      0.166612       606 
   2011EE66    18.48      2.573928      0.179104      0.166874       606 
   2013VY38    18.48      2.568907      0.180683      0.166848       606 
   2021JZ43    18.48      2.572811      0.180338      0.166636       606 
  2007DU107    18.48      2.596936      0.179833      0.166668       606 
  2016CS309    18.48      2.591939      0.180437      0.166753       606 
  2017FL113    18.48      2.575708      0.180581      0.166788       606 
    2004AL6    18.49      2.573110      0.180888      0.167167       606 
   2014OQ12    18.49      2.574000      0.180814      0.167685       606 
   2015WF24    18.49      2.593054      0.180087      0.167165       606 
  2015RO293    18.49      2.572922      0.180068      0.167731       606 
    2015JK8    18.50      2.595243      0.180408      0.167482       606 
   2012TT64    18.50      2.594266      0.179942      0.165836       606 
   2012VP54    18.50      2.572728      0.179405      0.167257       606 
   2017TD40    18.50      2.591104      0.180329      0.167373       606 
   2018FS52    18.50      2.567745      0.182446      0.167673       606 
   2022AS30    18.50      2.576428      0.182228      0.166391       606 
  2014HK243    18.50      2.595928      0.180945      0.165431       606 
  2014KG150    18.50      2.597283      0.181009      0.167867       606 
  2015PD119    18.50      2.576170      0.180997      0.167046       606 
  2015TK165    18.50      2.592317      0.181004      0.166972       606 
  2017UP102    18.50      2.598488      0.181311      0.166802       606 
  2018VU142    18.50      2.592985      0.180041      0.167409       606 
   2009CA17    18.51      2.571615      0.180440      0.167533       606 
   2012AE35    18.51      2.589704      0.180577      0.166775       606 
   2017WG71    18.51      2.591084      0.181334      0.165943       606 
   2018MW28    18.51      2.571141      0.181331      0.167012       606 
  2014QO368    18.51      2.591200      0.180425      0.167239       606 
  2015FX435    18.51      2.593202      0.180235      0.166485       606 
  2016EU190    18.51      2.593102      0.181006      0.166756       606 
     595799    18.52      2.597088      0.180484      0.167079       606 
    2022CY9    18.52      2.578010      0.179131      0.166734       606 
   2012CD62    18.52      2.594628      0.180408      0.167335       606 
   2015GY38    18.52      2.587888      0.180845      0.166497       606 
   2018KM16    18.52      2.574613      0.180001      0.166740       606 
   2020HS56    18.52      2.574443      0.180904      0.166341       606 
   2020OT47    18.52      2.588768      0.180634      0.165375       606 
  2015HV207    18.52      2.594628      0.180476      0.167248       606 
  2017RP138    18.52      2.576028      0.180202      0.167013       606 
  2021RC118    18.52      2.593056      0.181360      0.167035       606 
   2017CK47    18.53      2.572594      0.181232      0.167371       606 
   2013WB50    18.54      2.574361      0.180629      0.167121       606 
  2015TJ355    18.54      2.596635      0.180036      0.167266       606 
   2016QS15    18.55      2.591766      0.181125      0.165431       606 
   2016RT10    18.55      2.573075      0.180663      0.167735       606 
   2019JU55    18.55      2.579765      0.180615      0.167120       606 
  2015BS482    18.55      2.572125      0.180424      0.167055       606 
  2017QZ141    18.55      2.575079      0.180097      0.167688       606 
   2021TJ62    18.56      2.568649      0.179618      0.167676       606 
  2002RB274    18.56      2.579593      0.180282      0.167483       606 
  2014HH260    18.56      2.572617      0.181211      0.166287       606 
  2016EC318    18.56      2.598705      0.180252      0.166169       606 
   2009DU96    18.57      2.595125      0.181009      0.165840       606 
   2009VF65    18.57      2.586784      0.180109      0.166467       606 
   2012RT14    18.57      2.600265      0.180802      0.165687       606 
   2019GW84    18.57      2.586540      0.179999      0.166740       606 
  2005SN285    18.57      2.568045      0.180136      0.167419       606 
  2011UB234    18.57      2.596903      0.180334      0.166122       606 
  2014UZ273    18.57      2.573559      0.182545      0.167118       606 
  2014WP553    18.57      2.573965      0.181173      0.167566       606 
  2016TB194    18.57      2.575017      0.180128      0.166601       606 
   2013TJ78    18.58      2.569409      0.179865      0.167825       606 
   2013UM25    18.58      2.583596      0.179026      0.165697       606 
   2014GA86    18.58      2.594318      0.180742      0.166955       606 
   2015KV12    18.58      2.583778      0.180902      0.166871       606 
   2016FD86    18.58      2.590513      0.180863      0.166891       606 
  2013RP152    18.58      2.593394      0.179900      0.166258       606 
  2015FN459    18.58      2.580522      0.181110      0.167820       606 
   2013LL26    18.59      2.570044      0.178563      0.167697       606 
   2018PW14    18.59      2.566588      0.180446      0.166345       606 
   2019FO23    18.59      2.594330      0.181515      0.165630       606 
   2019OL32    18.59      2.594249      0.180036      0.167490       606 
   2019SW80    18.59      2.565659      0.180482      0.167217       606 
   2020TP82    18.59      2.576302      0.180275      0.166562       606 
   2021GK92    18.59      2.572537      0.179827      0.167488       606 
  2014EP205    18.59      2.576446      0.180960      0.167285       606 
  2017SY266    18.59      2.594291      0.180647      0.167306       606 
    2009LU7    18.60      2.593117      0.180803      0.167639       606 
   2016KS12    18.60      2.574022      0.180437      0.167464       606 
  2014WK555    18.60      2.596095      0.180887      0.165362       606 
   2016BV77    18.61      2.566776      0.180745      0.166450       606 
   2016SH86    18.61      2.568219      0.180152      0.167115       606 
   2017YC50    18.61      2.571535      0.179669      0.166560       606 
   2022AH24    18.61      2.593160      0.180786      0.166529       606 
  2016PS199    18.61      2.574364      0.180713      0.167726       606 
    2008WS9    18.62      2.578470      0.180202      0.167389       606 
   2010AS10    18.62      2.578412      0.182173      0.167437       606 
   2012EL12    18.62      2.596780      0.181349      0.166833       606 
   2015KX13    18.62      2.592444      0.180687      0.166274       606 
   2021GO71    18.62      2.567153      0.180781      0.166416       606 
   2021TX72    18.62      2.577810      0.179674      0.166138       606 
   2017UP81    18.63      2.595500      0.180464      0.167633       606 
   2022BY37    18.63      2.573787      0.180287      0.167517       606 
   2014EP16    18.64      2.568363      0.180380      0.167163       606 
   2016YZ26    18.64      2.566581      0.180585      0.166749       606 
   2019UK22    18.64      2.573664      0.179999      0.165526       606 
   2021JJ23    18.64      2.567083      0.180208      0.165599       606 
   2021UL36    18.64      2.589127      0.180036      0.166909       606 
  2013CL233    18.64      2.595925      0.179625      0.167066       606 
  2015KP207    18.64      2.595680      0.180029      0.167064       606 
  2016TY128    18.64      2.592040      0.181146      0.167714       606 
   2015HA93    18.65      2.596564      0.180599      0.166948       606 
   2016SM28    18.65      2.592592      0.180772      0.166843       606 
  2015XF431    18.65      2.593019      0.181354      0.166565       606 
  2016EN317    18.65      2.572586      0.179560      0.166274       606 
   2015SP49    18.66      2.594829      0.181389      0.167261       606 
   2019YZ20    18.66      2.589987      0.181130      0.166193       606 
  2013PO115    18.66      2.598720      0.180719      0.166788       606 
  2015RA233    18.66      2.597908      0.179956      0.167227       606 
   1999TT44    18.67      2.590640      0.180109      0.167064       606 
   2016SS82    18.67      2.582078      0.180937      0.167095       606 
   2017VV47    18.67      2.568254      0.180405      0.167577       606 
   2018GB25    18.67      2.588870      0.181731      0.166389       606 
   2019XP12    18.67      2.588816      0.181059      0.166631       606 
  2015BW584    18.67      2.571486      0.182383      0.166887       606 
  2017UU161    18.67      2.573299      0.180321      0.167333       606 
   2020OV12    18.68      2.584657      0.180714      0.166950       606 
  2014HE139    18.68      2.575538      0.180135      0.167081       606 
  2014WL192    18.68      2.583304      0.181019      0.165220       606 
  2015XR145    18.68      2.596659      0.180455      0.166494       606 
  2017OK133    18.68      2.588964      0.180153      0.166952       606 
   2020PQ78    18.69      2.591380      0.180754      0.167229       606 
   2021UG65    18.69      2.596125      0.180671      0.166349       606 
  2010XX106    18.69      2.583607      0.180566      0.167301       606 
  2013TB227    18.69      2.588965      0.180750      0.166787       606 
  2015XF265    18.69      2.576315      0.178213      0.165586       606 
   2015KE76    18.70      2.592396      0.181197      0.167407       606 
   2016LM79    18.70      2.573384      0.179630      0.167677       606 
  2014KR150    18.70      2.570189      0.180998      0.167174       606 
  2014UC249    18.70      2.568361      0.180066      0.167922       606 
  2014WH577    18.70      2.592065      0.179324      0.165729       606 
  2017UN129    18.70      2.596406      0.180247      0.167496       606 
   2018RN23    18.71      2.571073      0.180003      0.167266       606 
   2019JC85    18.71      2.595605      0.180967      0.166031       606 
  2015XS434    18.71      2.599730      0.180494      0.166358       606 
   2016PM63    18.72      2.567582      0.179824      0.167504       606 
  2015TZ296    18.72      2.568031      0.179863      0.166946       606 
  2017SE194    18.72      2.582945      0.180315      0.167362       606 
   2017TS38    18.73      2.594700      0.180841      0.166825       606 
   2019SL43    18.73      2.569694      0.181106      0.167096       606 
  2004TT210    18.73      2.570583      0.180434      0.167708       606 
  2015KP199    18.73      2.584642      0.180159      0.167434       606 
   2015WQ27    18.74      2.581619      0.179559      0.167351       606 
   2017BK48    18.74      2.579562      0.180425      0.167302       606 
   2020TX54    18.74      2.593171      0.180905      0.167183       606 
  2009DU159    18.74      2.567970      0.180246      0.167114       606 
  2014ED258    18.74      2.581024      0.179440      0.167021       606 
  2016PV158    18.74      2.592933      0.181289      0.165944       606 
   2017TZ41    18.75      2.578565      0.181203      0.167646       606 
  2003FL125    18.75      2.574876      0.180054      0.167527       606 
  2014UV283    18.75      2.597375      0.180793      0.167629       606 
  2015HM245    18.75      2.570182      0.180675      0.166129       606 
  2015VA178    18.75      2.568593      0.178916      0.167513       606 
  2016CS285    18.75      2.579045      0.179648      0.167004       606 
  2016GH307    18.75      2.578522      0.180229      0.167305       606 
   2021TE84    18.76      2.574539      0.180478      0.167685       606 
  2009BX129    18.76      2.568591      0.181279      0.166822       606 
  2010JH214    18.76      2.597862      0.180627      0.166900       606 
  2015KD220    18.76      2.562495      0.180307      0.167580       606 
  2015VS187    18.76      2.598165      0.180319      0.166408       606 
  2017RY134    18.76      2.596589      0.180130      0.167692       606 
  2016CU212    18.77      2.572708      0.180872      0.166951       606 
  2017RJ144    18.77      2.590880      0.180502      0.166734       606 
   2011RJ24    18.78      2.569678      0.179855      0.167379       606 
   2014UF32    18.78      2.591296      0.182072      0.167349       606 
   2020QD72    18.78      2.588022      0.179640      0.166773       606 
   2020RR26    18.78      2.574642      0.181029      0.166384       606 
  2012FP109    18.78      2.596264      0.180051      0.167551       606 
  2015TA141    18.78      2.579149      0.179931      0.165929       606 
  2015TL420    18.78      2.594333      0.181712      0.167090       606 
  2015XJ433    18.78      2.591192      0.180516      0.167703       606 
  2016AS214    18.78      2.593020      0.181449      0.166051       606 
  2016PT208    18.78      2.598855      0.180229      0.167230       606 
  2015XT334    18.79      2.579927      0.179284      0.167112       606 
  2016CJ228    18.79      2.599129      0.180199      0.166221       606 
  2016GK291    18.79      2.567037      0.181068      0.167058       606 
   2012HJ30    18.80      2.585192      0.181479      0.166348       606 
   2016JE62    18.81      2.566049      0.180165      0.166731       606 
   2017GV21    18.81      2.574156      0.180339      0.167737       606 
   2017SP99    18.81      2.596954      0.180687      0.166899       606 
   2021TC74    18.81      2.592655      0.180890      0.167191       606 
  2017DS137    18.81      2.580161      0.181276      0.167114       606 
   2019YL37    18.82      2.570420      0.180168      0.167679       606 
   2021DY11    18.82      2.567607      0.180739      0.167316       606 
  2017SX284    18.82      2.593788      0.180519      0.165401       606 
  2020HX111    18.82      2.572179      0.180030      0.166835       606 
   2017HS79    18.83      2.591472      0.181606      0.166825       606 
   2015UV30    18.84      2.598630      0.180324      0.166964       606 
   2016SG85    18.84      2.592684      0.179262      0.167024       606 
   2017WM76    18.84      2.580387      0.179974      0.167872       606 
  2007TJ494    18.84      2.578945      0.182863      0.166884       606 
  2008CP247    18.84      2.575613      0.179643      0.166723       606 
  2012TQ340    18.84      2.566601      0.179914      0.167203       606 
  2013RJ154    18.84      2.576800      0.180787      0.167100       606 
   2017WX74    18.85      2.573884      0.180677      0.167607       606 
   2017YK49    18.85      2.572630      0.181220      0.167550       606 
   2021DJ14    18.85      2.589632      0.180244      0.166674       606 
  2016CZ382    18.85      2.564017      0.180912      0.167316       606 
   2016DJ43    18.86      2.594777      0.181057      0.167082       606 
   2019PE43    18.86      2.589100      0.180194      0.165610       606 
  2015TG398    18.86      2.572389      0.179193      0.166419       606 
  2015XM234    18.86      2.585816      0.181262      0.166838       606 
  2017RN125    18.86      2.595972      0.180684      0.167370       606 
   2017SZ57    18.87      2.597380      0.180290      0.166431       606 
  2013WP118    18.87      2.605970      0.180888      0.167137       606 
  2015PU277    18.87      2.565027      0.180852      0.166496       606 
  2015VE178    18.87      2.570229      0.180399      0.167751       606 
   2015LR53    18.88      2.568898      0.181505      0.167227       606 
   2017WO73    18.88      2.590680      0.179651      0.167283       606 
    2017LH3    18.89      2.572324      0.180677      0.167907       606 
   2016FC72    18.89      2.577935      0.182198      0.167503       606 
  2013GE120    18.89      2.571826      0.180105      0.166769       606 
  2016QQ116    18.90      2.585104      0.180344      0.166902       606 
  2017SS282    18.90      2.581304      0.181240      0.167841       606 
   2013HB42    18.91      2.576623      0.181151      0.167522       606 
   2013UJ46    18.91      2.592392      0.181008      0.166517       606 
  2015HB236    18.91      2.581350      0.181321      0.167053       606 
  2015TE286    18.91      2.598776      0.180593      0.166853       606 
  2016EU319    18.91      2.592232      0.180136      0.166774       606 
  2014EY231    18.92      2.570828      0.180365      0.167926       606 
  2017FZ187    18.92      2.573691      0.179218      0.166751       606 
    2014SD8    18.93      2.583766      0.180340      0.167783       606 
  2010TS216    18.93      2.568292      0.180627      0.167616       606 
  2015XL456    18.93      2.570057      0.181656      0.167003       606 
   2017XV84    18.94      2.569930      0.180220      0.166725       606 
   2021TH17    18.94      2.580184      0.180793      0.167362       606 
   2013VB36    18.95      2.590143      0.180149      0.167755       606 
  2013AB201    18.95      2.577736      0.180694      0.166221       606 
   2019JQ20    18.96      2.573292      0.179975      0.167759       606 
   2021TQ11    18.96      2.570077      0.179943      0.167752       606 
   2016PZ69    18.97      2.573807      0.179317      0.166151       606 
  2012US197    18.97      2.578048      0.176895      0.167162       606 
  2015HY245    18.97      2.567777      0.181499      0.167654       606 
   2014WT36    18.98      2.589659      0.180691      0.167000       606 
  2014HL252    18.98      2.583444      0.179983      0.167477       606 
  2015VD180    18.99      2.590778      0.180754      0.166194       606 
  2016QU142    18.99      2.592449      0.180059      0.166825       606 
  2015HD241    19.01      2.566567      0.179322      0.167371       606 
  2017RJ139    19.05      2.567835      0.180292      0.167464       606 
  2016AV318    19.06      2.597751      0.180450      0.167996       606 
   2017TH22    19.07      2.599317      0.181476      0.166000       606 
   2017WB86    19.07      2.574254      0.182008      0.167087       606 
   2017WL76    19.07      2.568483      0.180316      0.166923       606 
  2014QP510    19.07      2.592672      0.180618      0.166834       606 
  2015TM142    19.07      2.569867      0.180732      0.166750       606 
  2017QH142    19.07      2.586888      0.180240      0.167315       606 
  2016ES284    19.08      2.593419      0.180694      0.167297       606 
   2012SP89    19.09      2.574753      0.181921      0.165632       606 
   2017QA77    19.09      2.578038      0.179954      0.167424       606 
  2017SJ299    19.09      2.592224      0.180671      0.167288       606 
   2016RP54    19.11      2.594323      0.180271      0.166069       606 
   2020RL58    19.12      2.577681      0.179635      0.167274       606 
  2015VC177    19.13      2.577086      0.181335      0.166668       606 
   2017TN42    19.15      2.574513      0.180149      0.167534       606 
   2015LF50    19.17      2.592007      0.180637      0.166304       606 
   2020SM48    19.18      2.598258      0.180040      0.166738       606 
  2016PS170    19.18      2.570880      0.180529      0.166843       606 
  2017UL166    19.18      2.568547      0.180092      0.166923       606 
   2021GB18    19.19      2.579658      0.180789      0.167277       606 
  2015RM223    19.19      2.574879      0.181958      0.167013       606 
   2016ST86    19.20      2.565129      0.180839      0.167415       606 
   2015TK38    19.22      2.573073      0.179900      0.168106       606 
   2015US96    19.22      2.594107      0.180827      0.167403       606 
   2017QP43    19.22      2.594022      0.181213      0.166048       606 
  2015TK218    19.23      2.568031      0.179283      0.167389       606 
  2017SX282    19.24      2.561224      0.180363      0.167737       606 
  2012TJ148    19.25      2.567867      0.181522      0.166565       606 
   2016SX85    19.27      2.566050      0.181104      0.166921       606 
  2017RA135    19.27      2.583484      0.180877      0.167139       606 
   2021QP15    19.28      2.596270      0.178251      0.167476       606 
  2015BC612    19.30      2.570188      0.180178      0.166540       606 
   2020PK25    19.31      2.581346      0.180722      0.166986       606 
   2020SU60    19.32      2.565368      0.179748      0.167648       606 
  2017SV280    19.32      2.597156      0.181258      0.166992       606 
  2014SB383    19.37      2.570991      0.180809      0.166195       606 
   2016GJ49    19.40      2.567942      0.180261      0.167590       606 
   2021RL52    19.43      2.586100      0.181494      0.167196       606 
  2016PZ193    19.47      2.567789      0.182660      0.167415       606 
  2017UR176    19.47      2.572941      0.178913      0.164969       606 
  2015RL297    19.49      2.567217      0.180987      0.165491       606 
   2011UZ65    19.52      2.568282      0.179367      0.168124       606 
  2017US165    19.52      2.581612      0.180658      0.167178       606 
   2017SO75    19.69      2.603965      0.180452      0.166853       606 
  2017SR273    19.70      2.588669      0.181210      0.166359       606 
   2020PM60    19.80      2.588005      0.182002      0.166113       606 
  2017RG135    20.03      2.563679      0.179325      0.167811       606 
