        618     8.28      3.188935      0.058588      0.273936       618 
       4208    11.38      3.207137      0.058348      0.276620       618 
     105728    14.33      3.189582      0.058517      0.273902       618 
     154817    14.60      3.185422      0.058536      0.274584       618 
     223473    14.61      3.199177      0.057400      0.271767       618 
     184227    14.77      3.190818      0.058532      0.277404       618 
     233629    14.77      3.187209      0.058401      0.273807       618 
     306967    14.77      3.180472      0.059136      0.273236       618 
     135401    14.80      3.197982      0.058411      0.276473       618 
     158776    14.81      3.188984      0.058627      0.273919       618 
     171056    14.81      3.178736      0.056774      0.273051       618 
     213320    14.82      3.197305      0.057874      0.275859       618 
     188170    14.85      3.193628      0.058639      0.272682       618 
     254427    14.89      3.188642      0.058723      0.271943       618 
     204163    14.94      3.190525      0.058416      0.273834       618 
     230967    14.98      3.178802      0.057525      0.274346       618 
     151458    15.02      3.195174      0.058914      0.275249       618 
     207876    15.05      3.194027      0.058250      0.272389       618 
     412558    15.06      3.178274      0.059042      0.273253       618 
     218291    15.08      3.188636      0.058290      0.273706       618 
     235570    15.08      3.186924      0.058819      0.275235       618 
     289242    15.08      3.191927      0.058531      0.276352       618 
     240280    15.10      3.183512      0.059011      0.273579       618 
     148378    15.11      3.190013      0.058570      0.276627       618 
     202339    15.13      3.192903      0.058821      0.272583       618 
     347738    15.23      3.191648      0.058726      0.278342       618 
     243006    15.29      3.189465      0.058601      0.276688       618 
     340799    15.29      3.176536      0.057475      0.273108       618 
     329508    15.30      3.176633      0.056515      0.274238       618 
     288989    15.34      3.199908      0.057699      0.276578       618 
     333807    15.39      3.181399      0.058838      0.275394       618 
     404693    15.41      3.185354      0.058471      0.272378       618 
     328781    15.45      3.190904      0.058634      0.270925       618 
     283166    15.46      3.188889      0.058693      0.275085       618 
   2017DO16    15.46      3.183386      0.058417      0.273615       618 
   2010KZ15    15.47      3.186500      0.058730      0.273308       618 
     325506    15.48      3.187050      0.058593      0.273539       618 
     401739    15.48      3.183962      0.058419      0.273329       618 
     519144    15.49      3.179986      0.058122      0.273206       618 
     398625    15.52      3.190928      0.058345      0.277771       618 
     343082    15.54      3.183936      0.058653      0.271423       618 
     406750    15.56      3.196505      0.058095      0.270794       618 
     378492    15.57      3.182416      0.058788      0.273267       618 
     279099    15.58      3.193016      0.058537      0.274383       618 
     353531    15.58      3.198711      0.058172      0.275020       618 
   2011BE12    15.58      3.177691      0.057185      0.275166       618 
     475137    15.59      3.190231      0.058334      0.276718       618 
     263620    15.60      3.184081      0.058220      0.273132       618 
     271908    15.60      3.197950      0.058916      0.271746       618 
     443742    15.60      3.190038      0.058657      0.272594       618 
     452040    15.60      3.184469      0.058877      0.275009       618 
     337737    15.61      3.180474      0.057470      0.278971       618 
     437221    15.62      3.190166      0.058336      0.276720       618 
     437789    15.65      3.183587      0.057200      0.272117       618 
     540080    15.65      3.197666      0.058749      0.275737       618 
     373085    15.66      3.190409      0.058514      0.276714       618 
     439195    15.66      3.196532      0.058708      0.271777       618 
     303873    15.68      3.184067      0.058330      0.274285       618 
   2009CX74    15.68      3.191486      0.059006      0.279454       618 
     389423    15.71      3.183648      0.058250      0.273321       618 
     397100    15.72      3.185610      0.058811      0.273269       618 
   2011JM14    15.73      3.193584      0.058663      0.273990       618 
     328433    15.74      3.185620      0.058722      0.273179       618 
     436701    15.75      3.192716      0.058466      0.273849       618 
  2014WK494    15.76      3.187848      0.060191      0.278766       618 
     257652    15.77      3.186081      0.058397      0.273438       618 
     295628    15.77      3.189198      0.058518      0.277282       618 
     346204    15.77      3.185985      0.058013      0.275851       618 
     418748    15.78      3.178563      0.058248      0.273754       618 
     421968    15.78      3.185950      0.057730      0.273870       618 
     482999    15.79      3.190052      0.058555      0.277360       618 
     519366    15.79      3.179275      0.058359      0.276773       618 
  2010EQ159    15.79      3.198396      0.058961      0.276167       618 
     305401    15.80      3.186817      0.058878      0.277468       618 
     460780    15.80      3.194812      0.058526      0.270538       618 
     276337    15.82      3.189286      0.058604      0.276833       618 
     429867    15.82      3.195445      0.058893      0.271347       618 
     523495    15.82      3.188301      0.058585      0.274789       618 
     544354    15.82      3.183062      0.058082      0.273392       618 
     443073    15.83      3.185703      0.058625      0.273667       618 
   2007VL69    15.83      3.190191      0.058225      0.277629       618 
     422504    15.85      3.188210      0.058821      0.273366       618 
     472660    15.85      3.188024      0.058884      0.273971       618 
   2015FQ65    15.86      3.183248      0.057140      0.274902       618 
     461158    15.87      3.196395      0.058934      0.274544       618 
     390989    15.88      3.186750      0.057974      0.273813       618 
     463630    15.88      3.194316      0.058740      0.270171       618 
     501476    15.88      3.184085      0.059681      0.275647       618 
     456817    15.89      3.185922      0.058652      0.278028       618 
     361503    15.90      3.190150      0.059023      0.274825       618 
     458082    15.90      3.182278      0.058122      0.275472       618 
     503767    15.90      3.182674      0.058822      0.273740       618 
     519002    15.90      3.183500      0.058311      0.275716       618 
  2003UW437    15.92      3.185644      0.058555      0.275749       618 
     290768    15.93      3.185102      0.058587      0.274104       618 
     372741    15.93      3.186077      0.058391      0.275494       618 
     467537    15.93      3.192735      0.058809      0.273982       618 
     249666    15.95      3.191521      0.058951      0.274595       618 
   2008WA23    15.95      3.200462      0.059068      0.270701       618 
   2011BS48    15.95      3.189920      0.058324      0.277314       618 
     383003    15.96      3.190368      0.058568      0.278533       618 
     418762    15.96      3.189843      0.058800      0.274089       618 
     457939    15.97      3.197095      0.059436      0.272334       618 
     494521    15.97      3.191514      0.058202      0.272736       618 
    2013JR6    15.97      3.192476      0.058597      0.271103       618 
   2009PM13    15.97      3.196397      0.058368      0.275541       618 
   2017FX35    15.97      3.185309      0.058673      0.275594       618 
     387396    15.98      3.192259      0.059420      0.277293       618 
  2015AF220    15.98      3.188715      0.058868      0.272361       618 
     481760    15.99      3.183329      0.059122      0.275635       618 
     410938    16.01      3.180472      0.059535      0.274209       618 
     392594    16.02      3.194169      0.058785      0.270717       618 
     529994    16.02      3.179550      0.058159      0.274600       618 
     579056    16.02      3.181739      0.058089      0.275965       618 
     245479    16.03      3.185784      0.058631      0.273475       618 
     462457    16.03      3.197165      0.058984      0.276708       618 
     560467    16.03      3.193234      0.058548      0.273999       618 
     311440    16.05      3.195003      0.058842      0.270607       618 
   2014ED33    16.05      3.182047      0.058585      0.273902       618 
     427348    16.07      3.198524      0.058925      0.274363       618 
     566882    16.07      3.193796      0.058707      0.274277       618 
     514051    16.09      3.197423      0.059171      0.272645       618 
     424204    16.10      3.184948      0.058771      0.272117       618 
   2014CT12    16.10      3.192590      0.058696      0.274921       618 
   2017DP45    16.10      3.193600      0.058172      0.275166       618 
     397777    16.11      3.183542      0.057588      0.275360       618 
     518968    16.11      3.186568      0.058810      0.275585       618 
     496605    16.12      3.192593      0.058534      0.276454       618 
     574557    16.12      3.180465      0.057907      0.271837       618 
  2015XQ164    16.12      3.181585      0.058138      0.273800       618 
     407225    16.13      3.197693      0.058710      0.275170       618 
   2016QT94    16.13      3.193834      0.059754      0.274737       618 
   2017TR25    16.13      3.192073      0.058454      0.278174       618 
  2007VP266    16.13      3.190806      0.058389      0.272817       618 
     444121    16.14      3.184118      0.058097      0.273282       618 
     466670    16.14      3.182149      0.057590      0.276939       618 
  2015XN399    16.14      3.188316      0.058536      0.274031       618 
  2008RG102    16.15      3.182203      0.058441      0.271395       618 
     516317    16.16      3.193565      0.059720      0.271045       618 
     370343    16.17      3.186985      0.059016      0.274665       618 
  2015RA259    16.17      3.189247      0.058620      0.274246       618 
     606656    16.18      3.189534      0.058362      0.277516       618 
   2016NC64    16.18      3.187648      0.058340      0.274581       618 
   2001LE20    16.19      3.182540      0.057323      0.275184       618 
  2005YG161    16.19      3.189995      0.058722      0.274203       618 
  2015XS312    16.19      3.195726      0.059352      0.274739       618 
     548373    16.20      3.198838      0.058388      0.271626       618 
     567231    16.20      3.188302      0.058569      0.275455       618 
     600547    16.20      3.186704      0.058482      0.277303       618 
   2016CR11    16.20      3.200730      0.058805      0.273908       618 
     481742    16.21      3.183335      0.059042      0.275590       618 
  2009SJ122    16.21      3.185032      0.058604      0.274007       618 
  2014SQ341    16.21      3.194657      0.059728      0.271298       618 
     395221    16.23      3.186692      0.058709      0.273262       618 
     514296    16.23      3.189283      0.058715      0.272402       618 
  2002JG152    16.23      3.189891      0.058257      0.275887       618 
  2015XH361    16.23      3.181458      0.059100      0.274233       618 
     365345    16.24      3.188705      0.058656      0.277575       618 
     577063    16.24      3.180500      0.060325      0.275668       618 
    2013SF5    16.24      3.190938      0.058473      0.274811       618 
    2016CN9    16.24      3.188811      0.058849      0.272491       618 
   2011GM86    16.24      3.183533      0.058527      0.274146       618 
     600585    16.25      3.192820      0.058567      0.277141       618 
     426958    16.26      3.195896      0.058567      0.275842       618 
     543421    16.27      3.188663      0.058580      0.274015       618 
     546770    16.27      3.188073      0.058339      0.275361       618 
     547105    16.27      3.179549      0.059485      0.274129       618 
   2015FS50    16.27      3.191493      0.058542      0.274814       618 
   2008SL51    16.28      3.182282      0.058630      0.275443       618 
     506064    16.29      3.191047      0.058837      0.276505       618 
  2015BS237    16.29      3.192798      0.058843      0.271461       618 
     533312    16.31      3.191783      0.058487      0.276114       618 
     413809    16.32      3.184732      0.057503      0.272817       618 
     481353    16.32      3.185447      0.057917      0.273044       618 
     548341    16.32      3.194879      0.057873      0.274512       618 
   2012JW28    16.32      3.186715      0.058763      0.272940       618 
     546446    16.33      3.191492      0.058274      0.275672       618 
     593706    16.34      3.193571      0.058892      0.273664       618 
   2006VR72    16.34      3.202638      0.058828      0.276849       618 
  2006WG183    16.34      3.189535      0.058253      0.273628       618 
  2016GA172    16.34      3.186337      0.058901      0.272587       618 
  2014SJ294    16.35      3.193356      0.059112      0.276902       618 
     424307    16.36      3.190267      0.058748      0.275348       618 
  2005VX137    16.36      3.184357      0.058760      0.274036       618 
  2006HR136    16.36      3.188087      0.058889      0.271692       618 
  2011UB354    16.36      3.180686      0.058233      0.273269       618 
  2015PA295    16.36      3.201139      0.057950      0.274620       618 
  2015TN183    16.36      3.182665      0.058637      0.277560       618 
     510892    16.38      3.187412      0.058425      0.275142       618 
     559214    16.40      3.186155      0.058774      0.274425       618 
   2017BB97    16.40      3.185089      0.058807      0.274820       618 
     535453    16.41      3.198481      0.058552      0.271045       618 
     559748    16.41      3.190613      0.058459      0.274300       618 
   2013VR61    16.41      3.192235      0.058400      0.271729       618 
  2017DD134    16.42      3.189513      0.058378      0.274295       618 
     503042    16.43      3.189065      0.058902      0.270144       618 
     555645    16.43      3.188956      0.058162      0.277691       618 
     599798    16.43      3.189061      0.058979      0.274059       618 
   2013TN72    16.43      3.194093      0.058419      0.278185       618 
   2016EV61    16.43      3.190420      0.058715      0.273242       618 
  2010JZ135    16.43      3.195079      0.057407      0.270926       618 
  2015FE133    16.44      3.187439      0.058591      0.273431       618 
  2015PF316    16.44      3.193341      0.058741      0.276551       618 
     538507    16.45      3.183688      0.058937      0.271209       618 
     545817    16.45      3.190023      0.058500      0.277158       618 
     609299    16.45      3.189816      0.058315      0.271957       618 
     610485    16.45      3.189019      0.058682      0.277898       618 
  2015BG236    16.45      3.185371      0.059001      0.270469       618 
  2007RO339    16.48      3.193715      0.058602      0.270833       618 
  2014WJ538    16.48      3.187715      0.058525      0.272340       618 
     479898    16.49      3.187087      0.058662      0.273418       618 
   2010ME93    16.49      3.190174      0.058553      0.274944       618 
   2014KW62    16.49      3.176878      0.059950      0.275367       618 
   2014WU25    16.49      3.197172      0.058419      0.273926       618 
  2005VH109    16.49      3.194856      0.058338      0.274457       618 
  2011BO188    16.49      3.187613      0.058536      0.272418       618 
     568078    16.50      3.178743      0.058356      0.272885       618 
     569178    16.50      3.196116      0.058020      0.277716       618 
     602810    16.50      3.182040      0.058671      0.279116       618 
     610774    16.50      3.193094      0.059450      0.269986       618 
   2014VD41    16.50      3.191799      0.058504      0.272585       618 
   2016QZ87    16.50      3.183585      0.057142      0.274115       618 
  2008UP381    16.50      3.188030      0.058658      0.276788       618 
  2015BW574    16.50      3.184692      0.057626      0.273339       618 
   2012QM54    16.51      3.182701      0.059249      0.278535       618 
     479974    16.52      3.189084      0.059015      0.276890       618 
   2014UA79    16.52      3.179916      0.058711      0.275100       618 
  2001YG160    16.52      3.188875      0.058748      0.271571       618 
  2008SJ213    16.52      3.183192      0.058353      0.274275       618 
   2015QJ25    16.53      3.186850      0.058687      0.273356       618 
  2015PY332    16.53      3.187652      0.058408      0.274182       618 
   2007UP92    16.54      3.184113      0.057695      0.273588       618 
   2012RR48    16.54      3.192266      0.058546      0.272655       618 
   2017DL65    16.54      3.186507      0.058627      0.276313       618 
     576995    16.55      3.194713      0.059197      0.274683       618 
     583755    16.55      3.187051      0.058723      0.274820       618 
   2012GZ34    16.55      3.200780      0.057960      0.276600       618 
   2013YE58    16.55      3.184269      0.058426      0.275083       618 
   2015AU13    16.55      3.190498      0.058994      0.277140       618 
  2014OA437    16.55      3.180315      0.058072      0.273723       618 
  2016EL233    16.55      3.188396      0.058877      0.278216       618 
  2008GF178    16.56      3.187748      0.058268      0.273284       618 
  2014SL294    16.56      3.185402      0.058430      0.274482       618 
  2015TK181    16.56      3.188356      0.058508      0.273029       618 
  2016TY184    16.56      3.200148      0.058869      0.273055       618 
     521853    16.57      3.185571      0.058568      0.274750       618 
     550218    16.57      3.190521      0.059697      0.274029       618 
     589880    16.57      3.189607      0.058568      0.272843       618 
     556332    16.58      3.191556      0.058440      0.274473       618 
     599867    16.58      3.188030      0.058911      0.274505       618 
  2001VO129    16.58      3.187640      0.058633      0.275341       618 
  2015XS339    16.58      3.185435      0.058728      0.275351       618 
     572378    16.59      3.184790      0.058396      0.277534       618 
     574422    16.59      3.188952      0.058236      0.273359       618 
   2013QV97    16.59      3.182677      0.057602      0.273338       618 
  2006BU177    16.59      3.179137      0.057760      0.275775       618 
  2007RL339    16.59      3.188792      0.058713      0.276647       618 
  2008WV151    16.59      3.179179      0.058623      0.276322       618 
  2014OB417    16.59      3.190044      0.059002      0.275796       618 
     577483    16.60      3.187781      0.058370      0.274303       618 
   2010GR55    16.60      3.183048      0.058801      0.271892       618 
  2016NG148    16.60      3.194218      0.059054      0.277824       618 
   2019NG37    16.61      3.185757      0.056946      0.273217       618 
  2008TE137    16.61      3.183539      0.058834      0.273692       618 
  2010BK111    16.61      3.188362      0.058411      0.273320       618 
  2015XV112    16.61      3.185925      0.059242      0.271633       618 
     596152    16.63      3.184439      0.059109      0.275841       618 
     599000    16.63      3.177165      0.058642      0.273143       618 
   2011HJ41    16.63      3.181470      0.060149      0.272283       618 
   2014NM27    16.64      3.187908      0.058637      0.276030       618 
   2016HO32    16.64      3.183962      0.058563      0.273247       618 
   2020SG74    16.64      3.188374      0.058599      0.275564       618 
  2017BB121    16.64      3.196579      0.058644      0.277359       618 
   2016CA86    16.65      3.187868      0.058481      0.275692       618 
  2007ES231    16.65      3.187299      0.058321      0.273404       618 
  2008AR157    16.65      3.197925      0.058479      0.276699       618 
  2015XY399    16.65      3.181935      0.058508      0.272059       618 
     481246    16.66      3.183018      0.058505      0.275846       618 
     487361    16.66      3.186783      0.058922      0.270525       618 
     550680    16.66      3.185790      0.058481      0.275349       618 
     559854    16.66      3.190889      0.058273      0.271118       618 
     564621    16.66      3.190690      0.058922      0.276066       618 
     566168    16.66      3.189566      0.059862      0.270162       618 
     599791    16.66      3.189866      0.058886      0.274207       618 
    2015CY6    16.66      3.180557      0.058289      0.275361       618 
  2014OP204    16.66      3.194857      0.058724      0.271618       618 
  2016NB123    16.66      3.182445      0.058261      0.275577       618 
   2016RF76    16.67      3.182698      0.059541      0.272110       618 
   2008KT48    16.68      3.184916      0.058821      0.278600       618 
   2015AO93    16.68      3.181207      0.058310      0.272193       618 
  2008EH131    16.68      3.192782      0.058607      0.273548       618 
     474895    16.69      3.192644      0.058407      0.273443       618 
   2009YC31    16.69      3.185098      0.058563      0.274270       618 
  2016TO178    16.69      3.189181      0.058449      0.272814       618 
     474867    16.70      3.182846      0.057309      0.274237       618 
   2016BF86    16.70      3.195684      0.058278      0.274313       618 
  2007BB113    16.70      3.185866      0.058505      0.277084       618 
  2015BO552    16.70      3.187394      0.058521      0.275317       618 
   2010GD41    16.71      3.187610      0.058374      0.273404       618 
   2017AY16    16.71      3.184251      0.058941      0.272415       618 
  2005NJ110    16.71      3.177427      0.058312      0.274600       618 
  2006UG372    16.71      3.198122      0.058162      0.274728       618 
  2016PH115    16.71      3.182344      0.059251      0.275265       618 
  2007RW343    16.72      3.188444      0.058206      0.273346       618 
  2015XS230    16.72      3.176921      0.059638      0.277253       618 
   2018BR16    16.73      3.191931      0.058505      0.273386       618 
  2015DW124    16.73      3.189747      0.058639      0.275465       618 
   2016CS98    16.74      3.180519      0.058861      0.274288       618 
   2017BW94    16.74      3.191814      0.058538      0.275839       618 
   2021CD18    16.74      3.181796      0.058582      0.274355       618 
  2005XE124    16.74      3.184133      0.058859      0.273348       618 
  2011UY447    16.74      3.183768      0.057461      0.273902       618 
  2016EA184    16.74      3.194710      0.058590      0.279208       618 
     560402    16.75      3.183267      0.058877      0.274936       618 
   2010HH63    16.75      3.185030      0.058573      0.275103       618 
   2013PH22    16.75      3.185980      0.058623      0.273035       618 
  2011SH162    16.75      3.193781      0.058700      0.273637       618 
  2015AG224    16.75      3.191555      0.059340      0.271643       618 
     615746    16.77      3.184101      0.057697      0.274168       618 
    2013DQ2    16.77      3.177245      0.058959      0.276437       618 
   2016WK78    16.77      3.178255      0.058160      0.273991       618 
  2007RJ373    16.77      3.188220      0.057807      0.275417       618 
  2008UY282    16.77      3.183889      0.058811      0.277964       618 
  2012UO205    16.77      3.190299      0.058523      0.274759       618 
  2013TU196    16.77      3.183092      0.057850      0.277844       618 
     592086    16.78      3.184375      0.058515      0.273401       618 
   2018AM21    16.78      3.184824      0.058629      0.275337       618 
   2019LU20    16.78      3.191967      0.058413      0.274178       618 
     436734    16.79      3.186000      0.058316      0.273350       618 
   1999TL83    16.79      3.183654      0.058917      0.274341       618 
   2000TT77    16.79      3.189978      0.058343      0.274414       618 
   2017UV96    16.79      3.196412      0.058717      0.274187       618 
  2015FY166    16.79      3.200869      0.057759      0.275597       618 
  2015PA192    16.79      3.187152      0.058241      0.273258       618 
    2009YC3    16.80      3.186884      0.058316      0.274693       618 
     574619    16.82      3.188702      0.058598      0.274753       618 
     590519    16.82      3.188490      0.058368      0.272497       618 
   2008LV20    16.82      3.189963      0.058717      0.276104       618 
   2014OB80    16.82      3.191036      0.058429      0.273897       618 
   2014RB79    16.82      3.192359      0.058861      0.273549       618 
  2015XV118    16.82      3.189602      0.059007      0.275724       618 
   2008KK49    16.83      3.183167      0.058646      0.274475       618 
  2004TV209    16.83      3.193516      0.058016      0.271384       618 
  2013GW149    16.83      3.191002      0.058828      0.276922       618 
     599672    16.84      3.192831      0.058701      0.274154       618 
   2010OX87    16.84      3.179338      0.056193      0.274689       618 
   2016FB25    16.84      3.199570      0.058425      0.274843       618 
  2014HM205    16.84      3.196318      0.060591      0.273844       618 
     514631    16.85      3.186523      0.058796      0.276174       618 
     609406    16.85      3.184011      0.058709      0.279982       618 
   2015TO17    16.85      3.194679      0.058483      0.273449       618 
  2014QT577    16.85      3.183687      0.058704      0.271666       618 
     554544    16.86      3.178217      0.059007      0.278028       618 
   2013QO34    16.86      3.180401      0.059308      0.270680       618 
   2018FU12    16.86      3.185889      0.058513      0.274047       618 
  2010OU109    16.86      3.185684      0.058243      0.273849       618 
  2011BB188    16.86      3.178224      0.059420      0.275585       618 
  2015BK598    16.86      3.179040      0.057570      0.275526       618 
   2013TZ39    16.87      3.188330      0.058677      0.276383       618 
   2018PT44    16.87      3.180202      0.057996      0.274363       618 
     568033    16.88      3.199136      0.059138      0.273826       618 
     608346    16.88      3.189237      0.058817      0.272972       618 
    2017WJ8    16.88      3.184944      0.057607      0.273106       618 
   2015CP78    16.88      3.181498      0.058925      0.274892       618 
   2015XE60    16.88      3.185541      0.058558      0.273459       618 
   2016YH21    16.88      3.183708      0.058555      0.276072       618 
  2014SV388    16.88      3.179427      0.059019      0.275685       618 
  2015AL128    16.88      3.189966      0.058587      0.275986       618 
     581707    16.89      3.191138      0.058782      0.272081       618 
   2017FA11    16.89      3.196377      0.059004      0.273261       618 
   2017PV53    16.89      3.185567      0.058691      0.272395       618 
  2003UE439    16.89      3.196671      0.058621      0.278249       618 
   2016BX28    16.90      3.185951      0.058598      0.273858       618 
   2019CN16    16.90      3.181931      0.058503      0.274290       618 
   2020OV48    16.90      3.203543      0.058387      0.270610       618 
  2015OA153    16.90      3.180453      0.058999      0.272075       618 
   2015PN49    16.91      3.180529      0.059642      0.272494       618 
  2014UM282    16.91      3.188817      0.058546      0.275220       618 
  2015BF605    16.91      3.180498      0.058633      0.278374       618 
     519431    16.92      3.188832      0.059016      0.274018       618 
     536647    16.92      3.196521      0.058699      0.271450       618 
   2020TP28    16.92      3.192804      0.058643      0.273759       618 
   2021EZ28    16.92      3.188965      0.059250      0.273854       618 
  2000WA200    16.92      3.177638      0.057135      0.273282       618 
  2009DU148    16.92      3.194959      0.059625      0.271599       618 
  2014HB249    16.92      3.188109      0.059148      0.272001       618 
  2014WP614    16.92      3.193610      0.059954      0.270796       618 
  2016GV299    16.92      3.187679      0.058735      0.272084       618 
   2014QY59    16.93      3.181722      0.057396      0.273095       618 
   2019RH72    16.93      3.183620      0.056778      0.272385       618 
  2011BO199    16.93      3.184127      0.058402      0.273529       618 
  2013PZ106    16.93      3.189690      0.058607      0.273369       618 
   2012AL37    16.94      3.196901      0.058102      0.273220       618 
   2014MY46    16.94      3.192862      0.059816      0.270087       618 
   2019AK92    16.94      3.202697      0.058578      0.274889       618 
  2012TF251    16.94      3.187241      0.058485      0.275271       618 
   2014ER27    16.95      3.189152      0.059419      0.278314       618 
   2014UM81    16.95      3.177136      0.057181      0.273565       618 
   2015KS61    16.95      3.176410      0.056516      0.272477       618 
   2021EU48    16.95      3.193037      0.059039      0.274567       618 
  2006SJ384    16.95      3.182337      0.058051      0.274457       618 
  2016PE239    16.95      3.192674      0.058448      0.274495       618 
     603157    16.96      3.185050      0.058532      0.273668       618 
  2014UR269    16.96      3.188389      0.058622      0.271572       618 
  2015PP217    16.96      3.198098      0.058913      0.275055       618 
  2016TU186    16.96      3.187208      0.058092      0.275331       618 
   2019PG46    16.97      3.184786      0.058710      0.275394       618 
     601108    16.98      3.180439      0.059180      0.271958       618 
   2016PX94    16.98      3.180614      0.058114      0.272175       618 
  2015BX539    16.98      3.181393      0.058921      0.275598       618 
  2017FF205    16.98      3.194640      0.059198      0.271603       618 
  2014WX580    16.99      3.203737      0.058152      0.276664       618 
   2021PY36    17.00      3.187535      0.058356      0.274527       618 
  2015UD106    17.00      3.191918      0.059593      0.270724       618 
  2016NW107    17.00      3.205035      0.059149      0.270512       618 
  2013AK152    17.01      3.195247      0.058741      0.274954       618 
  2016UF248    17.01      3.194880      0.059489      0.276194       618 
     497792    17.02      3.197849      0.058615      0.270488       618 
   2018XF36    17.02      3.180488      0.059436      0.271283       618 
   2020PR75    17.02      3.188855      0.058302      0.275039       618 
  2015MK135    17.02      3.186405      0.058846      0.276485       618 
   2011BO72    17.03      3.184606      0.058552      0.272998       618 
   2018KO10    17.05      3.177155      0.058698      0.278214       618 
   2020JU32    17.05      3.184660      0.058479      0.275254       618 
  2007TQ112    17.05      3.185355      0.058323      0.278589       618 
  2011CH128    17.05      3.183388      0.058423      0.275218       618 
  2013RA126    17.05      3.182910      0.058353      0.276716       618 
  2017SP247    17.05      3.192882      0.058231      0.273780       618 
    2018PB6    17.06      3.186343      0.058623      0.275487       618 
   2015BK45    17.06      3.182732      0.058357      0.275407       618 
   2018XD35    17.06      3.187158      0.058370      0.274194       618 
  2015HJ239    17.06      3.194626      0.058372      0.272631       618 
  2015XU414    17.06      3.202133      0.058517      0.276889       618 
  2016GM297    17.06      3.185213      0.057337      0.274173       618 
  2016TA103    17.06      3.193408      0.058746      0.270936       618 
  2021RM153    17.06      3.185013      0.058503      0.273178       618 
   2021NV20    17.07      3.192447      0.059267      0.271358       618 
  2015DY190    17.07      3.186842      0.058642      0.273323       618 
  2017SB257    17.07      3.190897      0.058483      0.272710       618 
  2017BL196    17.08      3.186308      0.058115      0.275353       618 
  2019GR126    17.09      3.183679      0.058505      0.272944       618 
   2017AH37    17.10      3.184383      0.058367      0.274813       618 
   2022AL24    17.10      3.187365      0.058257      0.270368       618 
  2006SC159    17.10      3.190723      0.058525      0.274226       618 
  2015BP466    17.10      3.202554      0.058777      0.273777       618 
   2017WO62    17.11      3.187812      0.058445      0.270919       618 
   2018PE41    17.11      3.182389      0.058504      0.275843       618 
  2005UM535    17.11      3.194790      0.058323      0.271162       618 
  2009SQ412    17.11      3.193309      0.058566      0.271496       618 
   2011CQ92    17.12      3.191139      0.058629      0.273857       618 
  2011BV140    17.12      3.191635      0.059083      0.276098       618 
  2011UV218    17.12      3.196816      0.059365      0.270538       618 
   2020AE21    17.13      3.201944      0.057818      0.276479       618 
  2000WD202    17.13      3.187244      0.058882      0.275204       618 
  2015AD156    17.13      3.182039      0.057965      0.276258       618 
  2015OF111    17.13      3.192913      0.059375      0.271820       618 
   2016EC75    17.14      3.186373      0.058062      0.274067       618 
   2020QG15    17.14      3.194305      0.058565      0.277472       618 
  2016TR162    17.14      3.187726      0.058407      0.278230       618 
   2013BG86    17.15      3.193338      0.058910      0.274172       618 
   2014QS63    17.15      3.184334      0.058944      0.273978       618 
   2015VG11    17.15      3.200690      0.058749      0.273738       618 
  2013TG191    17.15      3.187105      0.059018      0.275692       618 
  2016NA148    17.15      3.184609      0.058508      0.272238       618 
  2005UW240    17.16      3.184762      0.058525      0.275413       618 
  2016CE343    17.16      3.190707      0.058387      0.273793       618 
   2018JD10    17.17      3.179103      0.058038      0.274598       618 
  2012TF272    17.17      3.181805      0.058790      0.274869       618 
   2020QZ57    17.18      3.185430      0.058524      0.276203       618 
   2021QP83    17.18      3.203739      0.058990      0.270247       618 
   2021UB89    17.18      3.186189      0.058948      0.276454       618 
  2014JE128    17.18      3.185617      0.057476      0.271573       618 
  2014OC284    17.18      3.192135      0.058532      0.273673       618 
  2010JH131    17.20      3.187308      0.057107      0.275179       618 
  2015TB465    17.20      3.186281      0.058813      0.274996       618 
  2019GV133    17.20      3.183885      0.058808      0.274129       618 
    2021OB6    17.22      3.187264      0.058224      0.278303       618 
   2021RR50    17.22      3.179232      0.059277      0.275367       618 
  2019SH179    17.22      3.196170      0.058279      0.273624       618 
   2013BF47    17.23      3.180497      0.057973      0.278259       618 
   2015QF35    17.23      3.184526      0.059628      0.274554       618 
   2019UA68    17.23      3.194679      0.058988      0.273414       618 
   2020RL85    17.23      3.177938      0.058927      0.272081       618 
  2011UY450    17.23      3.196474      0.058315      0.275719       618 
   2008KS48    17.24      3.181439      0.059027      0.279459       618 
   2020UE57    17.24      3.187896      0.058067      0.272679       618 
  2008TB208    17.24      3.185198      0.058582      0.274566       618 
  2015OM165    17.25      3.192183      0.058531      0.274712       618 
   2016EE47    17.26      3.184589      0.057744      0.273146       618 
  2005UN168    17.26      3.177205      0.058963      0.275165       618 
  2003SA240    17.27      3.189202      0.058510      0.275504       618 
  2019SL191    17.27      3.185704      0.059034      0.273954       618 
   2017SF50    17.29      3.183297      0.058464      0.274073       618 
  2016EX333    17.29      3.180385      0.057214      0.271925       618 
    2016DE9    17.30      3.183717      0.058868      0.279046       618 
   2018BG29    17.30      3.198160      0.058729      0.274822       618 
  2021GS128    17.30      3.188097      0.058373      0.273128       618 
   2017PZ53    17.31      3.184598      0.058074      0.273770       618 
   2019MV24    17.31      3.188615      0.058453      0.275897       618 
   2015RO46    17.32      3.203142      0.058263      0.276180       618 
   2015MQ88    17.33      3.189575      0.059187      0.274932       618 
  2001TC270    17.33      3.187502      0.059150      0.271561       618 
  2014OA157    17.33      3.181163      0.058063      0.274926       618 
   2006XH82    17.34      3.184298      0.058391      0.274323       618 
  2003QK124    17.36      3.179577      0.057949      0.272129       618 
  2015TR458    17.36      3.190321      0.058433      0.274276       618 
   2019UU73    17.37      3.194393      0.059549      0.276097       618 
  2015MQ169    17.38      3.198265      0.058917      0.272075       618 
  2015XQ123    17.39      3.187742      0.058623      0.275719       618 
  2021PN149    17.39      3.191631      0.058567      0.270191       618 
   2014HN72    17.40      3.188145      0.058968      0.270235       618 
  2015TW403    17.40      3.180533      0.058755      0.271528       618 
   2017GR23    17.41      3.176625      0.058673      0.272700       618 
  2013TV210    17.41      3.179783      0.057973      0.273008       618 
  2015PF350    17.41      3.187862      0.058528      0.275428       618 
  2019UL114    17.43      3.196826      0.059791      0.273722       618 
  2016AT136    17.44      3.193266      0.058762      0.274841       618 
  2015TF287    17.47      3.195374      0.058386      0.273994       618 
   2021PO12    17.49      3.187688      0.059276      0.270245       618 
  2016US270    17.49      3.185509      0.058213      0.276372       618 
   2017SM68    17.54      3.177033      0.058243      0.272995       618 
   2015DQ27    17.57      3.191373      0.058833      0.271230       618 
  2015DF290    17.59      3.185094      0.058618      0.273125       618 
  2019GH115    17.63      3.193217      0.058973      0.269451       618 
  2011SS347    17.68      3.192308      0.059074      0.270190       618 
  2014HZ251    17.85      3.190162      0.057908      0.273169       618 
   2013HY56    18.01      3.188786      0.058723      0.271959       618 
