          6     5.71      2.425277      0.158832      0.248796       623 
        623    10.73      2.460331      0.145306      0.254677       623 
       2642    12.64      2.426000      0.146921      0.250416       623 
      32126    13.61      2.409572      0.138697      0.251746       623 
      12735    13.80      2.448827      0.167320      0.247465       623 
      44227    14.19      2.472624      0.150195      0.253002       623 
      24048    14.28      2.441736      0.145957      0.244660       623 
      17852    14.30      2.437462      0.163467      0.245809       623 
      45892    14.31      2.472830      0.143077      0.256460       623 
      77113    14.42      2.443037      0.144539      0.259342       623 
      15824    14.54      2.444132      0.157070      0.262580       623 
     122596    14.55      2.426605      0.149661      0.250863       623 
      61309    14.56      2.440021      0.145673      0.252079       623 
      43319    14.62      2.423081      0.166541      0.248393       623 
      71966    14.64      2.445394      0.141411      0.252903       623 
      59436    14.69      2.468419      0.144672      0.257733       623 
      76905    14.72      2.436930      0.157137      0.260023       623 
     131119    14.98      2.434032      0.151483      0.255954       623 
      85626    15.01      2.433194      0.147467      0.258750       623 
      96918    15.17      2.474150      0.151172      0.253819       623 
      42431    15.19      2.437607      0.147382      0.252592       623 
     113727    15.22      2.443425      0.174577      0.245740       623 
      84229    15.28      2.421425      0.145659      0.261168       623 
     142282    15.29      2.477228      0.150732      0.254372       623 
     102154    15.32      2.450700      0.168049      0.249581       623 
     203176    15.37      2.480173      0.155427      0.253114       623 
     118670    15.38      2.445816      0.145954      0.245795       623 
     117745    15.41      2.431036      0.150704      0.262948       623 
      91388    15.49      2.481339      0.150902      0.252263       623 
     197942    15.52      2.431005      0.141570      0.263379       623 
     130776    15.53      2.437349      0.144663      0.261539       623 
     160978    15.57      2.464490      0.152886      0.258200       623 
     145304    15.59      2.441518      0.148357      0.255405       623 
     175194    15.60      2.472808      0.151499      0.253709       623 
     281914    15.60      2.452781      0.175739      0.246262       623 
      98246    15.64      2.425458      0.140757      0.261129       623 
     107032    15.64      2.473222      0.146213      0.252303       623 
     107650    15.64      2.418487      0.157566      0.253732       623 
     181049    15.64      2.404978      0.151353      0.248477       623 
     126444    15.65      2.445103      0.152003      0.252882       623 
     108656    15.68      2.447668      0.138476      0.256385       623 
     112308    15.70      2.484991      0.150031      0.253455       623 
     225321    15.71      2.478856      0.156205      0.248946       623 
      70197    15.73      2.429392      0.145524      0.260099       623 
     174120    15.73      2.414140      0.153617      0.261814       623 
     160039    15.74      2.437038      0.147334      0.245810       623 
     161901    15.77      2.438436      0.173978      0.245123       623 
     246140    15.77      2.445881      0.154593      0.259270       623 
     113670    15.85      2.441979      0.153509      0.258193       623 
     194851    15.89      2.451683      0.158370      0.254085       623 
     203629    15.89      2.418249      0.145456      0.260210       623 
      86926    15.91      2.441550      0.176341      0.242330       623 
     279123    15.91      2.429098      0.148221      0.259351       623 
     212417    15.92      2.427361      0.142308      0.258619       623 
     227211    15.93      2.478724      0.150287      0.251822       623 
     148264    15.94      2.426131      0.156562      0.259607       623 
     183302    15.94      2.488081      0.159548      0.252062       623 
     368104    15.94      2.475665      0.152956      0.253656       623 
     247431    16.00      2.418971      0.145154      0.258339       623 
     225689    16.02      2.463545      0.164598      0.251223       623 
     245656    16.02      2.431096      0.148854      0.255326       623 
     167043    16.03      2.422690      0.162406      0.259663       623 
     120241    16.04      2.436395      0.158088      0.260399       623 
     149393    16.04      2.433211      0.150571      0.259910       623 
     169633    16.07      2.418448      0.154131      0.255043       623 
     199242    16.07      2.428689      0.161665      0.257196       623 
     279992    16.10      2.405462      0.139484      0.254882       623 
     217835    16.12      2.416152      0.139981      0.253321       623 
     280291    16.12      2.466584      0.155066      0.253798       623 
     188441    16.13      2.434343      0.153097      0.254742       623 
     282104    16.14      2.443503      0.176832      0.242884       623 
     238082    16.15      2.415731      0.131959      0.258077       623 
     334058    16.15      2.427263      0.154212      0.258192       623 
     238068    16.17      2.407287      0.148433      0.261374       623 
     244262    16.18      2.422244      0.145870      0.257762       623 
     180423    16.19      2.460266      0.159303      0.252550       623 
     360291    16.20      2.466725      0.139449      0.253720       623 
     225198    16.21      2.407662      0.139812      0.255888       623 
     129894    16.26      2.437213      0.155572      0.263938       623 
     266263    16.26      2.432642      0.148926      0.264935       623 
     587817    16.28      2.445004      0.140022      0.251509       623 
     182499    16.29      2.449260      0.144580      0.255507       623 
     273489    16.29      2.413967      0.140120      0.256856       623 
     346945    16.31      2.425349      0.145821      0.252893       623 
     241953    16.35      2.421189      0.154789      0.257001       623 
     343264    16.35      2.415425      0.160372      0.262008       623 
     364206    16.35      2.428325      0.145714      0.259707       623 
     367510    16.35      2.454903      0.146159      0.248065       623 
     244299    16.37      2.471922      0.159977      0.256233       623 
     370441    16.37      2.422639      0.142062      0.261559       623 
     313790    16.38      2.469254      0.148631      0.250298       623 
   2000SK21    16.42      2.456453      0.148955      0.261217       623 
     295511    16.43      2.410813      0.145620      0.262883       623 
     297922    16.45      2.417796      0.148419      0.256081       623 
     275514    16.47      2.414871      0.143041      0.257391       623 
     284028    16.47      2.418947      0.141565      0.259691       623 
     350569    16.47      2.439629      0.170564      0.249326       623 
     263100    16.48      2.465696      0.158501      0.257043       623 
     348802    16.48      2.423388      0.147239      0.256798       623 
     159488    16.49      2.428117      0.147964      0.254693       623 
     344887    16.49      2.402485      0.134296      0.257978       623 
     409377    16.49      2.423113      0.160334      0.251164       623 
     279146    16.52      2.412586      0.161215      0.257962       623 
     309429    16.52      2.439232      0.137672      0.254454       623 
     379950    16.52      2.460730      0.151210      0.258350       623 
     394435    16.52      2.482131      0.158834      0.252527       623 
     234398    16.54      2.408385      0.135012      0.264062       623 
     360484    16.59      2.435436      0.167299      0.244389       623 
     264286    16.61      2.415738      0.149113      0.260026       623 
   2015KR59    16.61      2.435134      0.156699      0.258344       623 
     375808    16.62      2.425060      0.151121      0.253685       623 
     222436    16.63      2.421524      0.135568      0.261796       623 
     279410    16.63      2.409487      0.143578      0.248714       623 
     380762    16.63      2.425429      0.156569      0.264119       623 
     349636    16.65      2.403000      0.138914      0.259130       623 
     377591    16.66      2.445005      0.153854      0.256325       623 
     395138    16.66      2.438890      0.149519      0.256622       623 
  2014WG337    16.67      2.451537      0.148951      0.257743       623 
     438900    16.68      2.474703      0.149254      0.252140       623 
     454540    16.69      2.462632      0.175599      0.244924       623 
     456235    16.69      2.445953      0.148361      0.259128       623 
     366570    16.70      2.429054      0.150931      0.253578       623 
     241261    16.72      2.422692      0.148640      0.256947       623 
     294438    16.72      2.423125      0.151252      0.254522       623 
     335470    16.72      2.405169      0.164181      0.249339       623 
     438771    16.72      2.469295      0.151588      0.253362       623 
     270148    16.75      2.413850      0.154522      0.259704       623 
     268732    16.77      2.432306      0.152678      0.261757       623 
     420400    16.78      2.418349      0.136799      0.257703       623 
     383138    16.79      2.446770      0.150101      0.255510       623 
     360217    16.80      2.405996      0.165099      0.248602       623 
     446096    16.80      2.444633      0.149959      0.255688       623 
     196399    16.81      2.396155      0.143199      0.255179       623 
     405516    16.81      2.412256      0.150592      0.259155       623 
     334153    16.82      2.400639      0.163949      0.247758       623 
     465069    16.83      2.448335      0.157451      0.260215       623 
     296966    16.84      2.451600      0.143285      0.250827       623 
     495419    16.85      2.461198      0.150609      0.261831       623 
     214256    16.88      2.466626      0.145248      0.256674       623 
     385753    16.89      2.423958      0.137325      0.261129       623 
   2011HP26    16.91      2.413832      0.136561      0.263043       623 
     456190    16.92      2.389557      0.140133      0.254456       623 
    2018KR1    16.92      2.402486      0.136749      0.260279       623 
     293753    16.95      2.471916      0.150659      0.255399       623 
     458138    16.96      2.431851      0.153168      0.254860       623 
     493811    16.96      2.403892      0.142755      0.264148       623 
     333077    16.97      2.445382      0.156778      0.254824       623 
     427853    16.97      2.488141      0.159462      0.246463       623 
     438690    16.97      2.393092      0.136882      0.258507       623 
     451252    16.97      2.395432      0.148023      0.256240       623 
   2012QU20    16.97      2.399756      0.151615      0.250510       623 
     372400    16.98      2.406947      0.135141      0.262423       623 
     457009    16.98      2.467113      0.159364      0.253998       623 
     436177    16.99      2.436859      0.163156      0.250555       623 
     463173    17.00      2.442616      0.148939      0.255893       623 
     368439    17.01      2.479425      0.152662      0.255429       623 
     211223    17.02      2.423019      0.164164      0.254684       623 
     401384    17.02      2.402859      0.147861      0.258742       623 
   2002QQ15    17.03      2.435662      0.159288      0.253523       623 
     355308    17.04      2.465766      0.136684      0.253120       623 
     455744    17.04      2.471941      0.156248      0.253331       623 
  2002TC142    17.07      2.429364      0.157767      0.265418       623 
     460154    17.09      2.455415      0.149415      0.264605       623 
  2005YB295    17.09      2.401100      0.138152      0.258623       623 
     247796    17.10      2.404684      0.143566      0.256194       623 
     286866    17.10      2.415366      0.143358      0.260195       623 
     462838    17.10      2.400332      0.141905      0.265226       623 
     537941    17.10      2.477474      0.152036      0.254614       623 
   2004KD22    17.12      2.483454      0.149012      0.252125       623 
     341999    17.13      2.418316      0.158799      0.263547       623 
     398690    17.17      2.412947      0.139321      0.263486       623 
     458179    17.17      2.410710      0.146727      0.264780       623 
     533862    17.18      2.428902      0.160093      0.249682       623 
     474144    17.20      2.448211      0.145152      0.251900       623 
   2010HR75    17.20      2.458878      0.151229      0.253684       623 
     262163    17.21      2.447703      0.153730      0.248725       623 
   2008YN62    17.21      2.422111      0.157940      0.260071       623 
     523942    17.22      2.439700      0.146528      0.250318       623 
     460124    17.24      2.436698      0.155468      0.255518       623 
     486319    17.25      2.425635      0.143648      0.258988       623 
   2009FN80    17.25      2.456457      0.166218      0.252037       623 
    2014FM2    17.26      2.422073      0.140482      0.255708       623 
   2005UP99    17.26      2.421152      0.160395      0.256685       623 
     535705    17.27      2.409135      0.145536      0.259738       623 
     439297    17.28      2.462424      0.156701      0.255750       623 
  2015RP122    17.28      2.450286      0.147928      0.255334       623 
     352694    17.30      2.425737      0.151223      0.256953       623 
     592488    17.32      2.443248      0.142120      0.258206       623 
   2016QK86    17.33      2.474116      0.147199      0.256351       623 
     358547    17.34      2.437921      0.156093      0.263859       623 
     359735    17.34      2.439817      0.153420      0.252539       623 
     511690    17.37      2.481478      0.158521      0.252179       623 
     586979    17.37      2.456323      0.152343      0.249070       623 
   2011YF34    17.38      2.456703      0.161796      0.255483       623 
   2016TX92    17.38      2.379940      0.139911      0.257989       623 
     546864    17.39      2.483187      0.156365      0.247946       623 
     598189    17.39      2.421245      0.144623      0.258138       623 
   2005JA66    17.39      2.433840      0.152542      0.252580       623 
  2007VE102    17.39      2.431168      0.168507      0.244537       623 
  2009WE234    17.39      2.451861      0.158846      0.260094       623 
  2015KF148    17.39      2.426907      0.144444      0.254891       623 
     319541    17.40      2.416043      0.136603      0.257557       623 
     400354    17.40      2.395980      0.144691      0.253185       623 
     459089    17.41      2.411350      0.162874      0.252619       623 
  2004RM363    17.42      2.437810      0.161986      0.246111       623 
     491175    17.44      2.430762      0.159990      0.248003       623 
     276901    17.45      2.407175      0.149481      0.264809       623 
     408964    17.45      2.471699      0.150228      0.253441       623 
   2010OP94    17.45      2.404977      0.144972      0.254137       623 
     571630    17.46      2.415422      0.140749      0.262363       623 
   2011HJ13    17.47      2.455169      0.159027      0.253591       623 
     381787    17.48      2.410915      0.144885      0.257695       623 
   2003GU57    17.48      2.445801      0.173157      0.245709       623 
     514622    17.49      2.415485      0.148283      0.262641       623 
  2001TV263    17.49      2.435024      0.160006      0.250045       623 
   2012AM29    17.50      2.471930      0.151420      0.254908       623 
   2012PB46    17.50      2.447464      0.160267      0.260461       623 
  2010CT238    17.50      2.458215      0.152071      0.254804       623 
     420617    17.51      2.418473      0.145176      0.247881       623 
   2010KQ49    17.51      2.379363      0.138525      0.260026       623 
   2014QJ65    17.52      2.432577      0.160541      0.250092       623 
     486974    17.53      2.444405      0.143183      0.256884       623 
    2008EV2    17.54      2.480714      0.159040      0.249130       623 
   2015MW48    17.58      2.484833      0.150206      0.252808       623 
     592551    17.59      2.422372      0.154225      0.259681       623 
     401502    17.60      2.400557      0.145327      0.261654       623 
     612260    17.60      2.465442      0.145569      0.252742       623 
     457763    17.61      2.413866      0.139518      0.254093       623 
  2013YU158    17.61      2.429767      0.143444      0.250478       623 
     397902    17.62      2.378955      0.143863      0.256418       623 
   1998UR51    17.64      2.460863      0.154811      0.255875       623 
  2017SQ101    17.65      2.460624      0.157013      0.257142       623 
     253115    17.66      2.467067      0.146185      0.255775       623 
     561764    17.69      2.452342      0.148345      0.259959       623 
   2018LN32    17.70      2.401449      0.145561      0.248406       623 
     524780    17.71      2.425636      0.147628      0.260614       623 
     431743    17.73      2.403163      0.149789      0.252533       623 
     561569    17.73      2.434642      0.160872      0.256964       623 
    2009GA9    17.76      2.414510      0.141724      0.255649       623 
    2016QV8    17.77      2.418833      0.138698      0.251637       623 
   2004WP13    17.77      2.424535      0.153211      0.263775       623 
   2020MY33    17.78      2.423732      0.148804      0.256760       623 
  2008UO384    17.79      2.441016      0.173369      0.245700       623 
    2007RT3    17.80      2.435978      0.146364      0.250596       623 
  2010JC101    17.80      2.399037      0.142391      0.253620       623 
     612461    17.81      2.436572      0.145835      0.255356       623 
  2014WB173    17.81      2.469930      0.159107      0.256122       623 
   2017YK55    17.82      2.431675      0.152202      0.251222       623 
  2014OT176    17.82      2.417404      0.145520      0.256948       623 
   2004QJ35    17.85      2.432892      0.153619      0.256926       623 
     420807    17.86      2.431271      0.160914      0.248394       623 
   2011AZ84    17.86      2.374857      0.138995      0.256372       623 
     595830    17.88      2.423421      0.165182      0.254384       623 
  2006BN110    17.90      2.401673      0.141925      0.256177       623 
     613018    17.91      2.405667      0.150970      0.262293       623 
   2004TM47    17.92      2.411663      0.164657      0.249628       623 
     482081    17.94      2.452282      0.145391      0.259558       623 
   2016RC65    17.95      2.404076      0.137068      0.251898       623 
  2010CV136    17.96      2.439502      0.152549      0.253371       623 
  2005UW491    17.98      2.406328      0.160131      0.259463       623 
  2005UZ433    17.98      2.373450      0.141160      0.252725       623 
   2008JK44    17.99      2.421855      0.153869      0.256185       623 
     616588    18.00      2.433790      0.160610      0.250308       623 
   2010KF51    18.00      2.474375      0.155952      0.252681       623 
   2015OR38    18.00      2.409046      0.139799      0.262782       623 
  2014QY470    18.00      2.439854      0.160556      0.250115       623 
   2016OP12    18.02      2.376857      0.144153      0.252612       623 
  2015BC577    18.02      2.427974      0.159670      0.250007       623 
  2015FO412    18.02      2.418492      0.146369      0.249425       623 
   2009PU18    18.03      2.418415      0.167907      0.250511       623 
   2016FU82    18.03      2.409341      0.148184      0.251740       623 
  2016EE248    18.03      2.438547      0.140965      0.259692       623 
     596300    18.04      2.471937      0.151521      0.256204       623 
   2018FV57    18.04      2.454731      0.162153      0.253056       623 
     511212    18.07      2.458847      0.175364      0.242796       623 
   2015AF31    18.07      2.464320      0.138508      0.251433       623 
   2019BY10    18.08      2.425604      0.152965      0.246223       623 
  2011SF110    18.08      2.427619      0.148721      0.260444       623 
  2016EJ230    18.08      2.436824      0.153654      0.257992       623 
   2004OO16    18.09      2.384540      0.136958      0.259953       623 
   2016WH31    18.09      2.405684      0.141890      0.260472       623 
   2021OZ23    18.09      2.462815      0.144680      0.248266       623 
  2014QR312    18.09      2.363154      0.138283      0.258029       623 
   2005TU47    18.10      2.470045      0.146976      0.252478       623 
   2019CB20    18.10      2.418436      0.139897      0.252826       623 
  2011BK174    18.10      2.426349      0.166037      0.249132       623 
     593869    18.11      2.413920      0.162799      0.251060       623 
   2015PY52    18.11      2.463813      0.152793      0.246883       623 
   2009CZ34    18.12      2.449182      0.151073      0.248618       623 
  2013WG133    18.12      2.435671      0.148706      0.248753       623 
   2008GY91    18.13      2.427270      0.158951      0.254990       623 
     591485    18.14      2.472283      0.149627      0.250747       623 
   2006EU80    18.14      2.472567      0.155137      0.255899       623 
     586359    18.15      2.433853      0.162011      0.248685       623 
    2017ON5    18.15      2.418407      0.159951      0.257147       623 
   2015FR16    18.15      2.418339      0.164737      0.259003       623 
  2013PU122    18.18      2.429113      0.150963      0.253573       623 
  2014QE524    18.18      2.414124      0.162895      0.255956       623 
   2013PL85    18.19      2.418465      0.168329      0.252422       623 
  2016GV239    18.19      2.371441      0.144744      0.257506       623 
  2008TU204    18.20      2.371171      0.137280      0.257200       623 
  2014QJ468    18.20      2.432174      0.155602      0.256372       623 
   2016RO15    18.21      2.464990      0.147008      0.254868       623 
  2016CY241    18.21      2.426514      0.146119      0.251307       623 
  2016PO131    18.21      2.481613      0.155296      0.250549       623 
   2012KQ17    18.22      2.446855      0.163431      0.251494       623 
  2010RY214    18.22      2.413415      0.161317      0.250738       623 
  2014HU140    18.22      2.411488      0.134177      0.259534       623 
   2015NG21    18.23      2.438028      0.165501      0.250399       623 
   2017MT11    18.23      2.404212      0.146651      0.249976       623 
   2017XZ63    18.23      2.432494      0.150866      0.262619       623 
   2020QQ88    18.23      2.425506      0.154188      0.249237       623 
  2016CB264    18.23      2.409455      0.146478      0.255949       623 
  2013TZ232    18.24      2.439772      0.164987      0.248812       623 
   2010PK21    18.26      2.390609      0.142106      0.255398       623 
   2016UD90    18.27      2.429236      0.163809      0.250072       623 
  2002GO195    18.27      2.430666      0.159935      0.248083       623 
   2010NE72    18.28      2.387268      0.137106      0.253539       623 
    2011QL2    18.30      2.441896      0.168739      0.248126       623 
    2013PK7    18.30      2.435826      0.165508      0.250500       623 
   2012TX23    18.31      2.438964      0.164591      0.248759       623 
   2006DE98    18.32      2.400748      0.141935      0.257093       623 
   2014QF35    18.34      2.459040      0.149217      0.249746       623 
   2018VL20    18.36      2.428184      0.150075      0.255356       623 
   2017WE20    18.38      2.462950      0.140500      0.254591       623 
     607312    18.40      2.450420      0.148071      0.249731       623 
   2003OH35    18.40      2.433475      0.164900      0.248677       623 
   2016EH43    18.40      2.436732      0.140206      0.253787       623 
  2015HB229    18.40      2.380091      0.141590      0.260341       623 
    2016RD3    18.41      2.424580      0.157992      0.268453       623 
   2019RZ11    18.43      2.421942      0.158925      0.256913       623 
   2015DV17    18.44      2.394705      0.141239      0.254248       623 
  2014QR576    18.44      2.433166      0.161146      0.249722       623 
   2011OL65    18.45      2.434844      0.143154      0.251628       623 
   2019PT73    18.46      2.434517      0.161709      0.250616       623 
   2021HL16    18.46      2.427286      0.154558      0.256125       623 
  2016PL142    18.48      2.423723      0.141292      0.258531       623 
   2016EQ33    18.50      2.436733      0.164108      0.250414       623 
   2019YY21    18.51      2.437961      0.160860      0.250578       623 
  2016CT242    18.52      2.418488      0.145775      0.252773       623 
  2015KG182    18.54      2.379870      0.139322      0.257946       623 
   2014NW77    18.55      2.443632      0.152791      0.257105       623 
  2015PD141    18.55      2.427485      0.159265      0.249611       623 
   2020QG87    18.56      2.435655      0.161960      0.248791       623 
  2001SS332    18.56      2.424493      0.153627      0.250561       623 
   2019NF16    18.57      2.447743      0.155491      0.258216       623 
  2016PD183    18.57      2.440552      0.160771      0.250083       623 
   2020HE91    18.58      2.454012      0.153569      0.258328       623 
   2017YY37    18.59      2.392542      0.138261      0.260479       623 
  2015PQ330    18.59      2.480060      0.155775      0.245964       623 
   2018UH21    18.60      2.446798      0.170795      0.249622       623 
   2009WZ86    18.63      2.429072      0.163702      0.249487       623 
  2016TQ117    18.63      2.432773      0.166572      0.249101       623 
   2010FE33    18.64      2.461414      0.160606      0.257532       623 
  2015XL341    18.66      2.454497      0.150350      0.260502       623 
  2017UN115    18.66      2.414396      0.143300      0.254533       623 
  2011WB173    18.67      2.418497      0.153646      0.257490       623 
   2015AZ98    18.70      2.440338      0.143259      0.251416       623 
   2016LY79    18.72      2.442329      0.164896      0.249619       623 
   2017TV43    18.72      2.443048      0.152415      0.258210       623 
   2007CJ77    18.73      2.383460      0.142845      0.253240       623 
   2008FS36    18.74      2.458586      0.153378      0.252234       623 
  2013SA104    18.74      2.437307      0.148041      0.254313       623 
  2005TO151    18.75      2.421632      0.160753      0.248988       623 
  2014QJ509    18.77      2.418470      0.146915      0.252044       623 
   2004TV28    18.79      2.418502      0.148630      0.259217       623 
   2011FB70    18.84      2.401285      0.144124      0.251198       623 
   2016OG10    18.85      2.404106      0.140007      0.258796       623 
   2009WQ79    18.88      2.435067      0.154466      0.250540       623 
   2017CW47    18.88      2.447702      0.173649      0.248480       623 
  2016QK142    18.90      2.431702      0.160044      0.258062       623 
   2014ME85    18.94      2.429776      0.168249      0.248434       623 
   2021VV46    18.94      2.439049      0.147886      0.255832       623 
  2013PZ125    18.96      2.434327      0.172336      0.248810       623 
   2020RK91    18.97      2.429364      0.165421      0.248929       623 
   2015VV10    19.00      2.467783      0.142783      0.256324       623 
   2015RL57    19.01      2.425596      0.162134      0.248477       623 
   2009TE58    19.11      2.423367      0.160348      0.259759       623 
  2015PE348    19.18      2.435932      0.167089      0.247362       623 
   2016TX22    19.29      2.431545      0.165922      0.248567       623 
   2010RC23    19.38      2.431707      0.162195      0.248892       623 
  2017FU203    19.38      2.436751      0.168807      0.248411       623 
