         90     8.06      3.146192      0.154494      0.023200       656 
        171     8.62      3.136129      0.153679      0.023461       656 
        383     9.88      3.134088      0.152485      0.024742       656 
        656    10.02      3.155975      0.155381      0.023583       656 
        954    10.12      3.137005      0.151279      0.023154       656 
       1687    10.68      3.158549      0.154079      0.024361       656 
       1003    10.79      3.148337      0.151843      0.021794       656 
       1027    10.89      3.159083      0.152980      0.024146       656 
       2264    10.96      3.130862      0.154702      0.023453       656 
       1576    11.11      3.136074      0.154426      0.020985       656 
       1686    11.13      3.166047      0.149160      0.023686       656 
        710    11.14      3.133174      0.153917      0.020513       656 
       1487    11.14      3.140461      0.151260      0.022243       656 
       1623    11.30      3.134653      0.153553      0.024057       656 
       1805    11.41      3.133351      0.151954      0.025484       656 
       3615    11.51      3.159741      0.153490      0.023878       656 
       2587    11.56      3.174477      0.154932      0.023984       656 
       2492    11.58      3.175250      0.157296      0.023306       656 
       2519    11.61      3.147594      0.155521      0.022534       656 
       2163    11.77      3.149434      0.151392      0.024371       656 
       1778    11.80      3.144090      0.156077      0.022513       656 
       2016    11.86      3.137926      0.152597      0.024687       656 
       3981    12.01      3.164617      0.158830      0.022986       656 
       2361    12.02      3.143403      0.154105      0.023927       656 
       3174    12.02      3.154813      0.154913      0.024026       656 
       2919    12.04      3.133422      0.154827      0.024851       656 
       2769    12.10      3.143292      0.152220      0.022951       656 
       7746    12.12      3.190434      0.147618      0.022902       656 
       3591    12.19      3.157099      0.152611      0.024498       656 
       7755    12.22      3.140916      0.152441      0.024389       656 
       4685    12.24      3.182824      0.150965      0.023067       656 
       6214    12.29      3.168094      0.149015      0.022136       656 
       4571    12.34      3.160191      0.151627      0.027598       656 
       2749    12.47      3.186902      0.149112      0.023376       656 
       2551    12.48      3.143751      0.155765      0.024843       656 
       3832    12.49      3.134266      0.151328      0.023538       656 
       4470    12.53      3.129624      0.156215      0.023825       656 
       4013    12.54      3.141862      0.156158      0.025166       656 
       4903    12.60      3.150538      0.152510      0.024105       656 
       2039    12.63      3.175197      0.158352      0.023062       656 
       9166    12.64      3.184476      0.148653      0.022940       656 
       6106    12.66      3.168659      0.151043      0.026676       656 
       4616    12.67      3.154645      0.156599      0.025790       656 
       8095    12.69      3.151124      0.154063      0.024826       656 
       3930    12.70      3.131842      0.155052      0.022341       656 
       6375    12.81      3.177866      0.149717      0.024594       656 
       8329    12.81      3.182753      0.152071      0.023941       656 
      11352    12.88      3.162856      0.153833      0.020720       656 
       5204    12.92      3.141029      0.149821      0.023739       656 
       6308    12.93      3.159849      0.153570      0.025307       656 
      12363    13.02      3.163375      0.155102      0.024359       656 
      33777    13.06      3.139922      0.154643      0.019814       656 
       9446    13.07      3.164136      0.149606      0.025528       656 
      16515    13.07      3.174355      0.150043      0.023308       656 
       8001    13.15      3.139836      0.155502      0.023788       656 
      10681    13.16      3.152524      0.150605      0.025608       656 
      14168    13.17      3.161285      0.155187      0.024403       656 
       8339    13.20      3.174764      0.156306      0.023975       656 
       7863    13.32      3.129280      0.153537      0.022140       656 
      19636    13.34      3.124805      0.153718      0.021566       656 
       8535    13.35      3.145469      0.153540      0.024914       656 
       9263    13.35      3.148151      0.149815      0.022378       656 
       8161    13.38      3.157102      0.152970      0.023498       656 
      36257    13.45      3.132426      0.154929      0.026273       656 
      15867    13.47      3.156291      0.150023      0.022621       656 
      55188    13.65      3.159073      0.153037      0.023404       656 
      14314    13.69      3.139364      0.155682      0.024343       656 
       8459    13.70      3.130402      0.152636      0.024377       656 
      21576    13.71      3.174214      0.151251      0.025733       656 
      21569    13.76      3.156474      0.152549      0.023404       656 
      41327    13.77      3.154985      0.153806      0.023434       656 
      19923    13.84      3.155266      0.152887      0.023480       656 
      71489    13.87      3.158923      0.153001      0.023396       656 
      12758    13.95      3.136814      0.150376      0.020223       656 
      26140    13.95      3.159278      0.152950      0.023657       656 
      56943    14.05      3.160751      0.153894      0.024582       656 
      10968    14.06      3.122945      0.152703      0.021819       656 
      20100    14.07      3.133166      0.155512      0.021478       656 
      28561    14.11      3.139519      0.155158      0.025979       656 
      97561    14.18      3.173918      0.157498      0.023016       656 
      22204    14.19      3.173137      0.156013      0.023844       656 
      47731    14.20      3.193570      0.148866      0.022085       656 
      31653    14.27      3.147009      0.155054      0.025340       656 
      29881    14.29      3.174371      0.151088      0.024107       656 
      55144    14.29      3.160513      0.156005      0.026974       656 
      67207    14.31      3.138121      0.152283      0.025283       656 
      67214    14.34      3.153307      0.151929      0.023308       656 
      34957    14.35      3.174307      0.158301      0.025680       656 
      37064    14.38      3.169599      0.156422      0.024317       656 
      41062    14.40      3.146941      0.151907      0.021909       656 
      13845    14.45      3.170364      0.154882      0.022107       656 
      22998    14.46      3.173531      0.159740      0.023415       656 
      83006    14.46      3.161840      0.156235      0.024314       656 
      60682    14.47      3.198147      0.148938      0.022805       656 
      35326    14.49      3.164640      0.149131      0.021534       656 
      50904    14.54      3.147088      0.156110      0.023032       656 
      62854    14.60      3.140102      0.148776      0.021005       656 
      38250    14.61      3.174438      0.157374      0.022266       656 
      97668    14.67      3.135659      0.154254      0.024595       656 
     140399    14.67      3.155475      0.152968      0.023318       656 
      64654    14.74      3.150306      0.151304      0.022152       656 
      61423    14.75      3.181576      0.150631      0.023055       656 
      88079    14.84      3.154253      0.153281      0.023310       656 
      91153    14.88      3.171915      0.151972      0.023052       656 
     106372    14.88      3.161290      0.153396      0.025618       656 
     141279    14.90      3.138174      0.152667      0.020426       656 
     104810    14.91      3.162312      0.152375      0.025645       656 
      97530    14.93      3.160927      0.153189      0.023618       656 
     100340    14.93      3.172722      0.154635      0.021774       656 
     140968    14.93      3.141907      0.156848      0.023936       656 
     141181    14.97      3.159835      0.150030      0.022260       656 
      63951    14.98      3.160466      0.152887      0.023494       656 
      81957    15.10      3.161277      0.153089      0.023514       656 
      91942    15.11      3.142858      0.153385      0.025186       656 
     192589    15.14      3.195438      0.148555      0.023231       656 
      84230    15.15      3.157309      0.153785      0.023964       656 
     115826    15.16      3.174358      0.156869      0.022041       656 
     138903    15.16      3.160365      0.153266      0.023374       656 
     105824    15.18      3.173858      0.154203      0.021916       656 
     121828    15.18      3.147353      0.148890      0.021702       656 
     100699    15.28      3.142106      0.150769      0.023950       656 
     151487    15.29      3.122986      0.152107      0.022482       656 
     118015    15.32      3.165868      0.150200      0.027989       656 
     159244    15.32      3.174359      0.151270      0.024573       656 
     159258    15.37      3.164423      0.152703      0.026582       656 
      91149    15.39      3.133428      0.154037      0.022333       656 
     104671    15.40      3.158347      0.152746      0.023471       656 
     151369    15.41      3.124120      0.155331      0.022134       656 
     157012    15.44      3.154393      0.153434      0.023522       656 
     116557    15.46      3.160447      0.152841      0.023438       656 
     121820    15.46      3.133755      0.155387      0.023690       656 
     134381    15.48      3.164171      0.154021      0.023831       656 
     145764    15.49      3.129283      0.156250      0.023884       656 
       7968    15.50      3.163971      0.153504      0.024172       656 
     100543    15.51      3.161520      0.149174      0.022784       656 
     152501    15.51      3.129401      0.153937      0.022932       656 
     251636    15.53      3.192123      0.148552      0.022527       656 
     165091    15.54      3.158385      0.152910      0.023477       656 
     202360    15.54      3.158795      0.155376      0.022294       656 
     280690    15.54      3.151509      0.153388      0.023444       656 
     167570    15.55      3.152426      0.152695      0.023523       656 
     226473    15.55      3.174564      0.154842      0.025535       656 
     130228    15.58      3.185384      0.152573      0.024202       656 
     210119    15.58      3.161452      0.154276      0.021983       656 
     130296    15.59      3.167906      0.151922      0.022816       656 
     178208    15.59      3.164316      0.153500      0.024125       656 
     141240    15.60      3.166941      0.157812      0.022503       656 
     180762    15.61      3.150585      0.152625      0.023498       656 
      33009    15.63      3.152014      0.153115      0.023589       656 
     144732    15.63      3.160224      0.152556      0.023173       656 
     148376    15.64      3.174371      0.151242      0.025225       656 
     184531    15.64      3.153573      0.153048      0.023615       656 
     211009    15.65      3.159706      0.154589      0.023054       656 
     179535    15.66      3.138066      0.153519      0.022148       656 
     188147    15.66      3.160266      0.150437      0.022479       656 
     204842    15.66      3.154903      0.152645      0.023650       656 
      97323    15.67      3.174348      0.159337      0.024627       656 
     152847    15.68      3.161383      0.152934      0.023560       656 
     263636    15.68      3.181252      0.149732      0.022889       656 
     208196    15.69      3.147911      0.155355      0.026230       656 
     154900    15.70      3.184277      0.150531      0.023736       656 
     149783    15.72      3.159084      0.153021      0.023220       656 
     379438    15.72      3.153869      0.152364      0.023318       656 
     120696    15.73      3.139896      0.152328      0.020022       656 
     166780    15.73      3.162300      0.152920      0.023498       656 
     185406    15.73      3.160578      0.152799      0.023585       656 
     220397    15.73      3.153975      0.152960      0.023674       656 
     159324    15.75      3.161055      0.149163      0.021836       656 
     167992    15.75      3.159325      0.152976      0.023478       656 
     198672    15.75      3.156436      0.153981      0.023707       656 
     128862    15.76      3.153412      0.153161      0.023688       656 
     146889    15.76      3.158902      0.152565      0.022306       656 
     204867    15.76      3.144104      0.150268      0.024094       656 
     143633    15.78      3.151330      0.153126      0.023539       656 
     231030    15.79      3.160023      0.152020      0.027004       656 
     159097    15.80      3.190983      0.148338      0.023169       656 
     173062    15.83      3.160925      0.155381      0.023368       656 
     178555    15.83      3.131310      0.150854      0.021736       656 
     185755    15.83      3.134724      0.150827      0.022000       656 
     263036    15.83      3.174249      0.149960      0.025694       656 
     169421    15.84      3.139908      0.150578      0.022335       656 
     136681    15.85      3.151383      0.153388      0.023633       656 
     157683    15.85      3.129722      0.154801      0.023390       656 
     249650    15.85      3.152503      0.153266      0.023506       656 
     401586    15.86      3.150772      0.152529      0.023427       656 
     310204    15.88      3.161298      0.150395      0.022774       656 
     199935    15.90      3.178110      0.150500      0.021366       656 
     233057    15.90      3.131426      0.153322      0.021909       656 
     157760    15.91      3.153241      0.153055      0.023565       656 
     260329    15.91      3.157039      0.148148      0.025190       656 
     199912    15.92      3.161316      0.152548      0.023498       656 
     232953    15.93      3.149424      0.154140      0.023380       656 
     221495    15.94      3.147136      0.148488      0.021264       656 
     286399    15.94      3.152154      0.153311      0.023569       656 
     150625    15.96      3.162155      0.152958      0.023452       656 
     255439    15.98      3.157039      0.147107      0.026323       656 
     256427    15.98      3.172561      0.153249      0.025273       656 
     149872    15.99      3.160099      0.152909      0.023450       656 
     155489    16.00      3.141804      0.152524      0.025690       656 
     239715    16.00      3.159401      0.154084      0.022557       656 
     426681    16.02      3.154001      0.152526      0.023660       656 
     269335    16.03      3.148122      0.152157      0.025311       656 
     207621    16.04      3.125891      0.151923      0.022776       656 
     254155    16.05      3.162385      0.152768      0.023276       656 
     212933    16.06      3.150098      0.150514      0.023070       656 
     250831    16.06      3.149920      0.153118      0.023407       656 
     255356    16.06      3.151745      0.153932      0.023655       656 
     171162    16.07      3.141907      0.152302      0.022912       656 
     250087    16.08      3.138051      0.153477      0.023630       656 
     329494    16.08      3.125913      0.151142      0.022261       656 
     376063    16.08      3.165662      0.157017      0.024448       656 
     179385    16.09      3.145783      0.149337      0.022135       656 
     246849    16.09      3.178194      0.149655      0.021106       656 
     257071    16.09      3.141020      0.154614      0.023218       656 
     213403    16.10      3.161963      0.152802      0.023416       656 
     233646    16.11      3.139699      0.155357      0.022158       656 
     236993    16.11      3.151913      0.152155      0.023526       656 
     241298    16.11      3.164608      0.153090      0.024002       656 
     203061    16.12      3.150160      0.153257      0.025821       656 
     218492    16.12      3.152528      0.154092      0.023648       656 
     289641    16.12      3.153497      0.152667      0.023209       656 
     311521    16.12      3.166265      0.150904      0.027343       656 
     207859    16.13      3.167926      0.151778      0.022128       656 
     181128    16.14      3.162079      0.152576      0.023135       656 
     190308    16.14      3.151994      0.153592      0.026020       656 
     248384    16.14      3.156886      0.155814      0.026836       656 
     280723    16.14      3.175140      0.152995      0.024867       656 
     141403    16.15      3.154667      0.156170      0.025120       656 
     251958    16.15      3.153702      0.152896      0.023731       656 
     232316    16.16      3.155573      0.153705      0.023820       656 
     281331    16.16      3.153799      0.154160      0.024833       656 
     184561    16.17      3.141837      0.151080      0.025957       656 
     181528    16.18      3.187485      0.151202      0.021949       656 
     311516    16.18      3.166679      0.149343      0.022756       656 
     320271    16.18      3.145690      0.155467      0.025843       656 
     337879    16.18      3.149188      0.150644      0.023441       656 
     255462    16.19      3.162299      0.152928      0.023441       656 
     182773    16.20      3.150678      0.154014      0.023282       656 
     207701    16.20      3.161207      0.155726      0.025211       656 
     245922    16.20      3.151265      0.153455      0.023548       656 
     285027    16.20      3.162835      0.153730      0.023641       656 
     318347    16.20      3.125270      0.153725      0.022142       656 
     273066    16.22      3.182819      0.151496      0.022744       656 
     462479    16.22      3.163609      0.149502      0.023288       656 
     261856    16.23      3.167785      0.157054      0.022905       656 
     266659    16.23      3.139085      0.151584      0.027171       656 
     207627    16.24      3.142901      0.151788      0.021849       656 
     229931    16.24      3.139098      0.148571      0.022343       656 
     222189    16.25      3.153169      0.153161      0.023684       656 
     248478    16.25      3.168120      0.149780      0.023992       656 
     341770    16.26      3.132075      0.154098      0.026120       656 
     420671    16.27      3.152381      0.151663      0.023524       656 
     233836    16.28      3.157827      0.150659      0.026179       656 
     207864    16.29      3.129513      0.152852      0.022031       656 
     257755    16.29      3.153113      0.153451      0.023698       656 
     308552    16.29      3.155648      0.148625      0.024502       656 
     319595    16.29      3.146684      0.150177      0.022677       656 
     462366    16.29      3.148127      0.152219      0.022989       656 
     493053    16.29      3.161592      0.151919      0.023455       656 
     284364    16.30      3.186864      0.150337      0.022972       656 
     605951    16.30      3.162654      0.148919      0.023735       656 
     264095    16.31      3.144414      0.150802      0.022423       656 
     286046    16.31      3.145307      0.150897      0.023852       656 
     241057    16.32      3.160462      0.153691      0.021353       656 
     322700    16.32      3.145732      0.152736      0.023980       656 
     331373    16.32      3.168472      0.149463      0.023371       656 
     375089    16.32      3.124970      0.156232      0.021926       656 
     376282    16.32      3.168262      0.151334      0.024547       656 
     383718    16.32      3.162470      0.152047      0.025476       656 
     299311    16.33      3.161471      0.153660      0.023530       656 
     314369    16.33      3.161963      0.152961      0.023250       656 
     404088    16.33      3.150494      0.152778      0.023480       656 
     261078    16.34      3.148959      0.150403      0.022374       656 
     261223    16.34      3.174353      0.150689      0.023883       656 
     398116    16.36      3.152593      0.153614      0.023739       656 
     291482    16.37      3.160899      0.153103      0.023345       656 
     300147    16.37      3.157493      0.153157      0.024179       656 
     333798    16.37      3.161301      0.153117      0.023433       656 
     389283    16.37      3.153394      0.153495      0.025481       656 
     414727    16.38      3.163698      0.152895      0.023586       656 
     160433    16.39      3.167788      0.151413      0.024326       656 
     319365    16.39      3.139442      0.149675      0.021886       656 
     520947    16.39      3.156721      0.151377      0.025810       656 
     130348    16.40      3.168026      0.150900      0.027434       656 
     265977    16.40      3.165705      0.157288      0.024510       656 
     269557    16.41      3.157844      0.155630      0.023166       656 
     308401    16.41      3.174035      0.152159      0.024299       656 
     334197    16.41      3.135439      0.151285      0.020581       656 
     538799    16.41      3.140283      0.150332      0.026186       656 
     497635    16.42      3.164798      0.149428      0.023064       656 
     329071    16.44      3.151096      0.151590      0.023625       656 
     385909    16.45      3.161153      0.153481      0.023435       656 
     311507    16.46      3.152445      0.152611      0.023571       656 
     403758    16.46      3.132165      0.154220      0.027135       656 
     355715    16.47      3.163558      0.148575      0.022835       656 
     362816    16.47      3.166266      0.158098      0.023345       656 
     289875    16.48      3.161416      0.153486      0.023272       656 
     321665    16.48      3.161642      0.152633      0.023082       656 
     344061    16.48      3.144357      0.152678      0.023075       656 
     372280    16.48      3.169664      0.155775      0.024293       656 
     233063    16.49      3.145751      0.152840      0.023163       656 
     366532    16.49      3.153579      0.152918      0.023695       656 
  2008WH128    16.50      3.157992      0.151119      0.024946       656 
     388397    16.51      3.150450      0.153200      0.023671       656 
     466828    16.52      3.130467      0.152159      0.023479       656 
     337025    16.54      3.165284      0.153904      0.023803       656 
     391650    16.54      3.152510      0.152177      0.023799       656 
     396456    16.54      3.153937      0.153381      0.024317       656 
     295679    16.56      3.163444      0.152598      0.023545       656 
     300054    16.57      3.184883      0.151300      0.022107       656 
     346159    16.57      3.152422      0.152635      0.025967       656 
     358908    16.57      3.139796      0.148317      0.020611       656 
     420100    16.57      3.149225      0.153390      0.023516       656 
     450345    16.57      3.164095      0.152646      0.023191       656 
     468954    16.57      3.176763      0.149159      0.023463       656 
     510909    16.57      3.169218      0.149336      0.024135       656 
   2005SR38    16.57      3.152025      0.147951      0.023080       656 
     270716    16.58      3.162607      0.153205      0.023219       656 
     375635    16.58      3.154637      0.156494      0.023708       656 
     350807    16.60      3.164144      0.153201      0.023448       656 
     358933    16.60      3.158376      0.151823      0.026327       656 
     489325    16.60      3.164944      0.153127      0.023566       656 
     361502    16.61      3.148909      0.152811      0.023043       656 
     388381    16.61      3.148980      0.151667      0.023529       656 
     415494    16.61      3.156352      0.155599      0.025248       656 
     428114    16.61      3.145681      0.152908      0.025150       656 
     469828    16.61      3.165078      0.153200      0.023821       656 
     553604    16.61      3.162469      0.150176      0.026760       656 
  2014WP182    16.61      3.153156      0.153573      0.023940       656 
     351532    16.62      3.151350      0.153362      0.022943       656 
     365366    16.62      3.145657      0.153802      0.023775       656 
     518341    16.62      3.165088      0.147974      0.021711       656 
     404366    16.63      3.154805      0.151388      0.023875       656 
     471388    16.63      3.150225      0.153655      0.023377       656 
     503586    16.63      3.168012      0.153031      0.023279       656 
     233941    16.64      3.164501      0.153044      0.023514       656 
     299938    16.64      3.147978      0.152995      0.023543       656 
     436712    16.64      3.168491      0.152273      0.024782       656 
     528061    16.64      3.163788      0.153392      0.023440       656 
     378404    16.65      3.165593      0.153660      0.023182       656 
     434837    16.65      3.163565      0.151228      0.025602       656 
     357845    16.66      3.163259      0.155153      0.022812       656 
     418605    16.66      3.163439      0.152939      0.023468       656 
     452759    16.66      3.160363      0.154576      0.023936       656 
     588016    16.66      3.153852      0.147632      0.025537       656 
     591882    16.66      3.162836      0.152836      0.023451       656 
     311493    16.67      3.164210      0.153076      0.023163       656 
     384254    16.67      3.169804      0.153209      0.022909       656 
     502597    16.68      3.143900      0.157369      0.024760       656 
     615655    16.68      3.150343      0.147706      0.023943       656 
   2016QB37    16.68      3.155412      0.150403      0.024584       656 
  2005SG203    16.68      3.180919      0.148928      0.021853       656 
     458605    16.69      3.153614      0.153342      0.024071       656 
     548214    16.69      3.137097      0.153861      0.024534       656 
  2013TQ162    16.69      3.168020      0.149934      0.021312       656 
     445495    16.70      3.163926      0.152685      0.023293       656 
     458667    16.70      3.129524      0.153486      0.021712       656 
     489586    16.70      3.174503      0.153831      0.021268       656 
     346218    16.71      3.161290      0.152733      0.023403       656 
     409404    16.71      3.162390      0.152725      0.022773       656 
  2002PU194    16.71      3.164581      0.153199      0.023593       656 
     424359    16.73      3.164404      0.153774      0.023344       656 
     453526    16.73      3.135252      0.153685      0.024925       656 
     554476    16.73      3.125870      0.154952      0.024848       656 
  2007UL109    16.73      3.149212      0.153598      0.023853       656 
     548346    16.75      3.164926      0.153226      0.023704       656 
     235514    16.76      3.134778      0.153304      0.025114       656 
     265915    16.76      3.182117      0.151462      0.023165       656 
     424899    16.76      3.164308      0.153252      0.023602       656 
     509659    16.76      3.135273      0.151850      0.022868       656 
     527685    16.76      3.163499      0.153539      0.023647       656 
     607274    16.76      3.165519      0.153140      0.023226       656 
   2009SG31    16.76      3.159645      0.152894      0.023180       656 
     433787    16.77      3.158179      0.154936      0.025466       656 
     406297    16.78      3.150542      0.153399      0.023985       656 
     456183    16.78      3.123942      0.154790      0.022488       656 
    2012GA2    16.78      3.157030      0.148683      0.021663       656 
     319276    16.79      3.162418      0.153238      0.023489       656 
     383765    16.80      3.153354      0.154779      0.025265       656 
     438248    16.80      3.150507      0.152477      0.023628       656 
     452146    16.80      3.149055      0.152959      0.023552       656 
     515400    16.80      3.165906      0.153406      0.023824       656 
  2008WB149    16.80      3.151776      0.153415      0.023833       656 
     348822    16.81      3.153721      0.155805      0.023012       656 
     365930    16.81      3.165910      0.153855      0.023453       656 
     421844    16.81      3.171940      0.156546      0.022022       656 
     517538    16.81      3.150231      0.153414      0.023672       656 
     550919    16.82      3.161637      0.152250      0.023345       656 
     477622    16.83      3.150450      0.152518      0.023378       656 
  2010TS180    16.83      3.164603      0.152684      0.023529       656 
     387191    16.84      3.166109      0.153229      0.023780       656 
     610477    16.84      3.162680      0.150404      0.025595       656 
     396824    16.85      3.135698      0.150633      0.022904       656 
     401477    16.85      3.163234      0.152895      0.023495       656 
   2015UN13    16.85      3.152170      0.153017      0.023793       656 
  2015VG139    16.85      3.174283      0.154522      0.022313       656 
     453764    16.86      3.165969      0.153153      0.023473       656 
     460410    16.86      3.138109      0.153005      0.021406       656 
     469281    16.86      3.174435      0.152118      0.023074       656 
     566415    16.86      3.141928      0.151485      0.021845       656 
     610331    16.86      3.149176      0.150318      0.024380       656 
  2005UE395    16.86      3.156754      0.154006      0.022419       656 
  2015VV162    16.86      3.174372      0.155216      0.021685       656 
     403512    16.87      3.158182      0.151264      0.024780       656 
     500441    16.88      3.137157      0.150701      0.025745       656 
   2015JC14    16.88      3.174249      0.158673      0.025248       656 
  2015TN372    16.88      3.152284      0.151242      0.025108       656 
     418816    16.89      3.156321      0.149988      0.023471       656 
     605333    16.89      3.175032      0.152272      0.024942       656 
     497653    16.90      3.151046      0.155994      0.023862       656 
     586681    16.90      3.131276      0.152681      0.021820       656 
   2017BO78    16.90      3.160658      0.150243      0.023687       656 
  2013CU150    16.90      3.164192      0.153516      0.026041       656 
     391355    16.91      3.155620      0.153229      0.024171       656 
   2007FA44    16.91      3.165862      0.152715      0.022991       656 
  2004RK234    16.91      3.140208      0.148917      0.022048       656 
  2016CZ172    16.91      3.164852      0.153490      0.023361       656 
   2009VK63    16.92      3.164834      0.153394      0.023132       656 
     475834    16.93      3.158535      0.152628      0.024742       656 
     583933    16.93      3.165126      0.152618      0.023521       656 
     609086    16.93      3.146402      0.150076      0.023828       656 
  2014SS230    16.93      3.168985      0.155685      0.023929       656 
     362807    16.94      3.150412      0.153595      0.023696       656 
     509050    16.94      3.160185      0.153311      0.025844       656 
     494832    16.95      3.150965      0.154346      0.024611       656 
     560096    16.95      3.159855      0.150265      0.026394       656 
     432533    16.96      3.149065      0.152946      0.023321       656 
     440513    16.96      3.137039      0.154659      0.020357       656 
     586159    16.96      3.149889      0.148983      0.021065       656 
   1996RM10    16.96      3.174418      0.154725      0.025171       656 
     398271    16.97      3.174237      0.154350      0.023268       656 
     473369    16.97      3.152621      0.153713      0.023710       656 
   2016BQ16    16.97      3.165681      0.153391      0.023893       656 
  2006RR123    16.97      3.155067      0.153182      0.023386       656 
   2008WJ28    16.98      3.161608      0.153468      0.023732       656 
   2015NT27    16.98      3.150841      0.152883      0.023314       656 
     610693    16.99      3.137245      0.148377      0.022146       656 
  2006KP152    16.99      3.151674      0.149573      0.023516       656 
  2015XE321    16.99      3.164120      0.153255      0.023701       656 
     407131    17.00      3.148240      0.152886      0.023757       656 
     471422    17.00      3.174576      0.158405      0.022977       656 
     533579    17.00      3.136992      0.154202      0.024487       656 
  2000WP200    17.00      3.159465      0.153767      0.025491       656 
     332200    17.01      3.164354      0.152810      0.023229       656 
     364517    17.01      3.166430      0.153115      0.023310       656 
     451175    17.01      3.163894      0.153402      0.023013       656 
     460099    17.01      3.161359      0.152701      0.023327       656 
     475188    17.01      3.157288      0.153129      0.023472       656 
     532013    17.01      3.128173      0.155670      0.022880       656 
     604730    17.01      3.161895      0.154821      0.025605       656 
   2006JH85    17.01      3.136015      0.152355      0.023162       656 
   2006TY28    17.01      3.151666      0.150872      0.023581       656 
  2014OU387    17.01      3.135993      0.150542      0.021132       656 
     432068    17.02      3.149532      0.152235      0.023703       656 
     488451    17.02      3.167749      0.155585      0.023849       656 
     510947    17.02      3.140061      0.148258      0.020633       656 
     560623    17.02      3.147890      0.153824      0.023590       656 
     569657    17.02      3.133335      0.150924      0.025558       656 
  2016AX227    17.02      3.142828      0.150137      0.023499       656 
     424934    17.03      3.152385      0.153635      0.024447       656 
     497696    17.03      3.159277      0.156592      0.025746       656 
   2004YC40    17.03      3.182558      0.149416      0.022133       656 
     586738    17.04      3.148673      0.152768      0.023443       656 
  2015TA151    17.04      3.165341      0.152893      0.023596       656 
     559111    17.05      3.136837      0.152143      0.023413       656 
     559403    17.05      3.168009      0.153397      0.023804       656 
   2005XY93    17.05      3.154947      0.152270      0.023388       656 
     491185    17.06      3.152699      0.152484      0.023782       656 
  2015FM218    17.06      3.129364      0.150178      0.021611       656 
   2014WF76    17.07      3.134349      0.155104      0.022602       656 
     448710    17.08      3.149109      0.152258      0.023664       656 
   2008WT64    17.08      3.164534      0.152582      0.023081       656 
  2004VA101    17.08      3.137606      0.150484      0.021447       656 
     432055    17.09      3.146981      0.153075      0.023507       656 
     465808    17.09      3.192423      0.148217      0.022751       656 
     500461    17.09      3.149044      0.152302      0.023579       656 
     533540    17.09      3.167994      0.157561      0.023878       656 
   2005NU74    17.09      3.129537      0.155726      0.024276       656 
  2008RD110    17.09      3.134181      0.155587      0.025611       656 
  2009DT104    17.09      3.166100      0.150520      0.026063       656 
     368359    17.10      3.148687      0.154082      0.023515       656 
     475126    17.10      3.177369      0.154169      0.021807       656 
     484042    17.10      3.146881      0.152180      0.022809       656 
   2005RX31    17.10      3.147237      0.155122      0.023740       656 
   2017HU40    17.10      3.167775      0.154087      0.023733       656 
  2010VR216    17.10      3.166069      0.152663      0.023249       656 
  2012TA244    17.10      3.141834      0.153055      0.023133       656 
  2012TN285    17.10      3.151130      0.151588      0.021535       656 
   2013NK45    17.11      3.154624      0.149076      0.022788       656 
  2011UY312    17.11      3.165023      0.152750      0.023267       656 
     475270    17.12      3.168493      0.151576      0.026089       656 
     514687    17.12      3.174606      0.154174      0.021059       656 
   2014UU38    17.12      3.157052      0.152947      0.022856       656 
   2015UA13    17.12      3.143744      0.152414      0.022373       656 
  2002RV289    17.12      3.129512      0.155682      0.023472       656 
  2005UB520    17.12      3.168436      0.156232      0.023947       656 
  2009BV199    17.12      3.163855      0.152727      0.023407       656 
  2016AW110    17.12      3.165377      0.153057      0.023513       656 
     407157    17.13      3.168133      0.149968      0.026701       656 
     408317    17.13      3.165974      0.154221      0.026302       656 
   2004DZ71    17.13      3.127389      0.152138      0.023002       656 
   2006XT55    17.13      3.150585      0.152236      0.023972       656 
   2015MN61    17.13      3.147233      0.155734      0.024153       656 
  2007TM427    17.13      3.161756      0.155968      0.026035       656 
  2007TP423    17.13      3.124490      0.154586      0.022812       656 
     607260    17.14      3.157378      0.155625      0.025472       656 
     614339    17.14      3.150591      0.153091      0.023777       656 
   2007UP22    17.14      3.148540      0.152408      0.023097       656 
  2007TN178    17.14      3.167929      0.150492      0.024275       656 
  2013TG198    17.14      3.149297      0.153521      0.023632       656 
     458055    17.15      3.164651      0.152449      0.026191       656 
     512625    17.15      3.143883      0.157237      0.025075       656 
   2016PE88    17.15      3.148711      0.152588      0.023710       656 
   2012SG89    17.16      3.167345      0.152034      0.026353       656 
   2013SV73    17.16      3.174870      0.153297      0.024136       656 
  2006BW284    17.16      3.166452      0.154123      0.023730       656 
     526808    17.17      3.160835      0.151949      0.025232       656 
    2006WP2    17.17      3.146201      0.154632      0.024617       656 
   2006XR76    17.17      3.160121      0.150793      0.022473       656 
     560639    17.18      3.144297      0.153854      0.024030       656 
   2014GX59    17.18      3.162709      0.152567      0.023042       656 
   2019RT29    17.18      3.169865      0.152000      0.024042       656 
  2005YS223    17.18      3.152528      0.147497      0.024648       656 
  2007TW256    17.18      3.147791      0.154004      0.023981       656 
  2009HF122    17.18      3.160387      0.149441      0.021530       656 
     578403    17.19      3.189341      0.147474      0.023171       656 
     585981    17.19      3.144545      0.153261      0.023354       656 
   2011KR14    17.19      3.139096      0.151858      0.025560       656 
   2013SH63    17.19      3.151707      0.153939      0.023717       656 
  2007EU237    17.19      3.165729      0.149695      0.022506       656 
     558440    17.20      3.150282      0.152885      0.023209       656 
    2014BH6    17.20      3.147124      0.154243      0.023475       656 
  2009BH101    17.20      3.161027      0.149973      0.024857       656 
  2003WT163    17.21      3.168375      0.149637      0.023519       656 
  2006KR155    17.21      3.182167      0.151519      0.022400       656 
  2016NO136    17.21      3.166214      0.153641      0.022896       656 
     478351    17.22      3.146249      0.154595      0.023063       656 
     547025    17.22      3.163137      0.153546      0.023469       656 
     597121    17.22      3.160192      0.152443      0.026503       656 
   2012BR50    17.22      3.147622      0.153884      0.023063       656 
   2014KG83    17.22      3.143233      0.150618      0.023458       656 
  2006WV211    17.22      3.174143      0.154768      0.022961       656 
     296574    17.23      3.148832      0.153263      0.023514       656 
     586233    17.23      3.160241      0.154305      0.024072       656 
  2003UF127    17.23      3.140031      0.150591      0.020212       656 
  2006KB131    17.23      3.150917      0.152620      0.023599       656 
  2008SY307    17.23      3.185359      0.149945      0.022956       656 
  2010TD230    17.23      3.143324      0.156109      0.022500       656 
     506745    17.24      3.166295      0.152991      0.023657       656 
     514682    17.24      3.149263      0.153587      0.023915       656 
     548252    17.24      3.194298      0.148841      0.022084       656 
    2016AE7    17.24      3.167925      0.148957      0.023854       656 
  2007RW377    17.24      3.173933      0.153162      0.024216       656 
  2008SS111    17.24      3.184495      0.150196      0.023764       656 
  2011BO172    17.24      3.164458      0.150608      0.022332       656 
  2015FW170    17.24      3.160478      0.154197      0.024820       656 
     559373    17.25      3.145742      0.154230      0.023624       656 
     531507    17.26      3.147037      0.153907      0.023467       656 
   2019SC58    17.26      3.169961      0.151085      0.023384       656 
  2015RZ124    17.26      3.156094      0.153283      0.023341       656 
     506653    17.27      3.127752      0.153276      0.023275       656 
     581128    17.27      3.141868      0.153420      0.024703       656 
   2009QR73    17.27      3.144461      0.153051      0.023207       656 
   2013EJ19    17.27      3.144123      0.156177      0.022517       656 
  2007TY101    17.27      3.151188      0.153576      0.023786       656 
  2016CE365    17.27      3.150965      0.153189      0.023793       656 
     558586    17.28      3.166286      0.153098      0.023461       656 
   2005WV69    17.28      3.166619      0.153433      0.023185       656 
  2006WS136    17.28      3.150214      0.152123      0.025354       656 
  2013YG117    17.28      3.166481      0.155193      0.024647       656 
     442578    17.29      3.152526      0.152978      0.023820       656 
   2008GC14    17.29      3.165029      0.150641      0.022824       656 
  2007UU108    17.29      3.159429      0.152827      0.023208       656 
  2014UX252    17.29      3.164136      0.152522      0.023517       656 
     500661    17.30      3.146983      0.150057      0.023795       656 
     588045    17.30      3.168554      0.151516      0.026204       656 
    2013DP6    17.30      3.151776      0.153344      0.023995       656 
   2005HC13    17.30      3.152484      0.152035      0.023891       656 
   2009CA64    17.30      3.159477      0.150400      0.021906       656 
   2010VD53    17.30      3.143171      0.151974      0.023697       656 
  2002RZ245    17.30      3.162672      0.152493      0.023468       656 
  2009SN304    17.30      3.148294      0.150977      0.023499       656 
  2014QV456    17.30      3.147526      0.155194      0.021949       656 
  2016CM278    17.30      3.143388      0.148619      0.021036       656 
     588420    17.31      3.145803      0.152410      0.023683       656 
   2008YN48    17.31      3.145666      0.155236      0.023478       656 
   2014TE89    17.31      3.162999      0.153537      0.023824       656 
  2008ED189    17.31      3.138186      0.151500      0.025231       656 
  2009HU123    17.31      3.162123      0.151897      0.023018       656 
     596310    17.32      3.149229      0.154219      0.023958       656 
   2012XE89    17.32      3.152848      0.152258      0.023951       656 
   2013VU31    17.32      3.187521      0.148166      0.022549       656 
   2015DF84    17.32      3.162929      0.152040      0.023386       656 
   2019SM32    17.32      3.174656      0.155047      0.021598       656 
   2021GH68    17.32      3.141865      0.151634      0.022855       656 
  2012UT175    17.32      3.169012      0.155576      0.024578       656 
   2015PE70    17.33      3.152518      0.152117      0.023935       656 
  2005WD172    17.33      3.139106      0.155642      0.026511       656 
  2007TG310    17.33      3.145965      0.154035      0.023778       656 
  2014WN515    17.33      3.159972      0.152601      0.023627       656 
  2015AZ168    17.33      3.165452      0.151578      0.024223       656 
     447092    17.34      3.161466      0.152208      0.023231       656 
     588507    17.34      3.147902      0.153511      0.023313       656 
   2016DM12    17.34      3.147461      0.154006      0.023908       656 
  2003FV139    17.34      3.149081      0.152300      0.023608       656 
  2008UN317    17.34      3.147207      0.153495      0.023407       656 
  2010RA139    17.34      3.152556      0.149774      0.023292       656 
  2016AS307    17.34      3.150847      0.153664      0.023899       656 
   2014NP10    17.35      3.166880      0.153345      0.023672       656 
  2007RD375    17.35      3.145895      0.153730      0.023783       656 
  2011BJ145    17.35      3.168278      0.153797      0.023397       656 
  2015DY283    17.35      3.145811      0.152464      0.023571       656 
   2009RP38    17.36      3.135187      0.154389      0.022780       656 
  2005YD189    17.36      3.148238      0.153071      0.023839       656 
  2008TE205    17.36      3.165246      0.148568      0.021787       656 
  2015VW159    17.36      3.148041      0.152983      0.023245       656 
   2006EO81    17.37      3.167777      0.153193      0.023446       656 
   2013PD82    17.37      3.166001      0.150664      0.023104       656 
   2014RG29    17.37      3.174086      0.153245      0.023168       656 
   2013SX34    17.38      3.161527      0.153129      0.023972       656 
   2018FH23    17.38      3.151266      0.153039      0.023751       656 
     558405    17.39      3.173279      0.152013      0.023767       656 
     598256    17.39      3.145381      0.154628      0.022966       656 
   2016AV13    17.39      3.145774      0.151007      0.025008       656 
  2009SZ401    17.39      3.138080      0.148028      0.022807       656 
  2013WZ126    17.39      3.140067      0.147880      0.023113       656 
     612491    17.40      3.174619      0.152835      0.025352       656 
    2019CX8    17.40      3.142753      0.151541      0.022874       656 
   2010CU81    17.40      3.149481      0.154266      0.025341       656 
   2015CO78    17.40      3.173769      0.154243      0.023017       656 
     491117    17.41      3.124914      0.155938      0.022426       656 
    2020FR8    17.41      3.157610      0.148783      0.022905       656 
   2008JQ48    17.41      3.126007      0.150779      0.022947       656 
   2017CY21    17.41      3.149713      0.151094      0.023525       656 
     483618    17.42      3.141893      0.153687      0.023311       656 
  2015MF175    17.42      3.151729      0.153916      0.023799       656 
  2016ET230    17.42      3.172568      0.156629      0.024341       656 
   2009TB50    17.43      3.147136      0.151158      0.022946       656 
   2018VT98    17.43      3.161637      0.153721      0.023472       656 
  2005XS134    17.43      3.144513      0.154034      0.023474       656 
  2008YK195    17.43      3.165518      0.152974      0.023757       656 
  2011UW242    17.43      3.150100      0.151945      0.024010       656 
  2015RC264    17.43      3.148797      0.151974      0.023394       656 
   2015CL72    17.44      3.147282      0.153228      0.023660       656 
  2005UU102    17.44      3.166759      0.152742      0.023163       656 
  2007VZ308    17.44      3.167910      0.150357      0.023287       656 
  2015XT336    17.44      3.168528      0.150351      0.023544       656 
     482193    17.45      3.145488      0.153516      0.023561       656 
     589382    17.45      3.147123      0.150124      0.023017       656 
   2008FW17    17.45      3.165636      0.153505      0.023510       656 
   2016TV14    17.45      3.125109      0.152927      0.021578       656 
  2002GQ197    17.45      3.137937      0.154826      0.022662       656 
  2009WA118    17.45      3.174269      0.149295      0.025393       656 
  2011ST342    17.45      3.168199      0.150877      0.023223       656 
  2014HF234    17.45      3.147187      0.150878      0.023382       656 
  2015AB139    17.45      3.152836      0.152379      0.023876       656 
  2016GM276    17.45      3.164478      0.153658      0.023099       656 
   2007CA79    17.46      3.168249      0.154642      0.023860       656 
  2015RO350    17.46      3.178596      0.151102      0.023400       656 
     532961    17.47      3.150592      0.154059      0.023633       656 
    2011WW7    17.47      3.178687      0.149403      0.023243       656 
   2012FH27    17.47      3.153421      0.148147      0.024620       656 
   2014TF89    17.47      3.131909      0.151714      0.022567       656 
   2014XL23    17.47      3.151157      0.155629      0.022353       656 
   2018FY53    17.47      3.147858      0.153762      0.023877       656 
  2010CP113    17.47      3.144221      0.153136      0.023047       656 
  2014SL344    17.47      3.148391      0.153661      0.023917       656 
   2006UP60    17.48      3.165487      0.149419      0.023788       656 
    2011YV8    17.49      3.166178      0.152888      0.023208       656 
     575847    17.50      3.148154      0.152583      0.023833       656 
   2007JO50    17.50      3.168137      0.151694      0.023022       656 
   2015RW74    17.50      3.142295      0.157248      0.023337       656 
   2017EP36    17.50      3.148201      0.152800      0.023860       656 
  2006SM424    17.50      3.166736      0.152972      0.023245       656 
  2006UA371    17.50      3.173850      0.156480      0.024133       656 
  2007TE406    17.50      3.147206      0.154312      0.023457       656 
  2012FF103    17.50      3.153724      0.153647      0.023769       656 
   2006XH21    17.51      3.126699      0.155487      0.024455       656 
   2019GQ54    17.52      3.161536      0.156846      0.027514       656 
     552548    17.54      3.166276      0.152862      0.022937       656 
   2011EL90    17.54      3.166633      0.151176      0.024953       656 
   2013EB98    17.54      3.140922      0.150353      0.022620       656 
   2014RO37    17.54      3.153320      0.153454      0.024141       656 
   2016FT43    17.54      3.164096      0.153123      0.023616       656 
   2016RH59    17.54      3.154061      0.153223      0.023141       656 
   2019SX60    17.54      3.162776      0.151288      0.023515       656 
  2005TR211    17.54      3.153095      0.152218      0.022432       656 
  2006KL139    17.54      3.165284      0.153146      0.023359       656 
  2014OH450    17.54      3.173763      0.152110      0.023619       656 
  2015TC417    17.54      3.143759      0.153359      0.023163       656 
   2014PQ92    17.55      3.174367      0.155834      0.024760       656 
   2014WO88    17.55      3.147766      0.153001      0.023244       656 
   2014WZ45    17.55      3.147141      0.155084      0.023852       656 
  2008RW110    17.55      3.144076      0.149858      0.024790       656 
  2015BM549    17.55      3.147098      0.155260      0.023506       656 
    2007XC7    17.56      3.145431      0.149130      0.022873       656 
   2003CS22    17.56      3.143106      0.155335      0.025837       656 
  2014KQ134    17.56      3.146580      0.151373      0.023196       656 
  2015HP159    17.56      3.145753      0.154228      0.023876       656 
     596269    17.57      3.146193      0.152087      0.023487       656 
   2012WY30    17.57      3.133126      0.153311      0.025531       656 
   2019MZ17    17.57      3.144042      0.154213      0.023422       656 
  2012TB141    17.57      3.145764      0.151278      0.024322       656 
   2018PN77    17.58      3.169295      0.150300      0.026407       656 
  2014DT170    17.58      3.138900      0.149749      0.025807       656 
   2017RU39    17.59      3.146890      0.151218      0.023875       656 
   2019AO72    17.59      3.166628      0.153454      0.023485       656 
  2019GC108    17.59      3.147130      0.152651      0.023928       656 
   2018AR45    17.60      3.147253      0.151010      0.023669       656 
   2021GK60    17.60      3.150355      0.152098      0.022051       656 
  2010UO129    17.60      3.168620      0.151804      0.024337       656 
  2013TD205    17.60      3.165400      0.152820      0.023409       656 
  2017OB103    17.60      3.150104      0.153144      0.024001       656 
  2014SK372    17.61      3.137954      0.152714      0.023296       656 
   2007XP65    17.62      3.143563      0.152678      0.023406       656 
   2014JN88    17.62      3.141814      0.150166      0.025354       656 
  2017QU116    17.62      3.145314      0.152370      0.023507       656 
   2019GV90    17.63      3.148739      0.149839      0.023620       656 
  2012XP169    17.63      3.180850      0.148430      0.021600       656 
  2015RY250    17.63      3.153647      0.153317      0.023827       656 
  2015XY216    17.63      3.167874      0.157350      0.025108       656 
   2007TG81    17.64      3.168025      0.157811      0.023852       656 
   2019AA62    17.64      3.152596      0.151966      0.024654       656 
  2011SC305    17.65      3.172858      0.152631      0.023310       656 
  2016PT248    17.65      3.144686      0.153022      0.023763       656 
   2017OJ91    17.66      3.168949      0.156716      0.023894       656 
   2019LK27    17.66      3.139081      0.150949      0.026760       656 
  2016AD370    17.66      3.147076      0.151119      0.023892       656 
   2012CX30    17.68      3.165344      0.152063      0.024541       656 
   2014YU75    17.68      3.172411      0.154112      0.023498       656 
   2017SR82    17.69      3.145811      0.151292      0.023498       656 
  2016BY134    17.69      3.139390      0.150313      0.023443       656 
  2017OQ108    17.69      3.137830      0.151609      0.022794       656 
   2017CG49    17.70      3.147207      0.149364      0.023480       656 
   2020OG19    17.70      3.147974      0.153117      0.023954       656 
  2008SG329    17.70      3.147199      0.152090      0.023918       656 
  2016GU164    17.70      3.149182      0.152946      0.023987       656 
  2017SA166    17.70      3.168095      0.158347      0.023682       656 
   2021FL19    17.71      3.141840      0.151182      0.021338       656 
   2013WQ29    17.72      3.143799      0.154786      0.023347       656 
   2017RN89    17.72      3.174050      0.155941      0.023335       656 
  2006UN385    17.72      3.169014      0.151135      0.022819       656 
  2010GM132    17.72      3.142733      0.153273      0.023152       656 
  2011UE313    17.72      3.145278      0.153936      0.023720       656 
  2016GT303    17.72      3.144453      0.154289      0.023393       656 
   2011DS60    17.73      3.173484      0.150125      0.025529       656 
   2014NA11    17.73      3.141919      0.154762      0.023779       656 
   2014YE75    17.73      3.141810      0.154593      0.022805       656 
   2015UH14    17.73      3.129568      0.154807      0.022144       656 
   2019GO99    17.73      3.173433      0.155484      0.025493       656 
  2013PW101    17.74      3.166183      0.152410      0.022974       656 
   2005RK62    17.75      3.168165      0.157127      0.023179       656 
   2012AN34    17.75      3.155724      0.149389      0.024311       656 
   2013VU25    17.75      3.129413      0.155281      0.023066       656 
  2014UC272    17.75      3.140439      0.151758      0.023194       656 
  2017UQ100    17.75      3.145686      0.150336      0.023161       656 
     593448    17.76      3.135306      0.153390      0.022902       656 
    2008WL8    17.76      3.174339      0.158482      0.026045       656 
   2012QF74    17.76      3.169316      0.152669      0.026588       656 
   2017XA41    17.76      3.168823      0.152791      0.023071       656 
   2021NN23    17.76      3.147995      0.152733      0.023668       656 
  2006HR143    17.76      3.149167      0.154214      0.024172       656 
  2012VT111    17.76      3.168370      0.151230      0.022521       656 
   2015DJ48    17.77      3.149727      0.152652      0.023847       656 
  2008UM391    17.77      3.148507      0.152679      0.023710       656 
  2011WR108    17.77      3.126613      0.154382      0.023558       656 
   2012UQ91    17.79      3.144298      0.153815      0.022286       656 
  2009BH212    17.79      3.137040      0.154086      0.022955       656 
   2016HQ37    17.80      3.164413      0.152583      0.023233       656 
  2006US370    17.80      3.152711      0.155619      0.023925       656 
   2014PM96    17.81      3.178235      0.150533      0.023993       656 
   2016AF49    17.81      3.144508      0.148503      0.023292       656 
   2020BQ82    17.82      3.140863      0.156987      0.024584       656 
  2014OS126    17.82      3.168468      0.152805      0.023472       656 
   2010VY79    17.83      3.136612      0.153246      0.023008       656 
  2009UC177    17.83      3.174120      0.156848      0.023661       656 
  2015OY156    17.83      3.174256      0.150925      0.025600       656 
  2021RB126    17.83      3.137142      0.152116      0.020928       656 
    2019RX7    17.84      3.165890      0.154762      0.024755       656 
   2014PX10    17.85      3.168178      0.155415      0.023006       656 
  2004RN302    17.86      3.141514      0.153260      0.023702       656 
  2014QC541    17.87      3.175316      0.155380      0.026662       656 
  2016CP272    17.87      3.164744      0.155490      0.025940       656 
   2016CH37    17.88      3.173174      0.159174      0.023311       656 
   2020BG82    17.89      3.168513      0.157190      0.023438       656 
   2007AQ34    17.91      3.168261      0.152888      0.023444       656 
  2003YU190    17.91      3.141856      0.152399      0.023443       656 
  2006WN165    17.91      3.168277      0.153870      0.024080       656 
   2019JS46    17.92      3.140385      0.152497      0.023104       656 
  2012UM196    17.92      3.174587      0.153607      0.024218       656 
   2020SA76    17.93      3.146988      0.153451      0.023276       656 
   2021QV25    17.93      3.147425      0.154829      0.023917       656 
  2014QX312    17.95      3.168335      0.153890      0.023346       656 
   2017SP92    17.96      3.165629      0.152627      0.022818       656 
   2018PY70    17.96      3.147002      0.154322      0.024309       656 
  2000QF260    17.96      3.130649      0.151856      0.022822       656 
  2014OG302    17.96      3.143349      0.152675      0.023460       656 
  2015DZ271    17.96      3.168012      0.157553      0.022881       656 
  2017UA149    17.96      3.174390      0.154164      0.021682       656 
   2005LK58    17.98      3.165529      0.152861      0.023027       656 
   2017RP67    17.98      3.150943      0.152179      0.023781       656 
  2014HS262    17.98      3.178246      0.149605      0.024991       656 
  2003UK346    17.99      3.146776      0.153674      0.023319       656 
  2012UU234    17.99      3.141032      0.155757      0.023381       656 
  2004RD130    18.00      3.148178      0.152274      0.023179       656 
  2008AU133    18.00      3.174445      0.152417      0.023035       656 
  2015BV457    18.00      3.155967      0.149519      0.022188       656 
  2015RX249    18.01      3.172941      0.150626      0.024331       656 
  2016AV201    18.02      3.176513      0.156985      0.023351       656 
   2015VB21    18.03      3.151563      0.152605      0.024724       656 
  2015PT349    18.05      3.138056      0.155196      0.024300       656 
  2015PS260    18.07      3.175779      0.154650      0.026408       656 
   2006XE78    18.09      3.163183      0.151961      0.026700       656 
   2019JL77    18.09      3.141853      0.154208      0.023556       656 
  2005NK133    18.09      3.155490      0.147371      0.025868       656 
  2015XY466    18.12      3.134081      0.154936      0.020951       656 
   2016JK58    18.13      3.143114      0.153555      0.023743       656 
   2021RL53    18.14      3.168205      0.155961      0.023162       656 
   2004SN66    18.15      3.177894      0.148927      0.021609       656 
   2021FE35    18.15      3.134493      0.156221      0.023353       656 
  2013QV101    18.15      3.143200      0.153783      0.024206       656 
   2014OD51    18.19      3.169885      0.152311      0.022932       656 
   2018PS30    18.21      3.174338      0.159726      0.025356       656 
   2015PJ91    18.24      3.131877      0.155445      0.022742       656 
   2021NC21    18.27      3.174490      0.150099      0.024639       656 
   2014FW57    18.29      3.173921      0.158920      0.024039       656 
   2006CP75    18.30      3.167971      0.151143      0.022930       656 
  2016CG398    18.32      3.146898      0.152003      0.024077       656 
  2006UV250    18.36      3.143064      0.155533      0.024042       656 
   2020QT50    18.40      3.166811      0.150015      0.022281       656 
