        686     9.73      2.589362      0.175518      0.302238       686 
       1609    10.58      2.583482      0.180202      0.300467       686 
      27496    12.34      2.530200      0.176710      0.302990       686 
       4937    12.41      2.597206      0.174415      0.301461       686 
      15981    13.14      2.604194      0.178461      0.302029       686 
      69524    13.68      2.574729      0.177242      0.302431       686 
      45901    13.72      2.570793      0.177872      0.304239       686 
      13042    13.79      2.566825      0.171105      0.302045       686 
      91339    13.83      2.570219      0.178069      0.303853       686 
      59723    14.09      2.622730      0.172139      0.300048       686 
      77001    14.18      2.560660      0.170776      0.304025       686 
      56253    14.30      2.647516      0.174765      0.292119       686 
      77470    14.41      2.577702      0.166636      0.300449       686 
      41538    14.43      2.570237      0.168163      0.300001       686 
      38219    14.45      2.553890      0.170674      0.301889       686 
      40464    14.48      2.594720      0.176818      0.303117       686 
      98843    14.61      2.588381      0.174848      0.304066       686 
      36390    14.62      2.568446      0.174528      0.295958       686 
      78111    14.73      2.569627      0.174316      0.299699       686 
      96502    14.76      2.629803      0.177292      0.301591       686 
      43788    14.78      2.600777      0.174664      0.301218       686 
      91392    14.81      2.644460      0.176629      0.297509       686 
      68166    14.83      2.594063      0.174629      0.302494       686 
     174444    15.11      2.584549      0.174934      0.302263       686 
     186906    15.12      2.627286      0.178496      0.299023       686 
     221669    15.13      2.637795      0.168076      0.299782       686 
     212583    15.14      2.591721      0.183030      0.304562       686 
      81505    15.18      2.564230      0.173710      0.302223       686 
     181712    15.18      2.582730      0.183781      0.304860       686 
     159011    15.21      2.643541      0.172975      0.299213       686 
     129728    15.23      2.633719      0.170269      0.296714       686 
      75126    15.27      2.566708      0.177716      0.305572       686 
     126726    15.31      2.611544      0.174599      0.301733       686 
     196491    15.33      2.593001      0.176020      0.302775       686 
     306112    15.38      2.590284      0.184502      0.299040       686 
     247604    15.48      2.569816      0.176186      0.303031       686 
     249385    15.48      2.600739      0.174590      0.302125       686 
     186089    15.49      2.636908      0.170871      0.295059       686 
     218362    15.49      2.586392      0.183344      0.299272       686 
     237513    15.54      2.573622      0.182530      0.301545       686 
     127102    15.55      2.615924      0.175910      0.302607       686 
     186865    15.55      2.618545      0.172119      0.305137       686 
     329357    15.56      2.628631      0.178567      0.299896       686 
     138485    15.57      2.594812      0.169812      0.302637       686 
     337116    15.59      2.646538      0.179620      0.297013       686 
     142169    15.60      2.580845      0.184844      0.298753       686 
     144187    15.60      2.561980      0.173666      0.302687       686 
     242078    15.61      2.649590      0.175961      0.297281       686 
     180675    15.62      2.593163      0.166673      0.303127       686 
     201549    15.67      2.568305      0.182332      0.303446       686 
     256863    15.70      2.592778      0.173980      0.301252       686 
     299006    15.73      2.579975      0.176043      0.302571       686 
     339342    15.73      2.604832      0.172517      0.301330       686 
     163336    15.75      2.637830      0.171822      0.298957       686 
     148597    15.76      2.628025      0.173997      0.298328       686 
     195364    15.76      2.632527      0.166751      0.303337       686 
     231669    15.78      2.582954      0.171064      0.302323       686 
     171844    15.82      2.628632      0.175629      0.296354       686 
     384721    15.87      2.582283      0.182445      0.304775       686 
     283106    15.88      2.622845      0.176839      0.300893       686 
     313869    15.91      2.637484      0.179241      0.294262       686 
     272765    15.92      2.651715      0.173767      0.291747       686 
     344980    15.92      2.583499      0.174653      0.302318       686 
     217072    15.93      2.566052      0.173347      0.294141       686 
     244749    15.97      2.629818      0.177135      0.303332       686 
     331540    15.97      2.592312      0.173313      0.304243       686 
     365750    15.98      2.626217      0.166958      0.300358       686 
     163865    15.99      2.603794      0.181997      0.305644       686 
     325940    15.99      2.651769      0.176195      0.290265       686 
     168165    16.00      2.575731      0.184404      0.305286       686 
     254705    16.00      2.577959      0.183460      0.305294       686 
     212185    16.02      2.570818      0.168805      0.302386       686 
     298602    16.03      2.593569      0.168078      0.301640       686 
     140331    16.04      2.559734      0.171005      0.301145       686 
     326337    16.04      2.639337      0.170558      0.294191       686 
     347809    16.05      2.619453      0.173480      0.303550       686 
     200483    16.08      2.568211      0.178708      0.303609       686 
     326389    16.09      2.610601      0.176746      0.302785       686 
     577895    16.09      2.579319      0.183705      0.299496       686 
     225869    16.10      2.581062      0.174871      0.302192       686 
     258275    16.10      2.638677      0.166820      0.300421       686 
     239082    16.11      2.639035      0.177608      0.293589       686 
     423510    16.12      2.626636      0.175568      0.301817       686 
     338004    16.13      2.564378      0.169885      0.299239       686 
     313794    16.14      2.557418      0.169242      0.302197       686 
   2016TO15    16.15      2.562142      0.171553      0.301349       686 
     321512    16.16      2.633236      0.174286      0.300132       686 
     246382    16.17      2.622794      0.180094      0.299595       686 
     342860    16.18      2.606304      0.173618      0.301720       686 
     247142    16.19      2.627486      0.177689      0.295487       686 
     380850    16.19      2.608107      0.172350      0.300900       686 
     218601    16.20      2.624259      0.178538      0.300203       686 
     298462    16.20      2.585068      0.183909      0.303279       686 
     385548    16.20      2.547706      0.176957      0.302739       686 
     139256    16.21      2.544887      0.171450      0.304381       686 
     295469    16.24      2.548264      0.176177      0.303827       686 
   2002NB22    16.24      2.566505      0.175562      0.302972       686 
     321192    16.26      2.557281      0.173860      0.302303       686 
     344633    16.27      2.647109      0.173511      0.292082       686 
     409001    16.27      2.575472      0.172079      0.300157       686 
     309398    16.28      2.585776      0.186177      0.302314       686 
     425132    16.30      2.601398      0.175880      0.303166       686 
     351125    16.32      2.618110      0.174641      0.299128       686 
     452475    16.33      2.642390      0.174714      0.291112       686 
     209830    16.34      2.590074      0.175109      0.301770       686 
     310828    16.36      2.646245      0.173870      0.300269       686 
     452489    16.36      2.587111      0.182719      0.301874       686 
     248743    16.38      2.640498      0.171077      0.300157       686 
     279673    16.39      2.627474      0.174356      0.297254       686 
     280607    16.40      2.564071      0.173983      0.295528       686 
     332364    16.40      2.622916      0.169103      0.301528       686 
     358654    16.40      2.595337      0.180966      0.299342       686 
     155020    16.41      2.587591      0.182171      0.303046       686 
     351386    16.41      2.591090      0.170784      0.302125       686 
   2004CD38    16.41      2.649199      0.177675      0.293495       686 
     251100    16.42      2.567771      0.175107      0.297440       686 
     431931    16.43      2.656295      0.174228      0.290446       686 
     612712    16.45      2.613985      0.173096      0.304510       686 
     185162    16.48      2.618614      0.180781      0.300938       686 
     251721    16.50      2.634144      0.179340      0.294026       686 
     326472    16.50      2.639003      0.181913      0.300881       686 
     294234    16.51      2.636473      0.168601      0.294866       686 
     469025    16.51      2.580700      0.177098      0.305377       686 
     376256    16.52      2.549874      0.169037      0.300533       686 
     566813    16.52      2.576137      0.167381      0.303725       686 
     391960    16.53      2.637323      0.177698      0.296187       686 
     262348    16.54      2.613670      0.173421      0.299553       686 
     499862    16.54      2.633270      0.167923      0.299090       686 
     456294    16.55      2.585847      0.177060      0.301920       686 
     346739    16.56      2.586661      0.175134      0.300628       686 
     452836    16.57      2.636283      0.180098      0.293151       686 
     495841    16.57      2.634967      0.170408      0.294604       686 
   2005PD29    16.57      2.578054      0.178097      0.304352       686 
     474505    16.58      2.643059      0.178958      0.295837       686 
   2007TY59    16.58      2.631613      0.178235      0.296323       686 
     340406    16.59      2.557721      0.177153      0.303057       686 
     501364    16.59      2.566557      0.168670      0.302877       686 
     368447    16.62      2.572679      0.168843      0.302812       686 
     427490    16.63      2.591826      0.172709      0.304495       686 
     449231    16.64      2.570906      0.168809      0.299831       686 
     538184    16.64      2.599162      0.173699      0.302745       686 
   2015KB11    16.64      2.649757      0.169812      0.298934       686 
     473603    16.65      2.603778      0.174806      0.300534       686 
     380173    16.66      2.591506      0.181343      0.302549       686 
     344982    16.67      2.575539      0.182375      0.302286       686 
     384643    16.67      2.550260      0.169569      0.301123       686 
     476171    16.67      2.637901      0.180681      0.293318       686 
     452865    16.68      2.634406      0.166287      0.297197       686 
     484125    16.68      2.592516      0.171287      0.302234       686 
     417544    16.69      2.620234      0.180406      0.300518       686 
     497152    16.69      2.628215      0.173513      0.300184       686 
    2016PO6    16.70      2.554029      0.171530      0.300659       686 
     479861    16.71      2.594406      0.175987      0.304437       686 
     402671    16.73      2.565406      0.169331      0.303254       686 
     551159    16.74      2.568299      0.168473      0.300516       686 
     412617    16.75      2.590221      0.184426      0.297081       686 
     468815    16.75      2.592701      0.176891      0.299502       686 
     512033    16.75      2.596223      0.175004      0.302741       686 
     339261    16.76      2.563366      0.175056      0.300634       686 
     483071    16.77      2.576432      0.173155      0.303796       686 
   2007XL59    16.77      2.588829      0.184569      0.302289       686 
     411465    16.78      2.556547      0.172059      0.303702       686 
     245106    16.80      2.567639      0.174638      0.302546       686 
     304934    16.80      2.583650      0.172394      0.299954       686 
     477915    16.80      2.594962      0.180524      0.302228       686 
     391638    16.81      2.639023      0.179913      0.296001       686 
     537200    16.81      2.577079      0.175999      0.302909       686 
     305140    16.82      2.623327      0.168441      0.301817       686 
     554013    16.82      2.635542      0.169601      0.292661       686 
     520526    16.83      2.566511      0.167958      0.298884       686 
     529807    16.84      2.582620      0.184283      0.302880       686 
     596725    16.84      2.583732      0.171016      0.304352       686 
     443009    16.85      2.627145      0.166749      0.302160       686 
  2007RB279    16.85      2.559794      0.172249      0.303411       686 
     316197    16.86      2.580056      0.176590      0.303616       686 
     430778    16.86      2.633192      0.173717      0.300881       686 
     282818    16.87      2.549324      0.177849      0.302941       686 
     436597    16.88      2.569660      0.169143      0.299931       686 
     415971    16.89      2.627830      0.166259      0.297793       686 
     484857    16.90      2.578453      0.179285      0.297116       686 
     2000GZ    16.91      2.576639      0.168261      0.301215       686 
     320790    16.92      2.584654      0.180455      0.301093       686 
   2011YC51    16.92      2.652286      0.176560      0.297057       686 
     591464    16.98      2.584730      0.166755      0.297273       686 
     609412    16.98      2.607823      0.176963      0.301877       686 
  2015AJ110    16.98      2.638999      0.172442      0.300681       686 
     476944    17.00      2.555890      0.172783      0.302318       686 
     521951    17.01      2.559696      0.176043      0.301966       686 
     439774    17.02      2.580623      0.167830      0.297931       686 
     323814    17.04      2.583092      0.173358      0.301978       686 
     391219    17.04      2.575445      0.170520      0.299839       686 
     392773    17.04      2.556467      0.170931      0.303396       686 
   2009MD12    17.04      2.570227      0.180785      0.302792       686 
   2013GC99    17.04      2.577143      0.182161      0.303864       686 
   2016SY21    17.04      2.593610      0.174069      0.300954       686 
  2012TZ353    17.04      2.609803      0.176524      0.299590       686 
     437344    17.06      2.598532      0.175016      0.300794       686 
     609300    17.06      2.584816      0.176926      0.299380       686 
     423442    17.07      2.566729      0.173020      0.297058       686 
     511358    17.07      2.620929      0.173687      0.299480       686 
     534410    17.07      2.554082      0.178211      0.303705       686 
     508295    17.08      2.622971      0.176431      0.298539       686 
     570251    17.09      2.632554      0.177467      0.302889       686 
     580145    17.09      2.588043      0.181697      0.300988       686 
     596630    17.09      2.581494      0.170839      0.301167       686 
   2013MM11    17.09      2.595008      0.178091      0.302364       686 
  2015MD128    17.09      2.625369      0.169521      0.300580       686 
     507735    17.10      2.562485      0.170119      0.305408       686 
  2002TV310    17.10      2.632989      0.172951      0.297633       686 
  2015FO186    17.10      2.607229      0.172842      0.300086       686 
     489836    17.11      2.635967      0.178661      0.301119       686 
  2006UK379    17.11      2.583423      0.177907      0.299164       686 
     562461    17.13      2.552903      0.168311      0.301575       686 
     526164    17.16      2.633926      0.177849      0.295059       686 
    2015SH9    17.16      2.636875      0.166506      0.295294       686 
  2006VP134    17.16      2.574198      0.166350      0.298916       686 
     525704    17.18      2.546138      0.173910      0.302612       686 
     594213    17.18      2.604703      0.173004      0.303120       686 
   2012PW31    17.18      2.583611      0.181777      0.302887       686 
  2015MF122    17.18      2.568902      0.182030      0.304487       686 
     536795    17.19      2.640232      0.174719      0.300176       686 
   2018XS17    17.21      2.583560      0.184504      0.298418       686 
  2010VB218    17.21      2.622533      0.172326      0.302279       686 
     556520    17.22      2.636924      0.171272      0.297397       686 
   2016AW97    17.22      2.641040      0.168755      0.298726       686 
  2015HR204    17.23      2.587290      0.177755      0.298921       686 
   2011WX98    17.25      2.620683      0.176815      0.302267       686 
     400030    17.26      2.539301      0.176621      0.304945       686 
     459136    17.26      2.588515      0.175512      0.301922       686 
   2002WW20    17.26      2.641556      0.172327      0.291628       686 
     524412    17.32      2.569099      0.181853      0.300458       686 
   2012LE27    17.32      2.622908      0.179130      0.298489       686 
  2003UT350    17.32      2.609333      0.175095      0.301096       686 
     604121    17.33      2.568435      0.175404      0.304629       686 
     551679    17.34      2.577680      0.168585      0.300198       686 
     583285    17.34      2.646206      0.180784      0.296649       686 
   2017YY19    17.34      2.629939      0.174514      0.300301       686 
     598648    17.38      2.640546      0.168403      0.297250       686 
  2007TK219    17.38      2.644525      0.167885      0.300301       686 
     426582    17.39      2.565678      0.170598      0.301175       686 
     505922    17.39      2.572228      0.176862      0.302461       686 
  2016EF230    17.39      2.597060      0.172950      0.303287       686 
   2012QG51    17.42      2.563941      0.175782      0.300937       686 
   2015RV46    17.42      2.571477      0.172042      0.301198       686 
   2016SE21    17.42      2.639982      0.166700      0.295824       686 
  2013YY155    17.42      2.643911      0.177419      0.297052       686 
   2016LV95    17.43      2.553087      0.171686      0.301481       686 
  2010NM147    17.43      2.581339      0.172729      0.299211       686 
     544990    17.44      2.581758      0.173550      0.304102       686 
   2016LG69    17.44      2.591139      0.183106      0.304089       686 
  2018VG128    17.45      2.588445      0.178314      0.302157       686 
   2014NH59    17.46      2.618277      0.181018      0.299224       686 
     522550    17.47      2.578817      0.171600      0.300523       686 
     551791    17.47      2.613261      0.173862      0.299951       686 
   2010NW96    17.47      2.576198      0.168930      0.303467       686 
    2009PT6    17.48      2.649322      0.174658      0.298249       686 
  2002RG281    17.48      2.602942      0.176468      0.301976       686 
  2015RC188    17.48      2.645403      0.171249      0.298125       686 
  2009WK275    17.49      2.552353      0.167301      0.302203       686 
     515837    17.50      2.537947      0.177382      0.303629       686 
     586817    17.50      2.646633      0.176943      0.293190       686 
  2007VE352    17.50      2.585537      0.173912      0.302121       686 
    2014QX9    17.52      2.643572      0.172243      0.302384       686 
  2009BV209    17.53      2.643578      0.176776      0.293057       686 
  2010EG159    17.53      2.582142      0.178821      0.297538       686 
   2017YZ42    17.54      2.582543      0.180897      0.305005       686 
   2019PA14    17.54      2.590203      0.171922      0.304663       686 
  2007TE482    17.54      2.568862      0.169540      0.299586       686 
   2010HC26    17.55      2.563385      0.176020      0.302514       686 
  2003UP358    17.55      2.565421      0.175459      0.305052       686 
     448948    17.57      2.565525      0.179075      0.300210       686 
     602419    17.57      2.642261      0.175678      0.293250       686 
    2021SD8    17.57      2.645040      0.175566      0.299618       686 
   1999FG99    17.57      2.584805      0.178411      0.300703       686 
     515561    17.59      2.633301      0.177322      0.303044       686 
   2013WG10    17.61      2.639647      0.180503      0.292751       686 
   2015HS14    17.61      2.642750      0.168976      0.295910       686 
   2021GY65    17.61      2.600074      0.173640      0.300605       686 
  2014DJ150    17.61      2.651115      0.175825      0.291650       686 
  2014DT158    17.61      2.627207      0.172800      0.301081       686 
  2010LQ115    17.62      2.619556      0.171142      0.305367       686 
  2014SZ140    17.62      2.621358      0.167871      0.299881       686 
   2019TS26    17.63      2.649455      0.178567      0.295768       686 
   2021RZ19    17.63      2.569018      0.169863      0.298690       686 
  2002EH167    17.63      2.599037      0.181921      0.305246       686 
  2016AP213    17.63      2.605501      0.172746      0.302630       686 
    2015NZ1    17.64      2.590229      0.179950      0.298573       686 
   2017BZ63    17.64      2.577842      0.167949      0.303100       686 
   2002WU32    17.65      2.585409      0.172943      0.303486       686 
   2016UU22    17.67      2.626887      0.168522      0.299274       686 
    2014ME3    17.68      2.552652      0.178300      0.303289       686 
   2017WG58    17.69      2.638893      0.173651      0.302006       686 
   2019SH14    17.69      2.582115      0.185425      0.306025       686 
     557557    17.70      2.577084      0.165686      0.304049       686 
  2013TU172    17.70      2.569344      0.178501      0.302367       686 
     583303    17.71      2.561993      0.168800      0.298544       686 
     562849    17.72      2.642337      0.175107      0.299459       686 
     602274    17.72      2.593979      0.181643      0.304883       686 
   2014JG46    17.72      2.637042      0.176813      0.295128       686 
   2017AR41    17.72      2.546067      0.171907      0.302235       686 
  2014SP313    17.73      2.633333      0.180944      0.300866       686 
  2012UM178    17.75      2.611495      0.174849      0.296983       686 
     437084    17.77      2.555773      0.166790      0.303232       686 
   2019AB55    17.77      2.628959      0.169545      0.301195       686 
   2010CZ95    17.78      2.570948      0.169395      0.301432       686 
   2013AG41    17.78      2.532823      0.177595      0.303347       686 
   2012BQ85    17.81      2.626322      0.165565      0.299028       686 
  2005UN552    17.81      2.633583      0.168396      0.298136       686 
   2014ON97    17.82      2.627841      0.178687      0.304346       686 
  2015XH426    17.82      2.570194      0.172240      0.299322       686 
   2010HA79    17.83      2.576518      0.169262      0.300840       686 
   2014FD46    17.84      2.579196      0.167654      0.299200       686 
   2016OZ13    17.85      2.570972      0.180096      0.300117       686 
   2017EG36    17.85      2.566921      0.173024      0.297100       686 
  2015BW263    17.86      2.568481      0.173121      0.300902       686 
     586666    17.87      2.554904      0.169699      0.300449       686 
  2001SZ361    17.88      2.587169      0.185189      0.299181       686 
  2014QQ428    17.89      2.588650      0.177745      0.301867       686 
   2006WY34    17.90      2.628701      0.176681      0.298146       686 
   2008KR44    17.90      2.563731      0.174581      0.301218       686 
  2015OF116    17.90      2.582986      0.177537      0.296115       686 
  2019SY151    17.91      2.566626      0.169588      0.300185       686 
   2016FE69    17.92      2.639963      0.171163      0.292965       686 
   2011QA66    17.93      2.545803      0.172301      0.303963       686 
   2011TW21    17.93      2.647123      0.177345      0.295692       686 
  2010VW105    17.93      2.550975      0.177306      0.302527       686 
   2016YG28    17.95      2.574305      0.184235      0.300768       686 
  2016PA148    17.95      2.577119      0.172867      0.304720       686 
   2016JQ33    17.96      2.569928      0.180220      0.302841       686 
   2017WN76    17.96      2.640940      0.181266      0.292063       686 
  2017OC125    17.96      2.612557      0.179364      0.300017       686 
     601428    17.97      2.537371      0.177162      0.304389       686 
   2005YL55    17.97      2.608196      0.179217      0.300101       686 
   2017HJ75    17.98      2.612953      0.175923      0.299974       686 
  2013CT226    17.98      2.583143      0.173364      0.300906       686 
  2015PM356    17.99      2.584358      0.185019      0.306331       686 
  2011UJ203    18.00      2.604827      0.175151      0.301380       686 
   2019SH41    18.03      2.641500      0.173197      0.297561       686 
  2015XL471    18.03      2.589582      0.168952      0.301221       686 
  2017FT193    18.04      2.581356      0.168044      0.301338       686 
     525572    18.05      2.527177      0.174688      0.303218       686 
   2014AV63    18.05      2.633539      0.173594      0.302659       686 
  2017QA128    18.07      2.571600      0.178573      0.302400       686 
    2012PQ6    18.08      2.610389      0.175035      0.300786       686 
   2017FG66    18.08      2.574337      0.183874      0.306628       686 
   2011LP33    18.09      2.585538      0.169204      0.300091       686 
  2017BO188    18.12      2.530233      0.176360      0.303700       686 
   2008GH71    18.13      2.607215      0.172674      0.300007       686 
   2018PE73    18.13      2.586355      0.175954      0.304222       686 
  2004RV326    18.13      2.543028      0.177930      0.303118       686 
   2007FQ63    18.14      2.587925      0.177521      0.304478       686 
   2019UY49    18.15      2.632667      0.179601      0.299867       686 
   2014PG52    18.16      2.579893      0.176404      0.306676       686 
   2015FH31    18.16      2.590428      0.179167      0.299524       686 
  2015XM260    18.18      2.573345      0.177875      0.300946       686 
  2016AO180    18.19      2.563363      0.170409      0.297819       686 
  2017SB145    18.19      2.627295      0.175159      0.300386       686 
   2013NG62    18.20      2.589762      0.178765      0.298614       686 
  2015KZ201    18.20      2.634101      0.169522      0.298090       686 
   2014QB97    18.22      2.612418      0.174914      0.300437       686 
   2018MO14    18.22      2.610863      0.176871      0.301664       686 
  2015PL327    18.22      2.608670      0.174293      0.298658       686 
  2017DY133    18.23      2.582152      0.186530      0.304543       686 
   2019FT19    18.26      2.622830      0.179386      0.298491       686 
   2019PP71    18.28      2.574684      0.171312      0.301615       686 
  2009HR115    18.28      2.599703      0.173002      0.300015       686 
  2016PW170    18.29      2.606395      0.179757      0.298439       686 
   2017KT40    18.30      2.592738      0.182116      0.302975       686 
  2016GX304    18.32      2.608331      0.173605      0.303862       686 
     443981    18.33      2.557097      0.168046      0.299278       686 
   2017FV80    18.34      2.650706      0.172889      0.290724       686 
  2017FO136    18.35      2.593013      0.175271      0.299380       686 
  2013SZ103    18.36      2.589071      0.175331      0.304169       686 
  2015XA360    18.38      2.584019      0.176218      0.301969       686 
  2015BZ549    18.40      2.598478      0.177635      0.300705       686 
  2017SC300    18.40      2.640866      0.174222      0.298031       686 
   2015HU40    18.41      2.567506      0.173594      0.298242       686 
  2016TM150    18.43      2.586747      0.170288      0.300553       686 
  2015PJ343    18.44      2.583328      0.168907      0.302115       686 
   2016EJ48    18.45      2.566240      0.172036      0.302394       686 
   2018BW41    18.45      2.576469      0.179047      0.301093       686 
  2015PJ223    18.45      2.579488      0.186267      0.298768       686 
  2008FW141    18.48      2.562376      0.174208      0.301604       686 
  2015BT105    18.48      2.550384      0.173866      0.301927       686 
  2008RV175    18.49      2.613081      0.177495      0.300484       686 
  2014WV578    18.50      2.560541      0.173527      0.302622       686 
   2015TK99    18.57      2.610479      0.178238      0.299370       686 
  2013WQ116    18.57      2.584031      0.175074      0.299723       686 
  2016CN347    18.59      2.575043      0.177894      0.303970       686 
   2018PR50    18.60      2.626224      0.175262      0.301583       686 
   2015XN51    18.62      2.557012      0.175818      0.303532       686 
   2009HS92    18.63      2.562326      0.170519      0.306489       686 
  2016PU178    18.71      2.575858      0.178843      0.301145       686 
  2014QU574    18.73      2.582725      0.173027      0.299627       686 
   2015VE72    18.78      2.577029      0.173705      0.302260       686 
   2017VT48    18.83      2.607286      0.174505      0.302229       686 
   2017UV82    18.96      2.563268      0.167688      0.297875       686 
   2017VX59    19.14      2.606391      0.172026      0.300376       686 
   2021TE86    19.14      2.557883      0.173250      0.302011       686 
  2017SV271    19.24      2.573616      0.171214      0.302978       686 
   2017TN44    19.40      2.537991      0.178168      0.302015       686 
  2016UO267    19.61      2.564625      0.172077      0.300651       686 
