        709     9.14      2.914351      0.093100      0.289142       709 
      22101    12.92      2.933417      0.094400      0.290212       709 
      38326    13.99      2.925953      0.094355      0.293810       709 
     203810    14.32      2.950030      0.111999      0.295189       709 
      63530    14.40      2.888853      0.109121      0.299837       709 
     149999    14.56      2.916457      0.107681      0.298950       709 
     114020    14.80      2.888027      0.128175      0.290673       709 
      88920    14.87      2.917093      0.116949      0.299731       709 
     226052    15.11      2.923627      0.109422      0.296621       709 
     393084    15.23      2.916888      0.091457      0.283584       709 
     377198    15.24      2.949469      0.108165      0.298890       709 
     129686    15.26      2.889454      0.105940      0.296034       709 
     319118    15.30      2.889512      0.114054      0.296792       709 
     148392    15.31      2.890396      0.105555      0.299418       709 
     248184    15.45      2.868789      0.093548      0.290906       709 
     366792    15.52      2.881493      0.095615      0.295303       709 
     384831    15.55      2.930004      0.091718      0.287376       709 
     248480    15.57      2.928065      0.092174      0.298381       709 
     324069    15.57      2.890966      0.126191      0.292900       709 
     316592    15.62      2.909698      0.095466      0.297994       709 
      91465    15.63      2.895048      0.102284      0.297141       709 
     247368    15.63      2.924242      0.105562      0.297687       709 
     310119    15.72      2.889358      0.097139      0.298478       709 
     245475    15.74      2.917448      0.097667      0.298208       709 
     328757    15.76      2.851486      0.125282      0.298002       709 
     346125    15.78      2.926383      0.106550      0.297104       709 
      91846    15.82      2.928277      0.111071      0.297056       709 
     381570    15.84      2.869790      0.115375      0.295899       709 
     594378    15.84      2.889535      0.110913      0.299977       709 
   2016WG55    15.92      2.925383      0.107597      0.296521       709 
    2006PX2    15.98      2.932087      0.111959      0.297609       709 
     361922    15.99      2.942733      0.121659      0.299072       709 
     211323    16.01      2.919713      0.104122      0.296069       709 
     450012    16.01      2.862728      0.095548      0.289165       709 
     322961    16.02      2.938247      0.110636      0.297611       709 
  2006DC127    16.02      2.884030      0.109140      0.296901       709 
     199682    16.07      2.883133      0.124401      0.290804       709 
     405669    16.09      2.925921      0.106342      0.298227       709 
     345986    16.11      2.842765      0.094147      0.287791       709 
     479533    16.11      2.921658      0.091347      0.286710       709 
  2015FD369    16.15      2.902169      0.111181      0.298339       709 
     314297    16.16      2.932258      0.109773      0.296241       709 
   2018SW10    16.23      2.870528      0.128151      0.294972       709 
     406262    16.24      2.931437      0.107917      0.299114       709 
     421802    16.24      2.942107      0.110955      0.297956       709 
   2009YB27    16.27      2.897370      0.108233      0.295898       709 
     299675    16.28      2.871860      0.117419      0.298267       709 
     536827    16.28      2.925889      0.103708      0.297449       709 
     438864    16.31      2.931344      0.105782      0.296471       709 
     494066    16.31      2.869669      0.107904      0.296957       709 
     346045    16.34      2.869756      0.129375      0.296255       709 
     594248    16.34      2.854015      0.093540      0.288429       709 
     392124    16.36      2.887204      0.111456      0.299027       709 
     492481    16.36      2.940301      0.115276      0.297584       709 
    2012PW6    16.37      2.893092      0.102793      0.296750       709 
   2014YV33    16.38      2.877979      0.132515      0.296521       709 
   2015KQ75    16.38      2.925231      0.099044      0.299523       709 
     254998    16.39      2.902540      0.109942      0.298015       709 
     518336    16.47      2.932431      0.107189      0.297042       709 
     493441    16.50      2.920780      0.108236      0.298922       709 
     411163    16.52      2.853397      0.100616      0.295335       709 
     438853    16.54      2.950411      0.104001      0.294518       709 
   2010MD92    16.54      2.946365      0.111066      0.296472       709 
     357309    16.56      2.869861      0.117394      0.297992       709 
     471104    16.57      2.880297      0.111898      0.299882       709 
     456043    16.58      2.927019      0.092373      0.288148       709 
   2019BP10    16.59      2.946081      0.106793      0.298568       709 
     555575    16.61      2.924794      0.102429      0.299631       709 
  2016AE330    16.61      2.876120      0.111005      0.296120       709 
   2017CQ33    16.62      2.848552      0.124748      0.299742       709 
     544419    16.63      2.936183      0.111787      0.297794       709 
     550523    16.63      2.933445      0.108367      0.296024       709 
  2011WZ132    16.63      2.923621      0.108648      0.298353       709 
     598087    16.64      2.902097      0.103242      0.297152       709 
   2010LG98    16.64      2.895497      0.109457      0.298630       709 
     402757    16.65      2.873090      0.093958      0.299342       709 
   2013AC81    16.65      2.913325      0.107742      0.297122       709 
   2015PA58    16.65      2.880579      0.098551      0.299933       709 
     463448    16.66      2.932797      0.110012      0.295134       709 
     544168    16.67      2.929671      0.107683      0.296998       709 
     602841    16.67      2.950529      0.107623      0.298212       709 
   2019AF22    16.69      2.878189      0.109069      0.298830       709 
  2016TF102    16.70      2.868885      0.094703      0.293559       709 
  2019SM194    16.70      2.915235      0.106467      0.299654       709 
   2017FY14    16.71      2.871516      0.125204      0.291702       709 
     393808    16.73      2.932835      0.105658      0.297291       709 
     547351    16.75      2.885689      0.112936      0.293392       709 
   2014ML48    16.76      2.844748      0.102846      0.299992       709 
     521620    16.78      2.914904      0.110305      0.294937       709 
  2004TM353    16.79      2.903257      0.114629      0.295669       709 
  2010ED147    16.81      2.875508      0.132069      0.295263       709 
     531484    16.82      2.866858      0.112887      0.298034       709 
  2016CL107    16.83      2.931472      0.112759      0.298908       709 
   2016NQ59    16.84      2.918388      0.108547      0.299931       709 
   2010LA91    16.85      2.899039      0.109311      0.299011       709 
  2006KZ145    16.85      2.878170      0.114675      0.298477       709 
     486567    16.86      2.876582      0.117302      0.296435       709 
     425500    16.87      2.877665      0.107825      0.295770       709 
     538333    16.87      2.936823      0.106983      0.297084       709 
  2016AQ218    16.87      2.876513      0.096773      0.298480       709 
   2012AT25    16.88      2.943869      0.109841      0.296611       709 
  2007ED202    16.88      2.870509      0.119352      0.299377       709 
   2013AC65    16.90      2.946811      0.117990      0.297615       709 
  2014UM219    16.90      2.938860      0.106250      0.295936       709 
     567040    16.91      2.874765      0.105638      0.295407       709 
  2014DJ138    16.91      2.937066      0.113709      0.296321       709 
   2010VH89    16.92      2.883897      0.112742      0.296487       709 
     399096    16.93      2.877420      0.123481      0.291940       709 
     436649    16.93      2.933924      0.108465      0.298222       709 
   2016TY44    16.93      2.847838      0.125255      0.299831       709 
     613128    16.95      2.946539      0.108254      0.296252       709 
  2015XK366    16.95      2.859835      0.109216      0.299892       709 
     537079    16.97      2.868973      0.101812      0.298689       709 
    2016CQ5    16.98      2.878462      0.123239      0.289285       709 
  2015FR329    16.98      2.862741      0.123316      0.295448       709 
   2010BZ24    17.00      2.944958      0.112866      0.299612       709 
   2014NW18    17.00      2.939669      0.113021      0.298713       709 
     550502    17.02      2.882435      0.101872      0.299358       709 
   2014AP65    17.02      2.892100      0.102365      0.299819       709 
   2010JY51    17.03      2.933832      0.118221      0.299878       709 
    2010HS4    17.05      2.939338      0.109136      0.295181       709 
     375377    17.08      2.875333      0.098555      0.299387       709 
  2010HC100    17.09      2.872846      0.106686      0.297598       709 
     614584    17.11      2.903113      0.103922      0.298907       709 
    2010TW8    17.12      2.869486      0.101225      0.293289       709 
  2014WC455    17.13      2.938842      0.114827      0.296318       709 
   2011QK90    17.16      2.869487      0.120918      0.297005       709 
   2011YZ97    17.16      2.907376      0.098909      0.298077       709 
   2015KC82    17.17      2.865657      0.127840      0.299935       709 
    2010OE5    17.18      2.861952      0.110568      0.295239       709 
   2008LF21    17.18      2.873228      0.103039      0.295101       709 
   2010HR86    17.20      2.856888      0.119335      0.297901       709 
   2016FR77    17.20      2.939792      0.110338      0.295117       709 
     528743    17.21      2.921320      0.117184      0.296699       709 
   2011GP97    17.24      2.869513      0.102417      0.298438       709 
  2010FS103    17.24      2.938502      0.109016      0.296775       709 
   2010OG86    17.25      2.945075      0.110404      0.298066       709 
   2012GT45    17.25      2.932487      0.107772      0.298524       709 
   2012HT95    17.25      2.860122      0.103217      0.297168       709 
   2018KW10    17.25      2.939918      0.109997      0.298774       709 
   2013BD11    17.26      2.938025      0.104411      0.299496       709 
  2000YS145    17.27      2.878372      0.101624      0.297114       709 
   2007EP37    17.28      2.927826      0.103541      0.297610       709 
  2016PB207    17.29      2.940554      0.119918      0.298435       709 
    2010MQ9    17.30      2.872331      0.109924      0.298351       709 
   2017WW62    17.30      2.852932      0.104197      0.298896       709 
    2014QJ7    17.31      2.856125      0.109523      0.299228       709 
     611625    17.32      2.913171      0.111446      0.298942       709 
  2010LK128    17.32      2.869306      0.130358      0.299297       709 
  2014JR133    17.32      2.932925      0.094255      0.295462       709 
  2014JN100    17.33      2.933483      0.111355      0.298390       709 
   2020MG48    17.34      2.943446      0.108505      0.299204       709 
  2015FW127    17.34      2.911805      0.095898      0.295732       709 
   2005VK13    17.35      2.876411      0.117281      0.298650       709 
  2015RM142    17.36      2.854433      0.121368      0.296149       709 
   2010HB57    17.38      2.857013      0.115288      0.297989       709 
     523909    17.39      2.933070      0.108068      0.295676       709 
  2010EE168    17.39      2.888623      0.109645      0.297841       709 
  2013SX105    17.39      2.860950      0.127786      0.295855       709 
  2016EW183    17.40      2.945756      0.103846      0.296409       709 
  2011WH185    17.41      2.847002      0.107906      0.298484       709 
   2011QD16    17.43      2.868659      0.117977      0.294875       709 
   2015AE68    17.44      2.883265      0.107876      0.296075       709 
  2008CQ234    17.44      2.920030      0.111723      0.296457       709 
     575232    17.46      2.899010      0.111152      0.295345       709 
     603888    17.50      2.886935      0.100165      0.297099       709 
  2015OJ131    17.51      2.878988      0.125770      0.288091       709 
  2016QT137    17.51      2.869440      0.118370      0.299183       709 
   2016PE30    17.52      2.867240      0.115635      0.294834       709 
  2015HB201    17.52      2.950834      0.106453      0.295205       709 
  2015RS340    17.52      2.918021      0.096078      0.295768       709 
  2010ON108    17.53      2.918974      0.108436      0.296473       709 
  2011UP484    17.53      2.855618      0.128062      0.297324       709 
  2017US132    17.53      2.861780      0.122009      0.299409       709 
   2010ME96    17.55      2.943978      0.106840      0.297605       709 
   2017SC99    17.57      2.925850      0.109506      0.298307       709 
   2016NJ54    17.58      2.854620      0.121164      0.299899       709 
  2017BJ168    17.58      2.856696      0.115470      0.299172       709 
  2016CT233    17.60      2.860553      0.106626      0.299407       709 
  2016SG109    17.61      2.875289      0.115444      0.298316       709 
   2010JT52    17.62      2.872645      0.122508      0.293250       709 
   2021FK38    17.62      2.938746      0.094227      0.292820       709 
   2017RL87    17.63      2.864819      0.107568      0.299368       709 
  2014HU218    17.63      2.859905      0.115188      0.295290       709 
  2015FO444    17.63      2.863167      0.116727      0.299814       709 
  2011UD377    17.67      2.917243      0.112896      0.298654       709 
     593242    17.69      2.856400      0.100642      0.299199       709 
  2015AK212    17.69      2.866186      0.123612      0.297175       709 
  2021RS139    17.69      2.894916      0.104239      0.297625       709 
  2010BW143    17.71      2.879086      0.108665      0.297512       709 
   2013FJ33    17.82      2.864856      0.124583      0.296315       709 
   2015DW22    17.84      2.867264      0.107345      0.299487       709 
    2018DW7    18.00      2.857714      0.114797      0.297596       709 
   2011JM34    18.00      2.852356      0.112709      0.298716       709 
  2017QR114    18.02      2.836766      0.109786      0.296904       709 
  2012UH142    18.04      2.871279      0.108318      0.298076       709 
  2016SB108    18.05      2.847819      0.101826      0.296590       709 
  2015TP435    18.08      2.872049      0.129389      0.296055       709 
   2014PH20    18.13      2.926887      0.115336      0.298592       709 
  2016EQ298    18.13      2.849947      0.105642      0.295476       709 
