        727     9.65      2.567389      0.088485      0.250569       727 
      15777    12.47      2.552650      0.089372      0.251249       727 
       7644    13.51      2.584248      0.092939      0.249956       727 
      41842    14.01      2.579742      0.089707      0.251115       727 
      62116    14.24      2.562507      0.093545      0.250737       727 
      59599    14.25      2.567388      0.092600      0.249741       727 
      88472    14.54      2.559619      0.091334      0.250240       727 
      75787    15.05      2.556193      0.089902      0.250872       727 
      82543    15.26      2.583382      0.091699      0.250281       727 
     164074    15.39      2.572055      0.089180      0.250284       727 
      73765    15.64      2.577547      0.091091      0.250215       727 
     191034    15.69      2.584326      0.091599      0.250044       727 
     206423    15.74      2.571186      0.090441      0.250392       727 
     151008    15.84      2.577567      0.090382      0.250356       727 
     234089    15.84      2.582330      0.089708      0.250894       727 
     391497    15.87      2.573823      0.092099      0.250556       727 
     247082    16.01      2.564167      0.093132      0.250984       727 
     221123    16.04      2.583662      0.093247      0.249944       727 
     198366    16.12      2.574627      0.088806      0.250481       727 
     208817    16.14      2.578696      0.091550      0.250103       727 
     284285    16.17      2.562525      0.089396      0.250637       727 
     450266    16.17      2.564064      0.090599      0.250727       727 
     323444    16.22      2.565183      0.090539      0.250525       727 
     211213    16.24      2.582987      0.091896      0.250142       727 
     425601    16.24      2.574815      0.089944      0.250363       727 
     293905    16.25      2.572186      0.090438      0.250481       727 
   2011OJ15    16.27      2.565038      0.089606      0.250546       727 
     181280    16.28      2.570884      0.091430      0.250532       727 
     312254    16.31      2.577238      0.092356      0.250164       727 
     263441    16.35      2.574515      0.089144      0.250143       727 
     289811    16.40      2.579528      0.090563      0.250128       727 
     313534    16.43      2.568002      0.090003      0.250491       727 
     531283    16.53      2.566997      0.090509      0.250651       727 
     405380    16.54      2.577104      0.088758      0.250441       727 
     518824    16.56      2.579057      0.091379      0.249978       727 
     519204    16.59      2.560623      0.089765      0.250558       727 
     294198    16.61      2.582929      0.093261      0.250027       727 
     328350    16.63      2.561446      0.092870      0.250643       727 
     596808    16.70      2.576155      0.091455      0.250401       727 
   2016VD35    16.70      2.581294      0.091616      0.251057       727 
     596760    16.74      2.577109      0.091224      0.250160       727 
   2005AF83    16.75      2.577386      0.091229      0.250337       727 
  2015TD386    16.77      2.568163      0.091004      0.250367       727 
     556209    16.80      2.579976      0.091576      0.251621       727 
     456560    16.82      2.563775      0.090427      0.250555       727 
   2015GG53    16.85      2.581047      0.090886      0.250053       727 
     561450    16.87      2.577741      0.090188      0.250036       727 
     426462    16.88      2.584575      0.089929      0.250030       727 
     508633    16.88      2.576117      0.091177      0.250041       727 
     487942    16.89      2.563661      0.091102      0.250748       727 
     551705    16.91      2.577451      0.091194      0.250247       727 
  2001SO203    16.91      2.582125      0.090977      0.249743       727 
     362036    16.92      2.577603      0.089224      0.250424       727 
   2016TP88    16.92      2.573941      0.089287      0.250290       727 
     537136    16.94      2.567771      0.090432      0.250460       727 
     567698    16.95      2.566025      0.090509      0.250757       727 
   1999TL16    16.95      2.572623      0.089565      0.250541       727 
     425215    16.96      2.575740      0.090389      0.250019       727 
     329957    16.97      2.562937      0.090356      0.250555       727 
     561037    16.99      2.588474      0.089621      0.249056       727 
     245792    17.00      2.583873      0.092211      0.250025       727 
     544930    17.00      2.563829      0.091121      0.250806       727 
     256076    17.01      2.578476      0.088958      0.250259       727 
     459643    17.01      2.577880      0.090663      0.249858       727 
     583599    17.05      2.576359      0.090977      0.250130       727 
   2010GK24    17.07      2.566014      0.090363      0.250517       727 
     485632    17.09      2.587011      0.092824      0.250085       727 
  2015PL103    17.09      2.579178      0.091767      0.250181       727 
     486232    17.12      2.567676      0.089977      0.250445       727 
   2006YJ63    17.12      2.564998      0.090637      0.250705       727 
     490737    17.14      2.566115      0.091018      0.250435       727 
   2013CU55    17.14      2.563192      0.090547      0.250692       727 
     440770    17.15      2.585130      0.093011      0.250379       727 
     486288    17.17      2.563065      0.090629      0.250713       727 
     520794    17.17      2.580668      0.090315      0.250874       727 
     595160    17.21      2.560910      0.090524      0.250619       727 
   2005VW83    17.21      2.585837      0.091742      0.250146       727 
     475303    17.23      2.561352      0.088704      0.250527       727 
     541965    17.23      2.569549      0.089597      0.250513       727 
  2009SR294    17.23      2.582873      0.091581      0.249974       727 
     452463    17.25      2.573920      0.089096      0.250256       727 
     422390    17.26      2.562225      0.089911      0.250612       727 
  2013AB175    17.27      2.560751      0.091053      0.250515       727 
     480220    17.30      2.588715      0.092334      0.248923       727 
     574834    17.32      2.574390      0.089906      0.250097       727 
     364266    17.33      2.566559      0.091542      0.250355       727 
     580293    17.33      2.576703      0.092239      0.250139       727 
    2009FS2    17.33      2.561314      0.091870      0.250557       727 
   2012XC73    17.33      2.579068      0.090324      0.250149       727 
   2014YL63    17.33      2.590226      0.092992      0.249759       727 
     443394    17.34      2.580692      0.091057      0.249820       727 
     511149    17.34      2.582826      0.090146      0.249945       727 
   2015HD51    17.34      2.563572      0.090401      0.250490       727 
   2016UH46    17.34      2.567839      0.091713      0.250346       727 
   2011SL62    17.35      2.580444      0.091399      0.249590       727 
     589445    17.36      2.579362      0.090413      0.250313       727 
  2015RX208    17.36      2.579649      0.091279      0.250070       727 
   2009HN50    17.37      2.575949      0.092760      0.250376       727 
     377615    17.38      2.578417      0.089080      0.250329       727 
   2013QC95    17.38      2.565876      0.091091      0.250424       727 
  2003QF125    17.38      2.586520      0.093675      0.249735       727 
  2012XR171    17.38      2.578522      0.090524      0.249917       727 
     511209    17.39      2.580104      0.091351      0.250014       727 
     556663    17.40      2.591725      0.092786      0.249654       727 
   2008WD75    17.40      2.584859      0.091818      0.249758       727 
  2014TA113    17.41      2.581793      0.092360      0.249904       727 
   2014GO82    17.42      2.559805      0.090237      0.250163       727 
  2003SD428    17.42      2.576721      0.090501      0.250209       727 
  2019SL156    17.42      2.562614      0.090911      0.250545       727 
     583580    17.43      2.580383      0.091273      0.250050       727 
   2008KU22    17.43      2.558254      0.092126      0.250804       727 
   2012UZ39    17.43      2.566214      0.090502      0.250566       727 
     535058    17.45      2.569206      0.091219      0.250447       727 
     547285    17.45      2.577719      0.090423      0.250165       727 
     585308    17.45      2.568533      0.091483      0.250488       727 
  2012TK288    17.45      2.578817      0.091806      0.249937       727 
     583072    17.46      2.579551      0.089152      0.249486       727 
  2000SA373    17.46      2.587346      0.092075      0.250464       727 
     576668    17.48      2.564685      0.091760      0.250491       727 
  2013YT158    17.48      2.563071      0.090286      0.250477       727 
     538356    17.49      2.559573      0.087809      0.250541       727 
  2015DY308    17.49      2.569016      0.091346      0.250575       727 
     538064    17.50      2.575795      0.091605      0.250263       727 
  2015AQ154    17.50      2.579027      0.090280      0.249579       727 
   2018AK31    17.51      2.564511      0.091139      0.250494       727 
     544173    17.53      2.560794      0.090687      0.250563       727 
     456390    17.54      2.578302      0.091139      0.250215       727 
     538907    17.54      2.563629      0.090787      0.250720       727 
   2020JB27    17.54      2.579501      0.090539      0.250912       727 
   2013JV78    17.55      2.581663      0.091632      0.249928       727 
   2014KR72    17.55      2.573349      0.090419      0.250341       727 
   2016LM68    17.55      2.576113      0.091948      0.250479       727 
     544131    17.56      2.581332      0.090171      0.249905       727 
     556796    17.56      2.581686      0.090660      0.249646       727 
  2008RR162    17.56      2.568248      0.090178      0.250450       727 
  2016PU122    17.56      2.558595      0.091006      0.250738       727 
  2003UO367    17.57      2.559792      0.092039      0.250417       727 
   2015HU68    17.58      2.579808      0.090328      0.250006       727 
   2016WX36    17.59      2.582836      0.090717      0.249904       727 
  2015BG584    17.60      2.557205      0.090411      0.251041       727 
  2015MP140    17.60      2.570492      0.090784      0.249720       727 
     541649    17.61      2.558943      0.089419      0.250815       727 
   2011OM12    17.61      2.578563      0.089317      0.251165       727 
  2016CT387    17.62      2.584983      0.093499      0.249842       727 
  2016GC309    17.63      2.557496      0.088954      0.250782       727 
     470616    17.64      2.583051      0.092066      0.249967       727 
     552898    17.64      2.580319      0.091611      0.250372       727 
     561915    17.64      2.563343      0.091483      0.250504       727 
   2007YG81    17.64      2.562774      0.089960      0.250526       727 
  2011WM101    17.64      2.580000      0.091388      0.249987       727 
  2012VJ119    17.64      2.567668      0.091096      0.250396       727 
     530302    17.65      2.589312      0.092931      0.249684       727 
     595618    17.65      2.576785      0.091622      0.250202       727 
   2014SD42    17.65      2.559132      0.087593      0.250879       727 
   2015GE35    17.65      2.564768      0.090914      0.250638       727 
   2018UY28    17.65      2.581692      0.089937      0.249703       727 
   2009ET35    17.66      2.559741      0.090718      0.250585       727 
   2013QC97    17.66      2.579848      0.091271      0.250043       727 
  2011UQ435    17.66      2.583517      0.092355      0.249932       727 
     483670    17.67      2.556761      0.090582      0.251192       727 
     590658    17.67      2.582419      0.090706      0.250087       727 
   2015KT35    17.67      2.569823      0.091140      0.250570       727 
     556249    17.68      2.560479      0.093065      0.250260       727 
     556401    17.68      2.591114      0.093333      0.250625       727 
    2007XJ5    17.68      2.580913      0.091243      0.249983       727 
  2016AW267    17.68      2.567278      0.091388      0.250426       727 
     541719    17.69      2.581523      0.090741      0.249591       727 
     587318    17.69      2.579410      0.090749      0.250111       727 
   2015KQ87    17.69      2.563052      0.090748      0.250468       727 
   2016LH79    17.70      2.563032      0.092242      0.250678       727 
  2002EJ167    17.70      2.560996      0.089755      0.250470       727 
  2014KY106    17.70      2.566119      0.092214      0.250389       727 
     592831    17.71      2.562786      0.090870      0.250450       727 
   2016EW19    17.72      2.577300      0.089762      0.250447       727 
  2007VV257    17.73      2.582816      0.090239      0.250186       727 
     375288    17.74      2.561694      0.090675      0.250500       727 
  2014DV158    17.74      2.582729      0.091086      0.249907       727 
     493850    17.75      2.564866      0.092360      0.250573       727 
   2006QD73    17.75      2.559654      0.090972      0.250845       727 
   2008VZ86    17.75      2.581762      0.091530      0.249728       727 
   2015OQ58    17.75      2.556109      0.088845      0.250289       727 
   2015VK89    17.75      2.558256      0.091284      0.250562       727 
   2018VR83    17.75      2.566596      0.088666      0.250639       727 
  2007TZ481    17.75      2.587336      0.090268      0.250354       727 
     551029    17.76      2.568246      0.090424      0.250469       727 
     616022    17.76      2.584128      0.090464      0.249611       727 
    2015OZ5    17.76      2.560344      0.091337      0.250613       727 
   2006BG85    17.76      2.559791      0.089108      0.249921       727 
   2020JE26    17.76      2.578528      0.089396      0.250570       727 
     574682    17.77      2.572918      0.092693      0.250410       727 
     577793    17.77      2.565064      0.091733      0.250565       727 
  2010UJ135    17.77      2.566497      0.092097      0.250616       727 
  2016TQ145    17.77      2.585144      0.090785      0.249913       727 
   2013NS57    17.78      2.579353      0.090431      0.250025       727 
  2014DN157    17.78      2.559829      0.090654      0.250623       727 
  2014OF447    17.78      2.564469      0.090557      0.250544       727 
   2016RC15    17.79      2.582272      0.091042      0.250325       727 
  2008SB141    17.79      2.566793      0.089309      0.250657       727 
  2016PE127    17.80      2.578499      0.091362      0.250173       727 
     556261    17.81      2.559763      0.091018      0.250734       727 
   2012KL60    17.81      2.582882      0.091654      0.250003       727 
   2019YS24    17.81      2.578860      0.090003      0.250132       727 
  2016TV130    17.81      2.582775      0.090826      0.250122       727 
   2007YS85    17.82      2.580098      0.091177      0.249608       727 
   2004EF98    17.83      2.574767      0.089570      0.249982       727 
   2002ST68    17.84      2.559739      0.090468      0.250606       727 
   2019ND80    17.84      2.566705      0.090735      0.250407       727 
   2021PP99    17.84      2.582290      0.091441      0.249895       727 
  2012UQ122    17.84      2.558526      0.091305      0.251027       727 
  2016NX120    17.84      2.580015      0.090306      0.249675       727 
  2017BQ149    17.85      2.578983      0.089520      0.249625       727 
   2008BL61    17.86      2.559084      0.088472      0.250402       727 
   2012TO42    17.86      2.590096      0.093237      0.250265       727 
  2008TR114    17.87      2.580018      0.090617      0.250765       727 
     592681    17.88      2.566424      0.091004      0.250499       727 
   2019TD58    17.88      2.585421      0.091202      0.249845       727 
  2016TJ140    17.88      2.562059      0.090681      0.250553       727 
   2019QJ52    17.89      2.585212      0.091203      0.250071       727 
   2021NV51    17.89      2.558041      0.090113      0.250430       727 
  2015TS322    17.89      2.587895      0.092816      0.249247       727 
   2007UC16    17.90      2.576164      0.091468      0.250502       727 
   2014GM81    17.90      2.582174      0.090136      0.250173       727 
  2016CV298    17.90      2.578201      0.091036      0.250467       727 
   2016PE54    17.91      2.561349      0.089295      0.250492       727 
  2014DZ195    17.91      2.578274      0.092292      0.250423       727 
   2012WZ38    17.92      2.561763      0.090147      0.250433       727 
  2013CR234    17.92      2.569395      0.091706      0.250576       727 
  2013PL125    17.92      2.582668      0.091943      0.249686       727 
   2016LM64    17.93      2.576372      0.090782      0.249992       727 
   2017AM30    17.93      2.559672      0.090772      0.250860       727 
   2020JD15    17.93      2.591950      0.092663      0.249587       727 
   2020RL37    17.93      2.588729      0.091130      0.249702       727 
   2021TR60    17.93      2.583725      0.091617      0.249734       727 
   2013JD72    17.94      2.571885      0.091320      0.250260       727 
   2013VL43    17.94      2.578423      0.090726      0.250064       727 
   2016NK28    17.94      2.589815      0.092523      0.249396       727 
  2008CR239    17.94      2.579674      0.089442      0.249934       727 
   2019GE67    17.95      2.581189      0.090520      0.249873       727 
  2003SX383    17.95      2.587673      0.092419      0.250166       727 
  2015DL296    17.95      2.567841      0.090987      0.250681       727 
     551702    17.96      2.583847      0.091113      0.249985       727 
    2018YQ4    17.96      2.587488      0.090703      0.250419       727 
   2007SL27    17.96      2.560351      0.092699      0.250739       727 
  2014ON144    17.96      2.553807      0.091852      0.250648       727 
  2017SW212    17.96      2.584045      0.089864      0.250642       727 
  2017UY163    17.96      2.557557      0.092050      0.251356       727 
     550894    17.97      2.581449      0.089481      0.249873       727 
     603822    17.97      2.562092      0.090163      0.250448       727 
     553662    17.99      2.565431      0.091072      0.250349       727 
   2021SL43    17.99      2.583751      0.091695      0.249981       727 
  2015VP156    17.99      2.580281      0.091223      0.249949       727 
  2016UZ262    18.00      2.561436      0.091479      0.250633       727 
    2015TM4    18.01      2.566935      0.092822      0.250362       727 
   2015WE25    18.01      2.579983      0.090959      0.250404       727 
   2016PT81    18.01      2.576865      0.090003      0.250636       727 
   2016SR86    18.01      2.583571      0.091548      0.249786       727 
   2017HL88    18.01      2.585265      0.090228      0.249567       727 
  2007UX148    18.01      2.561874      0.090474      0.250387       727 
  2015DF297    18.01      2.561332      0.091394      0.250547       727 
  2015HN109    18.02      2.584891      0.092639      0.249849       727 
  2015MB196    18.02      2.581906      0.090469      0.249459       727 
  2016NF130    18.02      2.586017      0.091448      0.249544       727 
  2015OC118    18.03      2.577999      0.088101      0.250634       727 
   2022AO28    18.05      2.557266      0.089969      0.250920       727 
  2016AS211    18.05      2.563768      0.091436      0.250665       727 
  2017BQ176    18.05      2.559151      0.091019      0.251012       727 
   2019YV38    18.06      2.559207      0.090691      0.250833       727 
  2008TB223    18.08      2.572666      0.091085      0.250321       727 
   2016FX74    18.10      2.559707      0.091236      0.250733       727 
  2008SH214    18.10      2.557991      0.090449      0.251181       727 
   2016NB60    18.11      2.562757      0.090350      0.250570       727 
  2012UM170    18.11      2.560426      0.092501      0.250542       727 
   2017TS22    18.12      2.560279      0.090857      0.250676       727 
  2016BK110    18.12      2.585472      0.091253      0.249902       727 
   2009FD85    18.13      2.585635      0.090133      0.249975       727 
     603749    18.14      2.584067      0.090778      0.249808       727 
   2015ML20    18.14      2.582581      0.091496      0.250084       727 
   2016QO50    18.14      2.557567      0.088845      0.251509       727 
  2016AY310    18.14      2.579466      0.091300      0.250625       727 
   2017PV67    18.15      2.586608      0.092978      0.249747       727 
  2017SA273    18.15      2.585408      0.091701      0.249631       727 
  2015VB179    18.16      2.585092      0.091673      0.249531       727 
  2017SS304    18.17      2.586945      0.090176      0.249448       727 
   2021KM14    18.18      2.555126      0.092338      0.250693       727 
  2014WG192    18.18      2.558691      0.088948      0.250304       727 
  2014OQ303    18.19      2.579792      0.091223      0.250357       727 
  2016PH200    18.19      2.563616      0.091210      0.250347       727 
  2016US250    18.19      2.584773      0.091394      0.249970       727 
   2016VY16    18.20      2.554098      0.091308      0.250991       727 
    2018YM9    18.21      2.581647      0.090139      0.250313       727 
  2017QW139    18.21      2.555797      0.090693      0.250939       727 
  2011QX107    18.22      2.581232      0.089802      0.250136       727 
     563609    18.23      2.582653      0.091415      0.249519       727 
   2021LQ21    18.24      2.589465      0.091013      0.249814       727 
  2015ML197    18.24      2.583393      0.094119      0.250770       727 
    2020EM2    18.25      2.577560      0.091739      0.249930       727 
   2013VX39    18.25      2.556636      0.090904      0.251014       727 
  2011UL440    18.25      2.562241      0.090615      0.250539       727 
   2015XB27    18.26      2.563448      0.094058      0.250340       727 
  2016GN283    18.26      2.562631      0.090360      0.250735       727 
   2016FK89    18.27      2.562562      0.089918      0.250759       727 
   2019YT38    18.27      2.580968      0.091145      0.249873       727 
   2015AB21    18.28      2.556643      0.088229      0.250046       727 
  2015TH455    18.28      2.587086      0.090256      0.249442       727 
  2017SU280    18.28      2.552015      0.089330      0.251000       727 
   2015FQ11    18.29      2.555280      0.090126      0.250730       727 
   2015FV62    18.29      2.552704      0.091572      0.250853       727 
  2016UO274    18.29      2.561129      0.090280      0.250657       727 
   2017AG32    18.30      2.569940      0.090317      0.250061       727 
   2020KF49    18.30      2.580055      0.089672      0.249412       727 
   2015TV99    18.31      2.559057      0.088450      0.250120       727 
   2018FE15    18.31      2.562219      0.089923      0.250524       727 
  2016AK302    18.31      2.558552      0.092089      0.250691       727 
  2016PQ165    18.31      2.557036      0.091022      0.251021       727 
  2017SH308    18.31      2.579407      0.090419      0.249847       727 
   2015VW47    18.32      2.578711      0.090558      0.250148       727 
   2015WV28    18.32      2.589231      0.090233      0.249045       727 
   2012VM15    18.33      2.584869      0.090096      0.249974       727 
  2019GG131    18.33      2.587235      0.090731      0.249638       727 
   2013PE86    18.34      2.573393      0.092286      0.250579       727 
  2011UN445    18.34      2.562026      0.090274      0.250815       727 
  2017FC201    18.34      2.577104      0.090717      0.250247       727 
  2021RU151    18.34      2.580507      0.091798      0.250234       727 
  2013HG122    18.41      2.585404      0.091048      0.249691       727 
   2017HG77    18.43      2.586313      0.091525      0.249373       727 
  2015XD155    18.43      2.592408      0.091658      0.249724       727 
  2016UT278    18.44      2.584601      0.089792      0.250221       727 
  2017SH265    18.44      2.588472      0.090101      0.249567       727 
  2017SU282    18.46      2.579682      0.091445      0.249776       727 
   2017WF76    18.47      2.588692      0.090113      0.249638       727 
  2015RO172    18.49      2.561789      0.089371      0.250366       727 
   2020PF15    18.50      2.553952      0.089700      0.251137       727 
   2019GA90    18.51      2.575702      0.090115      0.250112       727 
  2015PX216    18.51      2.561664      0.090632      0.250327       727 
   2014SV49    18.53      2.573757      0.092651      0.250196       727 
   2019JX73    18.55      2.590301      0.092232      0.249506       727 
   2021QU68    18.55      2.583056      0.091272      0.249770       727 
  2017OF124    18.55      2.575909      0.089860      0.250370       727 
  2014JY104    18.56      2.558218      0.091179      0.251312       727 
   2016LG96    18.57      2.554546      0.091860      0.251234       727 
   2005RR35    18.59      2.589135      0.091634      0.249816       727 
  2016UG255    18.59      2.589651      0.092758      0.250069       727 
   2015UH60    18.60      2.583105      0.090787      0.249816       727 
   2019FQ28    18.61      2.564831      0.090942      0.250474       727 
  2013WU139    18.62      2.555809      0.090754      0.250974       727 
  2015RD252    18.64      2.590394      0.091938      0.249368       727 
   2017RU63    18.65      2.556641      0.092395      0.250567       727 
    2022BX8    18.66      2.590212      0.091065      0.249455       727 
  2017SW282    18.71      2.583760      0.093531      0.250360       727 
  2017UP174    18.72      2.581400      0.090550      0.249717       727 
   2017XH86    18.74      2.557078      0.091771      0.251039       727 
  2015OP123    18.80      2.555092      0.090902      0.251087       727 
  2014OS406    18.83      2.557196      0.091295      0.250455       727 
  2013HQ140    19.00      2.586621      0.090821      0.249871       727 
  2014QA530    19.10      2.576825      0.089918      0.251039       727 
