        980     7.86      2.741023      0.140362      0.298226       729 
        729     9.37      2.759974      0.122766      0.299121       729 
       2448    10.87      2.791798      0.145974      0.294522       729 
       1372    11.12      2.767174      0.127501      0.299216       729 
       2349    11.41      2.769685      0.080576      0.284524       729 
       3687    11.48      2.728430      0.138418      0.292043       729 
       5839    11.72      2.759744      0.136248      0.290143       729 
       5632    11.95      2.743414      0.093160      0.291280       729 
       6476    11.98      2.784230      0.120338      0.296949       729 
       2570    12.09      2.766453      0.098572      0.292971       729 
       5492    12.27      2.782818      0.120344      0.298980       729 
      11889    12.28      2.761926      0.142393      0.303721       729 
      12387    12.58      2.737115      0.100062      0.306302       729 
       3269    12.59      2.785142      0.130584      0.298895       729 
      16964    12.75      2.717645      0.116052      0.308116       729 
      17796    12.91      2.774756      0.120600      0.298270       729 
      50684    12.93      2.781066      0.138889      0.298105       729 
      16498    12.99      2.770732      0.119264      0.295604       729 
      11113    13.32      2.806311      0.145538      0.299596       729 
      22697    13.32      2.801874      0.115306      0.296731       729 
      51996    13.36      2.800193      0.079396      0.281853       729 
      32893    13.41      2.765332      0.113668      0.298048       729 
      20369    13.44      2.780452      0.126853      0.289185       729 
      33160    13.45      2.804483      0.115492      0.298229       729 
      54391    13.52      2.719745      0.122568      0.301429       729 
      27295    13.68      2.788390      0.120705      0.296673       729 
      41964    13.68      2.705711      0.108281      0.304077       729 
      40080    13.82      2.793864      0.122163      0.296625       729 
      13931    13.83      2.755018      0.099757      0.291476       729 
      53767    13.86      2.713922      0.129866      0.310412       729 
      48810    13.87      2.800533      0.118530      0.297763       729 
      75777    13.95      2.808705      0.124322      0.297484       729 
      44929    13.96      2.774479      0.122303      0.299813       729 
      97765    13.98      2.809442      0.124463      0.297389       729 
      44493    14.01      2.701572      0.117963      0.301435       729 
      57061    14.05      2.802929      0.125528      0.298595       729 
      28870    14.08      2.809685      0.117687      0.297088       729 
      56233    14.09      2.791265      0.130869      0.298829       729 
      33313    14.11      2.808823      0.111632      0.298648       729 
      41410    14.11      2.759073      0.112967      0.299502       729 
      23004    14.16      2.791700      0.122937      0.299421       729 
      76596    14.16      2.799789      0.099175      0.292090       729 
      56263    14.17      2.808734      0.114618      0.297155       729 
      71255    14.20      2.704380      0.107568      0.300461       729 
     105740    14.21      2.779238      0.144412      0.295187       729 
      41441    14.22      2.716915      0.123216      0.298984       729 
      47752    14.22      2.756942      0.079122      0.284871       729 
     107933    14.23      2.709191      0.136156      0.303864       729 
      36501    14.24      2.799229      0.147759      0.295688       729 
      74324    14.25      2.725614      0.092940      0.295998       729 
      84401    14.26      2.808274      0.140100      0.301788       729 
      29815    14.27      2.808605      0.133813      0.296449       729 
      70957    14.28      2.709155      0.114603      0.300088       729 
      82901    14.31      2.773561      0.121724      0.296741       729 
      71346    14.34      2.775756      0.116508      0.299253       729 
      42188    14.36      2.802230      0.121325      0.297284       729 
      46243    14.39      2.711452      0.126188      0.298964       729 
      42365    14.41      2.668505      0.091715      0.306602       729 
      91424    14.41      2.739150      0.131066      0.302559       729 
     111396    14.42      2.802171      0.120438      0.296184       729 
      97755    14.43      2.764299      0.119654      0.298093       729 
      76394    14.46      2.734233      0.117168      0.299622       729 
      41184    14.47      2.798846      0.121060      0.294592       729 
      62410    14.50      2.698174      0.092311      0.300541       729 
      62418    14.50      2.799831      0.118991      0.296448       729 
     106059    14.50      2.801121      0.136367      0.300812       729 
     113840    14.50      2.730892      0.088243      0.297409       729 
     103757    14.53      2.791266      0.099354      0.292510       729 
      57522    14.56      2.796730      0.132410      0.298646       729 
      93695    14.61      2.792559      0.116428      0.299871       729 
      81410    14.62      2.715872      0.132100      0.302225       729 
      96986    14.62      2.757001      0.090656      0.284440       729 
      81876    14.63      2.813603      0.121885      0.297929       729 
      78156    14.64      2.788804      0.106542      0.291496       729 
     110333    14.64      2.810219      0.131135      0.299662       729 
     135031    14.65      2.803880      0.131591      0.297448       729 
      70759    14.66      2.727441      0.110196      0.287901       729 
      51190    14.70      2.733171      0.127064      0.299968       729 
     151256    14.71      2.800706      0.124930      0.297834       729 
     108812    14.75      2.811351      0.098938      0.290192       729 
     130101    14.75      2.811044      0.120989      0.293524       729 
     133525    14.76      2.686807      0.093920      0.298995       729 
     123437    14.78      2.756309      0.116287      0.298948       729 
     138401    14.78      2.721556      0.121008      0.306540       729 
     114535    14.79      2.768746      0.101913      0.294978       729 
     128784    14.80      2.813422      0.105743      0.302595       729 
      87638    14.81      2.744859      0.142986      0.289180       729 
      85853    14.83      2.746587      0.140700      0.297254       729 
      85692    14.87      2.727768      0.090215      0.294803       729 
     135063    14.87      2.768022      0.096098      0.293087       729 
     106061    14.88      2.790680      0.122122      0.300244       729 
      91882    14.89      2.777967      0.130211      0.287023       729 
     160852    14.91      2.772505      0.115157      0.297673       729 
     138427    14.93      2.716119      0.090361      0.296418       729 
      90834    14.95      2.785670      0.113869      0.299155       729 
     116051    14.95      2.811062      0.136193      0.298310       729 
     126537    14.95      2.741763      0.102154      0.288030       729 
     138108    14.95      2.808444      0.114189      0.294982       729 
      69100    14.97      2.673083      0.102419      0.302797       729 
     116797    14.97      2.694736      0.107859      0.302097       729 
     122917    15.00      2.750571      0.099224      0.298082       729 
     103588    15.01      2.731039      0.132768      0.301843       729 
     191156    15.01      2.759463      0.112037      0.299546       729 
     116929    15.02      2.713298      0.091006      0.295686       729 
     103546    15.03      2.778746      0.132291      0.299439       729 
     191364    15.04      2.781247      0.128861      0.297842       729 
     167496    15.06      2.721409      0.111014      0.299490       729 
     177500    15.06      2.780034      0.128483      0.294510       729 
     144854    15.07      2.747548      0.144565      0.299698       729 
     131079    15.08      2.704528      0.137261      0.300784       729 
     114713    15.09      2.673811      0.093204      0.304232       729 
     133931    15.09      2.779967      0.094091      0.285277       729 
     150304    15.11      2.773492      0.106764      0.289879       729 
      95597    15.12      2.758407      0.112479      0.296602       729 
     200529    15.13      2.730875      0.132876      0.299749       729 
      66551    15.15      2.723337      0.088816      0.299174       729 
     192290    15.15      2.773981      0.125056      0.305658       729 
     202187    15.17      2.787163      0.125987      0.291267       729 
     139638    15.18      2.697005      0.094180      0.304784       729 
     171091    15.21      2.762602      0.105021      0.296793       729 
     222357    15.24      2.734122      0.091939      0.278299       729 
     173708    15.25      2.744655      0.128946      0.299580       729 
     252469    15.30      2.729946      0.140285      0.301943       729 
     186230    15.37      2.752314      0.085271      0.287598       729 
     236408    15.37      2.814361      0.113954      0.295434       729 
     106135    15.40      2.737524      0.083208      0.296164       729 
     334861    15.40      2.766715      0.113466      0.297135       729 
     277014    15.41      2.797184      0.121373      0.297640       729 
      59670    15.42      2.718604      0.116111      0.308540       729 
     222306    15.42      2.731338      0.112659      0.292858       729 
     218029    15.43      2.752424      0.111135      0.293886       729 
     285806    15.43      2.694510      0.098395      0.305270       729 
     139431    15.47      2.734432      0.125204      0.294730       729 
     232927    15.48      2.793347      0.110833      0.299262       729 
     258552    15.48      2.792098      0.140898      0.303180       729 
     440031    15.48      2.716004      0.151542      0.292809       729 
     333427    15.51      2.744885      0.110126      0.293478       729 
     236904    15.52      2.740618      0.095556      0.302340       729 
     248786    15.52      2.754297      0.097751      0.288826       729 
     293876    15.57      2.766490      0.079592      0.283967       729 
     134008    15.63      2.732938      0.120702      0.297708       729 
     187230    15.63      2.732125      0.120729      0.297556       729 
     257868    15.63      2.814466      0.095027      0.290430       729 
     352413    15.66      2.758367      0.143283      0.301872       729 
     216223    15.67      2.776675      0.129253      0.301751       729 
     232567    15.68      2.746954      0.130974      0.301599       729 
     292398    15.68      2.728837      0.110722      0.289526       729 
     208768    15.69      2.695862      0.091830      0.303514       729 
     275418    15.69      2.797643      0.114796      0.297617       729 
     303081    15.69      2.704090      0.092524      0.301005       729 
     183852    15.70      2.777238      0.095860      0.296388       729 
     282435    15.71      2.732976      0.134383      0.295833       729 
     283281    15.71      2.741178      0.131251      0.302552       729 
   2015BY27    15.71      2.741239      0.108995      0.300118       729 
     208337    15.73      2.751252      0.136454      0.307197       729 
     376235    15.73      2.814230      0.109518      0.300675       729 
     265368    15.74      2.762757      0.088315      0.291262       729 
     247356    15.75      2.750807      0.112936      0.291132       729 
     269795    15.76      2.814131      0.112413      0.298623       729 
     222691    15.77      2.710871      0.112769      0.303337       729 
     214410    15.78      2.747573      0.117334      0.299444       729 
     222361    15.78      2.782100      0.127492      0.298932       729 
     385089    15.78      2.758770      0.138734      0.292783       729 
     368821    15.80      2.799968      0.129898      0.295219       729 
     293132    15.81      2.751149      0.126748      0.293606       729 
     383341    15.81      2.812642      0.146847      0.294974       729 
     419062    15.82      2.774438      0.147206      0.303928       729 
     113852    15.83      2.797084      0.112004      0.297673       729 
     290161    15.83      2.813827      0.117993      0.294585       729 
     313267    15.85      2.808137      0.122040      0.297463       729 
     321477    15.86      2.732887      0.138280      0.293122       729 
     284649    15.88      2.773745      0.142482      0.304013       729 
     352203    15.88      2.782818      0.139815      0.295198       729 
     293135    15.89      2.762246      0.131978      0.297542       729 
     204852    15.90      2.735643      0.102863      0.285098       729 
     311737    15.90      2.727878      0.095147      0.296258       729 
     438779    15.90      2.807316      0.107025      0.287276       729 
     496196    15.91      2.813586      0.110068      0.299899       729 
     574034    15.91      2.719675      0.098016      0.276319       729 
     366023    15.93      2.789469      0.130868      0.300400       729 
     369611    15.93      2.721220      0.111753      0.291235       729 
     350531    15.95      2.794375      0.126842      0.298124       729 
     547474    15.96      2.741645      0.095771      0.294739       729 
     287680    15.98      2.713142      0.118447      0.308325       729 
     213338    15.99      2.782935      0.118905      0.304794       729 
  2015RU102    16.00      2.784302      0.107778      0.293877       729 
     381865    16.01      2.748074      0.108024      0.294789       729 
     411432    16.01      2.775166      0.121892      0.294693       729 
     494890    16.01      2.803275      0.127583      0.295343       729 
     359971    16.02      2.748701      0.136519      0.293864       729 
     347288    16.03      2.773356      0.147936      0.296927       729 
     282288    16.05      2.776898      0.110547      0.299810       729 
     347039    16.06      2.786478      0.092211      0.288592       729 
  2017DQ111    16.07      2.718077      0.102734      0.303237       729 
     405097    16.08      2.783968      0.145275      0.302277       729 
     596996    16.09      2.812545      0.096782      0.291667       729 
     334778    16.10      2.791278      0.118353      0.294041       729 
     597657    16.10      2.730640      0.150459      0.291491       729 
     338752    16.11      2.745445      0.092383      0.288665       729 
     327926    16.12      2.777694      0.128944      0.287648       729 
     326292    16.13      2.775315      0.120034      0.290450       729 
     493453    16.14      2.721719      0.109314      0.296602       729 
     385475    16.15      2.720104      0.098003      0.271395       729 
     416700    16.15      2.802559      0.078670      0.283725       729 
     442538    16.15      2.759823      0.124755      0.298220       729 
     280134    16.16      2.746676      0.077943      0.286922       729 
     329409    16.16      2.777123      0.123968      0.300590       729 
     392477    16.16      2.808375      0.105634      0.302455       729 
     279791    16.19      2.725146      0.103999      0.286771       729 
     444573    16.19      2.749635      0.090194      0.296153       729 
     504004    16.19      2.766253      0.116549      0.290910       729 
     379421    16.20      2.766147      0.135764      0.300591       729 
     485726    16.21      2.774530      0.121562      0.296893       729 
     396187    16.22      2.736285      0.125115      0.301372       729 
     415360    16.22      2.743336      0.086574      0.295988       729 
     428348    16.22      2.726425      0.150564      0.294944       729 
     351436    16.23      2.682046      0.092370      0.301880       729 
     382023    16.23      2.804957      0.139154      0.303443       729 
     500283    16.23      2.804973      0.107092      0.296615       729 
     358713    16.28      2.787712      0.113091      0.298625       729 
     361197    16.29      2.718717      0.137449      0.304518       729 
     322537    16.30      2.773667      0.119667      0.290022       729 
     468915    16.30      2.733996      0.142697      0.304275       729 
     438011    16.31      2.737064      0.140148      0.298310       729 
     452347    16.32      2.714208      0.153476      0.288311       729 
     343844    16.33      2.752171      0.142031      0.293867       729 
   2010JZ23    16.33      2.756518      0.146550      0.299693       729 
  2016EV226    16.33      2.756541      0.085382      0.283962       729 
     341755    16.34      2.803999      0.141271      0.298356       729 
     362435    16.35      2.807444      0.115569      0.295530       729 
     508556    16.35      2.768553      0.120605      0.296619       729 
  2015TH328    16.35      2.796754      0.079072      0.283512       729 
     322829    16.38      2.676541      0.095372      0.301047       729 
     454802    16.38      2.763359      0.136186      0.300577       729 
   2014MO44    16.38      2.798737      0.100011      0.289996       729 
     488542    16.39      2.727856      0.095118      0.294818       729 
     436495    16.40      2.737381      0.093432      0.280326       729 
     217437    16.41      2.717281      0.094390      0.271012       729 
     571436    16.41      2.810149      0.078102      0.281380       729 
     287509    16.42      2.730957      0.117954      0.296985       729 
     564137    16.42      2.779499      0.112143      0.296318       729 
     370752    16.43      2.715876      0.100823      0.305727       729 
     442774    16.43      2.764061      0.137314      0.303579       729 
     583678    16.43      2.770999      0.124464      0.295250       729 
     420941    16.45      2.741070      0.090452      0.296507       729 
     482360    16.45      2.800981      0.108463      0.295411       729 
    2016YV2    16.45      2.772540      0.100916      0.299319       729 
     420495    16.46      2.767974      0.117734      0.298561       729 
     483338    16.47      2.755641      0.126030      0.301004       729 
  2011UH174    16.47      2.716407      0.129671      0.303698       729 
     401257    16.48      2.731761      0.085134      0.295312       729 
     502466    16.48      2.742790      0.123003      0.299919       729 
     507728    16.48      2.757710      0.120231      0.296517       729 
  2003FR134    16.49      2.745638      0.137549      0.309366       729 
     282966    16.50      2.726515      0.086608      0.294063       729 
     504085    16.50      2.721956      0.084477      0.291009       729 
     502636    16.52      2.745751      0.126306      0.297911       729 
     508110    16.52      2.750854      0.110190      0.295801       729 
     466968    16.54      2.723060      0.110264      0.291801       729 
     522369    16.55      2.768784      0.107492      0.292384       729 
   2011WT64    16.57      2.776293      0.101109      0.291579       729 
     431857    16.59      2.792915      0.080440      0.283297       729 
  2013SL114    16.59      2.761395      0.098716      0.303797       729 
     295014    16.60      2.799039      0.104406      0.292702       729 
     455949    16.60      2.781043      0.115887      0.300928       729 
     581025    16.60      2.787418      0.086020      0.281052       729 
   2012PS34    16.60      2.745852      0.101183      0.294759       729 
   2010JD83    16.62      2.765273      0.120051      0.298519       729 
   2014YC74    16.64      2.804663      0.111100      0.299627       729 
     486198    16.66      2.736145      0.143498      0.302051       729 
     260741    16.67      2.755511      0.113019      0.298204       729 
     427256    16.68      2.764329      0.125436      0.302868       729 
     435354    16.68      2.775492      0.149203      0.300378       729 
     584019    16.68      2.786219      0.127057      0.295722       729 
  2010VH206    16.69      2.758766      0.136160      0.293485       729 
     301592    16.70      2.719235      0.100323      0.292756       729 
  2016GE215    16.70      2.784273      0.144297      0.294326       729 
     345523    16.71      2.747454      0.081405      0.285846       729 
     371760    16.71      2.765584      0.099348      0.301409       729 
     407848    16.72      2.795194      0.078624      0.281319       729 
     436990    16.72      2.727261      0.104201      0.291349       729 
     606783    16.73      2.781203      0.148641      0.304540       729 
     467655    16.74      2.729153      0.133336      0.302610       729 
   2005OY32    16.74      2.779790      0.122904      0.299566       729 
  2014WN503    16.74      2.706410      0.130697      0.301428       729 
     452254    16.75      2.799650      0.119437      0.293844       729 
     575105    16.75      2.747493      0.105534      0.302972       729 
     429844    16.76      2.741286      0.095550      0.301623       729 
     342857    16.77      2.786527      0.135040      0.296878       729 
     578023    16.77      2.789478      0.084961      0.284619       729 
     396064    16.78      2.737374      0.097945      0.291993       729 
     515621    16.78      2.732097      0.081351      0.292397       729 
     547907    16.80      2.797231      0.081082      0.282766       729 
   2009AR53    16.80      2.778276      0.140535      0.296525       729 
     404947    16.81      2.813241      0.104502      0.291746       729 
     595421    16.81      2.731069      0.126136      0.295294       729 
    2011YX1    16.83      2.716621      0.109759      0.284933       729 
   2010DS88    16.83      2.768709      0.097469      0.292864       729 
   2017OH17    16.84      2.777204      0.089757      0.291246       729 
    2011UX7    16.85      2.764784      0.096319      0.299879       729 
     522044    16.86      2.743629      0.137865      0.293988       729 
   2014MH44    16.86      2.671142      0.094720      0.300175       729 
     541835    16.87      2.758292      0.086522      0.288509       729 
    2016MP3    16.87      2.782520      0.119473      0.295299       729 
  2014SQ335    16.87      2.801460      0.092162      0.293778       729 
     484538    16.88      2.713355      0.092361      0.273801       729 
     502867    16.88      2.792741      0.143708      0.294150       729 
   2000JQ92    16.88      2.811720      0.117799      0.296536       729 
  2009HQ113    16.88      2.780906      0.096119      0.286919       729 
     439270    16.89      2.774887      0.104872      0.293396       729 
     482325    16.89      2.722507      0.087684      0.294184       729 
   2012KK41    16.89      2.734347      0.147388      0.292704       729 
  2005EX346    16.89      2.790616      0.129746      0.299171       729 
     513012    16.90      2.755038      0.135234      0.300222       729 
     516523    16.90      2.729103      0.097853      0.297264       729 
     578124    16.91      2.810141      0.078950      0.283199       729 
   2012LD12    16.91      2.782357      0.121569      0.303394       729 
  2016PM118    16.91      2.751727      0.135010      0.305767       729 
     484170    16.92      2.721654      0.132221      0.301896       729 
   2006KP75    16.93      2.751104      0.141082      0.287031       729 
   2014PN60    16.93      2.746276      0.094812      0.296454       729 
   2009QQ52    16.95      2.776535      0.148480      0.296505       729 
  2012UD189    16.95      2.752125      0.140277      0.288681       729 
     492732    16.96      2.775861      0.116669      0.294317       729 
     545370    16.96      2.741014      0.113857      0.297586       729 
     568120    16.96      2.772488      0.127284      0.298619       729 
   2007BS71    16.96      2.726835      0.137977      0.299787       729 
  2013CY172    16.96      2.672695      0.091019      0.300603       729 
     482939    16.97      2.725138      0.111159      0.299409       729 
   2006OW38    16.97      2.789109      0.093266      0.285613       729 
  2014WO396    16.97      2.752676      0.090442      0.289791       729 
     558069    16.98      2.712791      0.131822      0.302715       729 
     583902    16.98      2.686857      0.103288      0.300818       729 
     405573    16.99      2.725225      0.137535      0.302325       729 
   2017DH32    16.99      2.780812      0.112997      0.298950       729 
     430667    17.00      2.774857      0.119567      0.299132       729 
     528130    17.00      2.723861      0.139102      0.288644       729 
  2015TC241    17.00      2.720820      0.133187      0.305426       729 
  2016QZ135    17.00      2.801755      0.122571      0.296660       729 
   2016UK46    17.03      2.804759      0.129170      0.294044       729 
   2018LB26    17.03      2.765393      0.107579      0.300030       729 
     597836    17.04      2.802234      0.079811      0.283814       729 
   2011HV34    17.04      2.757957      0.138474      0.309897       729 
   2016XJ28    17.04      2.738143      0.090518      0.281124       729 
     608768    17.05      2.726481      0.100489      0.306558       729 
  2008SQ315    17.05      2.776952      0.117737      0.290883       729 
     522567    17.06      2.799708      0.145413      0.299542       729 
     568997    17.06      2.808838      0.106351      0.293337       729 
   2016RZ31    17.06      2.748048      0.100011      0.290442       729 
  2010AL134    17.07      2.760359      0.114623      0.288337       729 
     592738    17.09      2.726277      0.132319      0.301331       729 
   2016UP86    17.09      2.778785      0.105472      0.295589       729 
  2015BU178    17.09      2.784035      0.099668      0.286344       729 
   2013EZ72    17.10      2.805153      0.079338      0.282206       729 
   2011MG10    17.11      2.711633      0.108660      0.300279       729 
     604709    17.12      2.782812      0.126578      0.294282       729 
   2016FY61    17.12      2.796899      0.105852      0.287752       729 
  2006HR113    17.13      2.752335      0.098501      0.293200       729 
     603923    17.14      2.789616      0.122019      0.295984       729 
   2016FL56    17.14      2.791317      0.141689      0.301844       729 
   2017YQ28    17.14      2.720102      0.151260      0.290197       729 
     575129    17.17      2.708751      0.101592      0.304364       729 
   2018XX32    17.17      2.795879      0.097610      0.290631       729 
     554115    17.18      2.710892      0.093204      0.296447       729 
     563444    17.18      2.790114      0.147907      0.299948       729 
   2015KH10    17.18      2.772431      0.095977      0.291619       729 
  2012TR327    17.19      2.719997      0.081653      0.290520       729 
   2013JF31    17.20      2.747109      0.122918      0.298756       729 
   2014TT94    17.20      2.721120      0.129454      0.306998       729 
   2010HU35    17.21      2.771595      0.109488      0.293029       729 
  2005EF338    17.21      2.759764      0.107832      0.299362       729 
  2007BZ108    17.21      2.793353      0.083466      0.282842       729 
  2009SU382    17.21      2.782850      0.110615      0.300438       729 
  2005YL164    17.22      2.783376      0.078107      0.282561       729 
  2010RM199    17.22      2.754550      0.121887      0.298378       729 
   2017TH36    17.23      2.806328      0.129555      0.291957       729 
     606449    17.24      2.747494      0.105703      0.299016       729 
   2010GT61    17.24      2.801210      0.144787      0.292516       729 
  2006BV204    17.24      2.773538      0.092064      0.288289       729 
     562882    17.25      2.755942      0.104348      0.303346       729 
     577036    17.25      2.816436      0.077502      0.279752       729 
   2014WC14    17.25      2.782768      0.148370      0.295628       729 
  2015RN263    17.25      2.811100      0.096078      0.292288       729 
     508177    17.26      2.745208      0.092818      0.299917       729 
   2014PC66    17.26      2.791803      0.137742      0.302765       729 
  2010GA145    17.26      2.785360      0.085516      0.281248       729 
  2014DU171    17.26      2.755732      0.087061      0.285390       729 
     590142    17.27      2.728805      0.108382      0.294252       729 
   2017TJ14    17.27      2.697329      0.102580      0.305665       729 
   2020HN33    17.27      2.791798      0.103559      0.285959       729 
     2006XF    17.28      2.742632      0.112474      0.293919       729 
   2011UU35    17.28      2.731849      0.114250      0.298560       729 
   2012FQ93    17.28      2.690583      0.089137      0.303651       729 
     571416    17.30      2.758032      0.081607      0.283326       729 
     581153    17.30      2.731034      0.112265      0.297107       729 
   2012HM70    17.30      2.685565      0.092692      0.296057       729 
   2014BS68    17.30      2.704417      0.118728      0.306636       729 
   2016SE91    17.30      2.744057      0.128010      0.295823       729 
  2011SL301    17.30      2.734384      0.105971      0.300381       729 
  2012XW162    17.30      2.779627      0.143412      0.293919       729 
     510278    17.31      2.735969      0.094127      0.273471       729 
   2013AP92    17.31      2.736508      0.124513      0.299995       729 
     581178    17.32      2.713029      0.099243      0.297819       729 
   2000JY95    17.33      2.714292      0.092730      0.298686       729 
   2014XR55    17.34      2.726364      0.100607      0.294755       729 
   2007YV57    17.35      2.787245      0.148812      0.298835       729 
     440882    17.37      2.807695      0.098365      0.292844       729 
   2016ES17    17.37      2.770424      0.103026      0.299530       729 
   2016PW68    17.37      2.807045      0.120448      0.296253       729 
  2008SG344    17.37      2.812204      0.120582      0.290783       729 
  2017SO255    17.37      2.786814      0.125429      0.298575       729 
     591651    17.38      2.807893      0.081787      0.282502       729 
    2019PR7    17.38      2.800694      0.121657      0.296324       729 
   2011SA12    17.38      2.800173      0.078073      0.283369       729 
  2012TA336    17.38      2.814198      0.111059      0.295892       729 
  2014QL245    17.38      2.710922      0.118001      0.311237       729 
     604170    17.39      2.757066      0.117192      0.297523       729 
   2007UM67    17.39      2.726518      0.124462      0.299654       729 
   2014LG24    17.39      2.808989      0.144470      0.299359       729 
  2007RK361    17.39      2.799017      0.092374      0.289102       729 
   2018FQ32    17.40      2.723722      0.101399      0.299783       729 
     544174    17.43      2.738427      0.096302      0.291077       729 
  2002TO386    17.43      2.704672      0.110579      0.304789       729 
  2005UZ376    17.43      2.691975      0.089167      0.294955       729 
  2009BJ174    17.43      2.767911      0.110294      0.294037       729 
   2015RH32    17.44      2.733409      0.154152      0.292146       729 
  2007VU152    17.44      2.704404      0.109849      0.303170       729 
  2016AT207    17.45      2.729888      0.083422      0.289811       729 
   2007UE83    17.47      2.781146      0.098488      0.292133       729 
   2016WC63    17.47      2.710821      0.101630      0.293102       729 
   2014TH80    17.48      2.721899      0.124849      0.299422       729 
   2021MJ10    17.48      2.810242      0.137191      0.302712       729 
  2015AN212    17.48      2.719070      0.110894      0.284828       729 
   2014DL30    17.49      2.731564      0.104897      0.287262       729 
   1995WH11    17.50      2.741262      0.123368      0.299207       729 
     526151    17.51      2.713950      0.124115      0.306833       729 
   2021AJ23    17.54      2.687890      0.098942      0.307204       729 
  2014UU167    17.55      2.782480      0.100572      0.286276       729 
   2016ET62    17.57      2.772955      0.105943      0.302612       729 
  2013EE155    17.57      2.719005      0.155330      0.287045       729 
   2012PK46    17.58      2.773279      0.108479      0.297845       729 
     593064    17.59      2.755742      0.139670      0.305167       729 
   2011UD41    17.59      2.741091      0.090751      0.288489       729 
   2014EE90    17.59      2.805096      0.084721      0.281315       729 
  2015DE232    17.59      2.784027      0.098654      0.284922       729 
  2017SS255    17.59      2.731432      0.109598      0.295923       729 
  2009UH181    17.60      2.673454      0.102724      0.299483       729 
  2010UD121    17.60      2.733300      0.117635      0.292018       729 
  2015DC173    17.60      2.756021      0.111379      0.295032       729 
     562705    17.62      2.728560      0.120354      0.297293       729 
     597593    17.62      2.721734      0.093757      0.274352       729 
   2005VA45    17.62      2.739380      0.085123      0.282373       729 
  2005TS147    17.62      2.709338      0.106003      0.300188       729 
  2011QW110    17.62      2.784549      0.081276      0.285213       729 
   2018LT29    17.63      2.813268      0.117178      0.296169       729 
  2012TA166    17.63      2.790202      0.121011      0.297058       729 
   2010DN71    17.64      2.744894      0.144540      0.293316       729 
   2014AF47    17.64      2.707184      0.094454      0.299066       729 
   2014GV30    17.64      2.715299      0.113798      0.287856       729 
   2014SD76    17.64      2.734747      0.095842      0.277192       729 
  2005SG207    17.64      2.757717      0.133317      0.292814       729 
  2013AQ142    17.64      2.754437      0.130677      0.297234       729 
   2017UF53    17.65      2.761007      0.125299      0.299143       729 
   2020RG21    17.65      2.727809      0.102835      0.293729       729 
  2008UU114    17.65      2.722069      0.142208      0.300183       729 
  2014QJ413    17.65      2.788747      0.143915      0.297666       729 
  2015TF227    17.65      2.748231      0.099023      0.297302       729 
  2016PO229    17.65      2.704625      0.117631      0.304450       729 
  2016PR229    17.65      2.807941      0.120209      0.295163       729 
  2016AD144    17.66      2.731859      0.132624      0.301307       729 
     598728    17.67      2.702961      0.138121      0.302036       729 
   2012UF29    17.68      2.735815      0.141555      0.292715       729 
   2012UZ26    17.68      2.725486      0.083328      0.288300       729 
   2020HG52    17.68      2.660858      0.094824      0.304177       729 
  2014QV547    17.68      2.731761      0.085164      0.295301       729 
  2016TY101    17.68      2.767810      0.108117      0.295051       729 
  2017UU152    17.69      2.740394      0.123877      0.298411       729 
  2015XB302    17.70      2.742939      0.086911      0.285686       729 
  2004PU120    17.71      2.813493      0.120023      0.296958       729 
  2015DA270    17.71      2.738222      0.102488      0.291965       729 
   2022GA10    17.72      2.770093      0.107761      0.299414       729 
  2017RR132    17.74      2.780755      0.118092      0.293598       729 
  2017UH125    17.75      2.743733      0.122176      0.294859       729 
   2015EE77    17.77      2.743715      0.128997      0.303057       729 
   2012DG91    17.79      2.759929      0.133213      0.299040       729 
   2012PH58    17.80      2.765075      0.105142      0.298312       729 
  2016GB177    17.80      2.814402      0.101057      0.295453       729 
   2016HS29    17.81      2.741714      0.112491      0.296254       729 
  2011SP160    17.81      2.711922      0.098615      0.300061       729 
    2014QG8    17.82      2.778484      0.079049      0.282630       729 
   2019PF46    17.84      2.729459      0.113543      0.288625       729 
  2006SD272    17.84      2.748551      0.102835      0.294074       729 
   2020MW35    17.85      2.738735      0.136972      0.301340       729 
  2016NA134    17.86      2.774110      0.107717      0.297861       729 
   2018LD12    17.87      2.780683      0.116645      0.292565       729 
  2015OL139    17.87      2.807255      0.092748      0.290337       729 
   2015RF76    17.88      2.688962      0.105592      0.302683       729 
   2021GA64    17.89      2.767070      0.118517      0.290581       729 
   2007GC43    17.90      2.783958      0.118365      0.307411       729 
   2020SG75    17.90      2.733549      0.116599      0.291331       729 
  2010RC200    17.91      2.683979      0.092175      0.297900       729 
  2017FR183    17.92      2.721451      0.086181      0.305182       729 
   2019NN35    17.93      2.726620      0.152119      0.295834       729 
   2015SH53    17.94      2.748800      0.098728      0.295791       729 
   2017OY85    17.94      2.759297      0.135654      0.295739       729 
  2012HS106    17.95      2.762529      0.105076      0.296745       729 
   2021RZ80    17.98      2.767362      0.120535      0.297644       729 
  2016SD112    17.99      2.789309      0.149134      0.294239       729 
  2015FR378    18.02      2.774708      0.146702      0.299273       729 
  2005VX151    18.03      2.760563      0.121698      0.299939       729 
  2015DT303    18.04      2.718052      0.133035      0.300339       729 
  2014OU462    18.05      2.709014      0.097587      0.298046       729 
  2020HQ133    18.06      2.718950      0.087969      0.302281       729 
   2018LJ35    18.07      2.788992      0.120408      0.297513       729 
  2019SX155    18.08      2.798638      0.120604      0.291277       729 
   2020MS32    18.10      2.768522      0.114429      0.287980       729 
  2015TE185    18.12      2.722051      0.092751      0.296750       729 
  2020HD131    18.13      2.730383      0.132534      0.301269       729 
   2013HG30    18.14      2.802377      0.122673      0.297391       729 
   2005RF36    18.15      2.782792      0.113039      0.297872       729 
  2015TV460    18.15      2.745897      0.138806      0.298246       729 
   2015MV51    18.16      2.716094      0.094172      0.274721       729 
  2005NR114    18.16      2.806333      0.119798      0.296507       729 
   2012SQ32    18.18      2.744364      0.142348      0.291457       729 
   2019RE67    18.18      2.713886      0.116573      0.296893       729 
   2019JQ94    18.19      2.707578      0.098517      0.299364       729 
  2015HD229    18.19      2.713660      0.090213      0.274915       729 
   2019VM23    18.21      2.782520      0.120246      0.297775       729 
  2014OF371    18.25      2.750940      0.090691      0.282196       729 
   2020HY31    18.33      2.719023      0.084362      0.292579       729 
  2009SF417    18.39      2.744380      0.143105      0.291582       729 
  2013AR148    18.41      2.713644      0.107872      0.303587       729 
  2017UM179    18.47      2.761398      0.102240      0.291422       729 
   2021QU73    18.51      2.780677      0.118931      0.307223       729 
