       7353    12.31      2.568482      0.142986      0.252666      7353 
      93988    13.49      2.567200      0.150820      0.254752      7353 
      53879    13.96      2.568001      0.143240      0.252866      7353 
      90703    14.22      2.565600      0.148241      0.255932      7353 
      72435    14.42      2.568984      0.148484      0.254412      7353 
     133371    14.74      2.568287      0.144105      0.253105      7353 
      98713    14.80      2.568016      0.143174      0.252742      7353 
     143335    15.10      2.567792      0.143176      0.252848      7353 
     109277    15.13      2.563933      0.143688      0.253936      7353 
      62549    15.32      2.567861      0.143238      0.252824      7353 
     295626    15.46      2.567271      0.143360      0.252920      7353 
     186239    15.63      2.567195      0.143328      0.252952      7353 
     195587    15.64      2.574611      0.143909      0.252834      7353 
     303078    15.68      2.567352      0.143616      0.252859      7353 
     268976    15.78      2.568054      0.143328      0.252733      7353 
      90623    15.82      2.568137      0.143387      0.252737      7353 
     193406    15.84      2.567281      0.143327      0.252931      7353 
     167193    15.99      2.568625      0.143479      0.252772      7353 
     232758    16.05      2.568031      0.142985      0.252684      7353 
     193215    16.09      2.568464      0.143120      0.252709      7353 
     210202    16.09      2.566591      0.143679      0.252954      7353 
     215514    16.11      2.566654      0.143840      0.252996      7353 
     245993    16.17      2.566641      0.143460      0.253014      7353 
     342942    16.20      2.571209      0.145335      0.254198      7353 
     415354    16.21      2.567349      0.148246      0.254836      7353 
     400835    16.29      2.568882      0.143423      0.252815      7353 
     438806    16.46      2.566846      0.143573      0.253044      7353 
     275395    16.47      2.570408      0.151373      0.255452      7353 
     342425    16.49      2.569297      0.143365      0.252855      7353 
     280094    16.61      2.565063      0.144145      0.253018      7353 
     542868    16.62      2.566940      0.143281      0.252958      7353 
  2003WH159    16.64      2.566182      0.143997      0.253035      7353 
     352293    16.67      2.565738      0.144338      0.253199      7353 
     348313    16.68      2.568477      0.143498      0.252561      7353 
     430238    16.69      2.566321      0.143942      0.252984      7353 
     413906    16.72      2.567941      0.143590      0.252773      7353 
     541003    16.72      2.569066      0.143239      0.252489      7353 
     291874    16.74      2.566512      0.143366      0.252958      7353 
     505695    16.75      2.566185      0.143842      0.253004      7353 
     333015    16.76      2.568849      0.143235      0.252645      7353 
     499757    16.77      2.567788      0.142647      0.252541      7353 
     370096    16.82      2.566311      0.143313      0.253049      7353 
     578169    16.82      2.567272      0.142545      0.252605      7353 
     603876    16.83      2.569245      0.143601      0.252805      7353 
     396742    16.84      2.565474      0.144166      0.253173      7353 
     317082    16.86      2.570085      0.146556      0.253843      7353 
     461382    16.86      2.568737      0.143466      0.252829      7353 
     468691    16.86      2.566672      0.148540      0.255107      7353 
   2014DG69    16.86      2.566121      0.143530      0.252976      7353 
     432839    16.91      2.569771      0.146923      0.253820      7353 
     363373    16.92      2.565102      0.144180      0.253214      7353 
     562923    16.92      2.568096      0.143464      0.252727      7353 
     565059    16.94      2.568428      0.146854      0.254724      7353 
     294019    16.95      2.568600      0.143166      0.252682      7353 
     431039    16.95      2.569199      0.148385      0.254186      7353 
     566589    16.96      2.566886      0.143156      0.252881      7353 
   2015YC16    16.99      2.572899      0.150510      0.254500      7353 
     502234    17.00      2.565905      0.143841      0.253022      7353 
    2006EL6    17.00      2.569868      0.143735      0.252814      7353 
     404017    17.09      2.568506      0.143372      0.252655      7353 
     534924    17.11      2.566411      0.143439      0.252999      7353 
   2015HW60    17.12      2.569639      0.144196      0.253102      7353 
    2016SY3    17.16      2.569110      0.143256      0.252532      7353 
     561601    17.18      2.565747      0.144194      0.253125      7353 
   2016QA91    17.18      2.566695      0.143425      0.253033      7353 
     364246    17.20      2.565224      0.144241      0.253199      7353 
     602966    17.20      2.569208      0.143078      0.252555      7353 
   2014EX32    17.20      2.565552      0.144170      0.253183      7353 
  2001QS209    17.20      2.569234      0.143437      0.252781      7353 
   2012YA13    17.23      2.566163      0.143570      0.253027      7353 
   2019CU10    17.24      2.568586      0.143480      0.252523      7353 
   2014YX12    17.26      2.568530      0.143431      0.252597      7353 
     503839    17.28      2.569793      0.144318      0.253082      7353 
     369570    17.30      2.565657      0.144099      0.253069      7353 
     530243    17.30      2.569034      0.143452      0.252537      7353 
  2014HL205    17.33      2.570924      0.145868      0.253334      7353 
   2015HV50    17.35      2.565957      0.143922      0.253127      7353 
   2016QD24    17.36      2.569063      0.143137      0.252514      7353 
     478649    17.38      2.565414      0.143930      0.253005      7353 
   2014TV94    17.38      2.568713      0.143410      0.252686      7353 
  2018VS109    17.39      2.568757      0.152302      0.255655      7353 
     441123    17.40      2.566032      0.143391      0.253009      7353 
   2009KW40    17.40      2.564560      0.143790      0.252856      7353 
  2006SF271    17.41      2.566879      0.142678      0.252523      7353 
  2002RA282    17.43      2.565582      0.143606      0.252994      7353 
  2003UH119    17.43      2.569198      0.143202      0.252618      7353 
   2015LN42    17.46      2.570144      0.151476      0.255274      7353 
  2016CR353    17.46      2.567575      0.142739      0.252621      7353 
     562368    17.47      2.566336      0.143546      0.252982      7353 
     374966    17.48      2.562203      0.142915      0.254058      7353 
     430878    17.48      2.565969      0.143654      0.253091      7353 
     615944    17.49      2.564780      0.143930      0.253001      7353 
   2016WS67    17.49      2.568990      0.143306      0.252581      7353 
   2015OR91    17.50      2.565142      0.144218      0.253139      7353 
   2019QJ15    17.50      2.568222      0.143565      0.252622      7353 
  2001UN171    17.51      2.567693      0.143514      0.252868      7353 
  2013TK136    17.51      2.569099      0.143264      0.252447      7353 
   2007GS71    17.52      2.565041      0.144328      0.253086      7353 
     547364    17.53      2.569949      0.143949      0.252853      7353 
  2015XB308    17.56      2.564496      0.144209      0.253125      7353 
     471958    17.59      2.565613      0.143882      0.253138      7353 
     478677    17.59      2.569435      0.149421      0.254368      7353 
     562362    17.59      2.564445      0.143951      0.253094      7353 
     603365    17.59      2.568949      0.143586      0.252913      7353 
   2012RZ26    17.59      2.565775      0.143798      0.253057      7353 
   2006OJ39    17.60      2.569574      0.144175      0.252628      7353 
     571259    17.61      2.566570      0.143372      0.252975      7353 
   2019OP18    17.62      2.569548      0.146757      0.253968      7353 
  2012XN172    17.63      2.569277      0.143227      0.252547      7353 
  2015MT129    17.63      2.569597      0.144321      0.252827      7353 
  2008UO310    17.64      2.569979      0.143667      0.252636      7353 
  2008GW158    17.66      2.566364      0.143318      0.253046      7353 
     512319    17.68      2.569737      0.147786      0.253761      7353 
    2011MG4    17.68      2.570773      0.145836      0.253411      7353 
     486226    17.70      2.568716      0.143348      0.252637      7353 
   2014ME79    17.70      2.571369      0.152498      0.255613      7353 
   2015OJ82    17.70      2.571211      0.152032      0.255308      7353 
  2008TW139    17.70      2.565248      0.142838      0.252860      7353 
   2019AF54    17.71      2.563855      0.143779      0.252884      7353 
  2015FN415    17.72      2.564893      0.144270      0.253176      7353 
     594161    17.73      2.570250      0.144451      0.253085      7353 
   2003TO50    17.73      2.569886      0.147626      0.253919      7353 
     558872    17.74      2.566891      0.142982      0.252863      7353 
     563117    17.75      2.566778      0.143742      0.252879      7353 
   2020HK32    17.76      2.570936      0.152229      0.255503      7353 
  2015FY185    17.76      2.563835      0.143737      0.252969      7353 
  2019GT127    17.77      2.565140      0.143512      0.253061      7353 
     529988    17.78      2.564828      0.143603      0.253095      7353 
     606444    17.78      2.569968      0.146993      0.253572      7353 
   2015LD42    17.78      2.568790      0.143416      0.252582      7353 
  2015XG155    17.80      2.569553      0.143841      0.252818      7353 
   2016AN88    17.81      2.564248      0.143678      0.252921      7353 
     526043    17.82      2.564742      0.144092      0.253036      7353 
  2016QX109    17.83      2.570614      0.147995      0.254256      7353 
  2017RD139    17.83      2.565294      0.144437      0.253185      7353 
     456270    17.84      2.564672      0.144341      0.253150      7353 
     532453    17.84      2.568538      0.143121      0.252770      7353 
    2018WX7    17.84      2.568752      0.143325      0.252638      7353 
   2005NO44    17.84      2.569484      0.147083      0.253995      7353 
   2009RO83    17.84      2.566397      0.142775      0.252880      7353 
  2006VG126    17.84      2.564778      0.143795      0.253092      7353 
  2011UB137    17.85      2.571061      0.150426      0.254807      7353 
    2016NA6    17.87      2.569698      0.145373      0.253259      7353 
  2016NF113    17.87      2.571277      0.144808      0.253206      7353 
     574909    17.88      2.568405      0.143297      0.252693      7353 
  2014HO139    17.88      2.565397      0.143875      0.253161      7353 
   2010DU39    17.89      2.571688      0.145025      0.253251      7353 
   2011YF52    17.89      2.564308      0.143981      0.253097      7353 
   2013EH76    17.89      2.566649      0.143516      0.252802      7353 
   2015FP54    17.89      2.564548      0.144012      0.253117      7353 
     570786    17.92      2.564349      0.144101      0.253095      7353 
   2015DF92    17.92      2.567651      0.142745      0.252832      7353 
   2017UF54    17.92      2.565405      0.143764      0.253086      7353 
  2010RZ198    17.92      2.565055      0.144010      0.253165      7353 
  2015TH230    17.92      2.569580      0.147259      0.253812      7353 
    2015AQ6    17.93      2.567733      0.143505      0.252793      7353 
  2016CN343    17.96      2.577069      0.143425      0.252183      7353 
   2015NG11    17.97      2.571877      0.151378      0.255199      7353 
   2016QE52    17.98      2.565976      0.142669      0.252831      7353 
   2018RH36    17.98      2.568355      0.143614      0.252823      7353 
  2015DZ234    17.98      2.567027      0.144250      0.253251      7353 
   2021HP26    17.99      2.571174      0.150977      0.255132      7353 
   2007VZ59    18.00      2.565421      0.142671      0.252832      7353 
  2015DN173    18.02      2.565252      0.143761      0.252978      7353 
  2016GR281    18.02      2.569505      0.143960      0.252779      7353 
  2003YX188    18.03      2.569484      0.143530      0.252586      7353 
   2015OR57    18.04      2.567311      0.143835      0.253089      7353 
   2019QF25    18.04      2.569799      0.146778      0.253830      7353 
   2018XK11    18.05      2.568955      0.143532      0.252520      7353 
  2012TT141    18.05      2.569501      0.152133      0.255619      7353 
  2014OE291    18.05      2.568071      0.143457      0.252729      7353 
  2016GK270    18.05      2.570571      0.144377      0.252750      7353 
   2015BS87    18.06      2.563932      0.143420      0.252754      7353 
   2005NT65    18.07      2.570948      0.146229      0.253523      7353 
  2015PN207    18.08      2.571920      0.151901      0.255377      7353 
  2015XP119    18.08      2.564877      0.143825      0.252970      7353 
   2012KF61    18.09      2.570731      0.145748      0.253398      7353 
  2015MQ158    18.09      2.570176      0.144035      0.252741      7353 
  2015TL166    18.10      2.565255      0.142646      0.252776      7353 
  2016EC307    18.10      2.565665      0.143774      0.253018      7353 
   2017SS74    18.11      2.572405      0.150588      0.255079      7353 
  2011WQ168    18.12      2.569571      0.143859      0.252760      7353 
   2016LU66    18.13      2.571111      0.150469      0.254887      7353 
  2015FK129    18.14      2.571768      0.147258      0.253696      7353 
  2016PZ168    18.16      2.565504      0.144208      0.253114      7353 
  2013AR145    18.17      2.564358      0.143825      0.252908      7353 
  2017UN102    18.17      2.568415      0.142984      0.252644      7353 
  2005TT221    18.18      2.568552      0.148021      0.254461      7353 
  2014QB507    18.18      2.569943      0.146499      0.253775      7353 
     541653    18.19      2.565411      0.143326      0.252967      7353 
    2016SP5    18.21      2.568953      0.143449      0.252704      7353 
   2015SC36    18.22      2.569255      0.146721      0.253741      7353 
  2015DN106    18.23      2.570051      0.148400      0.254576      7353 
  2020HU130    18.24      2.569563      0.144882      0.253236      7353 
   2016RT64    18.25      2.565322      0.143889      0.253025      7353 
   2017WS23    18.25      2.565223      0.142820      0.252883      7353 
   2015LK59    18.26      2.563005      0.143259      0.252933      7353 
   2016WN69    18.27      2.568234      0.142449      0.252694      7353 
   2011FN99    18.28      2.568882      0.145448      0.253588      7353 
  2017QC131    18.29      2.565430      0.142492      0.252572      7353 
   2013WE22    18.31      2.567111      0.149193      0.254635      7353 
   2015YR37    18.32      2.563899      0.143868      0.252993      7353 
  2007TU173    18.32      2.566727      0.142804      0.252861      7353 
  2016AH281    18.32      2.571775      0.146143      0.253522      7353 
   2012GG45    18.33      2.565840      0.143388      0.252990      7353 
   2016NS83    18.33      2.569899      0.144597      0.253200      7353 
  2014WN465    18.33      2.564354      0.143865      0.252938      7353 
  2015XJ159    18.33      2.564052      0.143500      0.252948      7353 
     557139    18.36      2.572512      0.149529      0.254854      7353 
   2017HG80    18.36      2.565947      0.143150      0.252856      7353 
  2014JB134    18.36      2.572436      0.151237      0.255101      7353 
  2014KT115    18.36      2.568746      0.143991      0.252805      7353 
    2018LW7    18.37      2.570470      0.151014      0.255019      7353 
  2012BV156    18.37      2.571296      0.146278      0.253673      7353 
  2014HO282    18.37      2.563353      0.143322      0.252771      7353 
  2015RG292    18.37      2.565362      0.143813      0.253083      7353 
     530229    18.38      2.564053      0.143016      0.252855      7353 
   2016NS77    18.38      2.568288      0.144199      0.253071      7353 
   2015TA91    18.39      2.566345      0.142614      0.252568      7353 
  2008SL351    18.39      2.565367      0.143449      0.252951      7353 
  2015AA297    18.40      2.563916      0.143704      0.252928      7353 
   2015RV31    18.41      2.568843      0.142849      0.252896      7353 
  2011SJ258    18.41      2.569763      0.144276      0.252770      7353 
  2015DZ299    18.41      2.564591      0.144111      0.253008      7353 
  2015RC355    18.42      2.571670      0.145975      0.253286      7353 
   2005BX31    18.43      2.568961      0.143159      0.252539      7353 
   2016LN95    18.43      2.571069      0.146109      0.253403      7353 
  2015HE243    18.43      2.565310      0.143156      0.253008      7353 
   2008UH21    18.44      2.566534      0.144466      0.253065      7353 
  2008UW162    18.46      2.567991      0.143348      0.252799      7353 
  2015VT160    18.46      2.564984      0.144022      0.253086      7353 
  2006TD137    18.48      2.565764      0.142843      0.252919      7353 
   2007RP25    18.49      2.567276      0.142884      0.252383      7353 
   2016LZ77    18.49      2.570458      0.145330      0.253177      7353 
   2015AO48    18.51      2.564805      0.143782      0.253094      7353 
  2004FW171    18.52      2.563390      0.143822      0.252968      7353 
  2016AN334    18.52      2.570063      0.149361      0.254256      7353 
    2014UN5    18.54      2.566558      0.142966      0.252555      7353 
  2014WG159    18.55      2.566876      0.142805      0.252668      7353 
  2016PK231    18.55      2.570419      0.151535      0.255264      7353 
  2016TY142    18.55      2.568415      0.143589      0.252812      7353 
  2011UG338    18.57      2.565992      0.143587      0.253080      7353 
   2017WJ37    18.58      2.564583      0.143831      0.252973      7353 
  2014KM119    18.58      2.571823      0.146036      0.253323      7353 
  2016UB258    18.61      2.567309      0.142527      0.252466      7353 
   2014UW40    18.62      2.571079      0.146295      0.253698      7353 
   2020JY14    18.62      2.565866      0.143887      0.253258      7353 
   2020TZ59    18.62      2.568707      0.144369      0.253092      7353 
  2017RS127    18.64      2.570209      0.150379      0.254904      7353 
  2017SR157    18.66      2.567610      0.143478      0.252939      7353 
   2020WN11    18.67      2.564906      0.142889      0.252924      7353 
  2015VH184    18.67      2.563130      0.143446      0.253044      7353 
  2013WE140    18.68      2.565830      0.151411      0.255429      7353 
  2015TX120    18.68      2.565827      0.142682      0.252630      7353 
   2012UZ91    18.70      2.564244      0.142891      0.252919      7353 
   2017TZ42    18.70      2.564711      0.142864      0.253003      7353 
  2012TN386    18.70      2.563248      0.142854      0.252818      7353 
  2017SJ293    18.70      2.564521      0.142717      0.252709      7353 
  2015RQ360    18.74      2.572248      0.145412      0.253047      7353 
  2015BP458    18.76      2.568012      0.147923      0.254148      7353 
  2016TU147    18.76      2.568252      0.143193      0.252648      7353 
    2018KW9    18.79      2.562835      0.143210      0.252932      7353 
  2017OW122    18.81      2.568924      0.143507      0.252763      7353 
  2017SW304    18.84      2.572549      0.144753      0.252912      7353 
   2021TT55    18.93      2.565043      0.143025      0.252955      7353 
  2014JS122    18.94      2.571348      0.150388      0.255059      7353 
   2015XF79    18.96      2.567207      0.142561      0.252539      7353 
  2015TM408    19.02      2.567013      0.142695      0.252952      7353 
  2015HF241    19.09      2.564250      0.142517      0.252736      7353 
  2021PA136    19.12      2.571494      0.150256      0.254923      7353 
  2017SF124    19.45      2.569517      0.147095      0.253877      7353 
  2017SX285    19.63      2.574449      0.147352      0.254080      7353 
