        752    10.33      2.463186      0.091039      0.087933       752 
       3453    12.28      2.387069      0.091881      0.091622       752 
       1800    12.83      2.357270      0.094833      0.088961       752 
       1923    13.60      2.435182      0.083151      0.088541       752 
       8305    13.74      2.414291      0.082829      0.085929       752 
       9476    13.94      2.453252      0.089815      0.087062       752 
       6806    14.00      2.454845      0.090772      0.087942       752 
      26807    14.00      2.473126      0.091586      0.087537       752 
      50239    14.01      2.475300      0.092840      0.088272       752 
      10613    14.03      2.403360      0.082383      0.088650       752 
      11031    14.09      2.409117      0.080308      0.088910       752 
      24726    14.10      2.454092      0.090403      0.086405       752 
      12421    14.11      2.450574      0.088589      0.086421       752 
      56131    14.17      2.368426      0.092888      0.091152       752 
      19450    14.18      2.392450      0.092572      0.085196       752 
      13509    14.26      2.476647      0.090838      0.086624       752 
      53537    14.33      2.449604      0.092750      0.086752       752 
      33943    14.34      2.449979      0.090010      0.086862       752 
      25036    14.45      2.476977      0.091804      0.087453       752 
      42411    14.57      2.467165      0.090879      0.088373       752 
      44796    14.61      2.393316      0.090311      0.087758       752 
      12072    14.64      2.452003      0.091901      0.088867       752 
      34890    14.68      2.466821      0.092717      0.088035       752 
      24322    14.71      2.423641      0.088423      0.084958       752 
      40018    14.75      2.385168      0.095083      0.095728       752 
      61991    14.76      2.452159      0.091146      0.088091       752 
      33974    14.77      2.447699      0.092729      0.088422       752 
      34991    14.78      2.486308      0.091535      0.089224       752 
      26394    14.79      2.450327      0.090588      0.088150       752 
      70528    14.79      2.405038      0.088669      0.092535       752 
      67586    14.80      2.447693      0.089831      0.087057       752 
      27373    14.82      2.374178      0.092313      0.093671       752 
     101565    14.84      2.444725      0.091776      0.089046       752 
      41876    14.86      2.389308      0.087267      0.090899       752 
      45788    14.87      2.379567      0.094977      0.093174       752 
      58649    14.87      2.453374      0.090767      0.086722       752 
      43373    14.90      2.466304      0.089414      0.087405       752 
      39955    14.94      2.439217      0.086360      0.085665       752 
      44578    14.98      2.444444      0.085460      0.089599       752 
      10979    15.01      2.456959      0.090302      0.087919       752 
      32051    15.04      2.445480      0.088437      0.087960       752 
      59065    15.04      2.445708      0.091421      0.087514       752 
      57442    15.10      2.445863      0.085342      0.088177       752 
     102022    15.14      2.442084      0.087132      0.087266       752 
     122871    15.21      2.440970      0.091538      0.089710       752 
      61514    15.24      2.436685      0.085775      0.086609       752 
      77278    15.24      2.448355      0.091145      0.088698       752 
      16094    15.33      2.445806      0.085129      0.087341       752 
      66421    15.34      2.436479      0.091753      0.091236       752 
      53103    15.46      2.442861      0.084556      0.087140       752 
      16090    15.48      2.441797      0.089173      0.085985       752 
     165419    15.57      2.430837      0.090427      0.087406       752 
      60852    15.58      2.483062      0.090717      0.088936       752 
      49777    15.59      2.355871      0.095441      0.089974       752 
     125547    15.59      2.477815      0.088684      0.086347       752 
      65918    15.61      2.440095      0.089503      0.089046       752 
      77018    15.62      2.442569      0.086615      0.086499       752 
     124868    15.62      2.406141      0.080087      0.089618       752 
     108631    15.63      2.445040      0.091180      0.086855       752 
     150927    15.64      2.442463      0.090117      0.087651       752 
      49077    15.66      2.365513      0.093729      0.088667       752 
      34923    15.67      2.442501      0.089837      0.086569       752 
      57473    15.67      2.438736      0.087879      0.088321       752 
      98391    15.68      2.436245      0.084122      0.087117       752 
     109019    15.68      2.474920      0.089927      0.089040       752 
      79610    15.71      2.446221      0.090707      0.087781       752 
      72169    15.73      2.458497      0.091003      0.087387       752 
     115498    15.73      2.387502      0.089404      0.085846       752 
      64578    15.74      2.433873      0.088606      0.087260       752 
     109147    15.75      2.440815      0.088492      0.089509       752 
     113003    15.75      2.436697      0.087772      0.088217       752 
      44773    15.78      2.425991      0.089132      0.086695       752 
      64374    15.78      2.437683      0.090199      0.087602       752 
      77083    15.78      2.447455      0.090225      0.088758       752 
      96690    15.79      2.439574      0.090728      0.088205       752 
      68719    15.80      2.467585      0.087858      0.085320       752 
     180505    15.83      2.414007      0.088871      0.086138       752 
      80717    15.84      2.370539      0.091595      0.093774       752 
     114308    15.84      2.439335      0.086825      0.085445       752 
      84536    15.85      2.443565      0.088937      0.086838       752 
      61805    15.87      2.443479      0.085843      0.084961       752 
      61772    15.88      2.442079      0.086012      0.086318       752 
     122433    15.89      2.463000      0.091011      0.086472       752 
      81123    15.90      2.402147      0.084993      0.090705       752 
      84211    15.90      2.418512      0.092460      0.088709       752 
      78394    15.92      2.443770      0.087676      0.089483       752 
     147241    15.92      2.449022      0.091013      0.088262       752 
      63780    15.94      2.453097      0.091767      0.088385       752 
     230290    15.94      2.457925      0.089102      0.086366       752 
      69679    15.95      2.445573      0.088269      0.086461       752 
     127812    15.95      2.481236      0.089753      0.086578       752 
     125758    15.97      2.470334      0.091246      0.088577       752 
     130615    15.97      2.401325      0.091717      0.088523       752 
     134991    15.98      2.444142      0.086622      0.088948       752 
     154480    15.98      2.441104      0.090060      0.086479       752 
     244244    15.99      2.483551      0.089864      0.086704       752 
     132381    16.00      2.397704      0.091264      0.087744       752 
     151075    16.01      2.442864      0.086226      0.086355       752 
     149396    16.03      2.440239      0.087127      0.084579       752 
     164286    16.06      2.455197      0.091366      0.088493       752 
     164305    16.06      2.429745      0.088942      0.089157       752 
     155162    16.12      2.430242      0.090906      0.087535       752 
     142297    16.13      2.439610      0.086846      0.087297       752 
     302906    16.13      2.484212      0.089797      0.087524       752 
     163275    16.15      2.442083      0.085956      0.087855       752 
     117982    16.17      2.420688      0.087910      0.088486       752 
     145105    16.17      2.456988      0.091573      0.088511       752 
     136971    16.18      2.437703      0.083699      0.086190       752 
     153651    16.18      2.422921      0.087225      0.089394       752 
     203141    16.18      2.434904      0.087966      0.086728       752 
     155275    16.20      2.445035      0.089785      0.088279       752 
     174907    16.21      2.443940      0.085814      0.086393       752 
     121117    16.22      2.437128      0.086910      0.086685       752 
      77277    16.23      2.471583      0.091323      0.087602       752 
     147777    16.24      2.457043      0.091621      0.087118       752 
     113374    16.25      2.418356      0.089663      0.088275       752 
     194825    16.25      2.453264      0.089226      0.086649       752 
     228483    16.28      2.431389      0.087897      0.089881       752 
     134063    16.29      2.450330      0.090271      0.086916       752 
     108820    16.30      2.418476      0.087365      0.088530       752 
     170468    16.30      2.440044      0.081764      0.088669       752 
     183400    16.30      2.441263      0.091266      0.087822       752 
     201005    16.30      2.431969      0.085642      0.085857       752 
     116717    16.31      2.459877      0.092684      0.086790       752 
     148658    16.31      2.429035      0.087729      0.089070       752 
     158692    16.32      2.426533      0.087657      0.088427       752 
     225803    16.32      2.420444      0.091766      0.088661       752 
     122109    16.33      2.433907      0.087883      0.086180       752 
     150771    16.33      2.390582      0.087464      0.093317       752 
     170386    16.34      2.407033      0.088167      0.093221       752 
     175847    16.34      2.374070      0.090427      0.091296       752 
     129617    16.35      2.485994      0.090459      0.088037       752 
     152572    16.37      2.431433      0.086236      0.089349       752 
     131887    16.41      2.425852      0.092712      0.088561       752 
     173623    16.41      2.380870      0.095920      0.093531       752 
     211598    16.41      2.422396      0.091120      0.090560       752 
     152655    16.42      2.428229      0.089137      0.088605       752 
     154415    16.43      2.423708      0.088645      0.088723       752 
     244097    16.43      2.429005      0.085298      0.086305       752 
     141866    16.44      2.432112      0.087862      0.087047       752 
     149888    16.44      2.384135      0.087846      0.091852       752 
     186536    16.44      2.427239      0.091212      0.089583       752 
     240803    16.44      2.435977      0.085585      0.086053       752 
     217565    16.45      2.437374      0.088363      0.085924       752 
     157165    16.46      2.439892      0.084950      0.087662       752 
     185217    16.46      2.421418      0.092302      0.090271       752 
     183980    16.47      2.449653      0.093035      0.085668       752 
     122823    16.48      2.445588      0.089913      0.089302       752 
     175839    16.48      2.422916      0.085439      0.086478       752 
     149377    16.51      2.441289      0.089429      0.088199       752 
     209605    16.51      2.450242      0.092559      0.086692       752 
     234401    16.53      2.376974      0.091064      0.091468       752 
     244051    16.53      2.412673      0.086921      0.087235       752 
     162755    16.55      2.420731      0.091053      0.085178       752 
     186492    16.55      2.391913      0.094484      0.092383       752 
     248188    16.55      2.448845      0.089370      0.086318       752 
     266217    16.55      2.431636      0.086323      0.090647       752 
     255860    16.56      2.424099      0.089812      0.089891       752 
     206328    16.57      2.459913      0.090420      0.088670       752 
     270236    16.57      2.443801      0.092155      0.089723       752 
     115363    16.58      2.413269      0.085303      0.089863       752 
     165535    16.58      2.479115      0.089946      0.085675       752 
     250453    16.58      2.423455      0.089272      0.088330       752 
     207134    16.59      2.425797      0.085328      0.088081       752 
     161593    16.60      2.421522      0.085483      0.088034       752 
     230195    16.62      2.416370      0.087355      0.089735       752 
     132075    16.63      2.418481      0.089876      0.088148       752 
     172834    16.63      2.422414      0.087547      0.087828       752 
     269507    16.63      2.407862      0.087783      0.092393       752 
     154753    16.64      2.427834      0.087979      0.086343       752 
     179937    16.64      2.446106      0.091946      0.087410       752 
     183214    16.64      2.435213      0.086826      0.086642       752 
     222459    16.66      2.431053      0.085009      0.086948       752 
     303465    16.66      2.421388      0.091876      0.088751       752 
     236147    16.69      2.422318      0.087480      0.087850       752 
     218990    16.73      2.441265      0.092958      0.090441       752 
     255633    16.73      2.426657      0.091337      0.089533       752 
     291699    16.74      2.408150      0.087661      0.091099       752 
     178863    16.77      2.425729      0.084662      0.087275       752 
     194887    16.78      2.389737      0.087845      0.092390       752 
     228541    16.80      2.434799      0.086889      0.089303       752 
     246097    16.80      2.397811      0.086288      0.085912       752 
     255886    16.80      2.435552      0.086411      0.087273       752 
     286628    16.80      2.422088      0.088576      0.088201       752 
     344895    16.80      2.409639      0.090629      0.086135       752 
     277319    16.81      2.375320      0.092340      0.092943       752 
     211167    16.82      2.381769      0.088424      0.089672       752 
     308161    16.83      2.400752      0.089359      0.090313       752 
     260476    16.84      2.369917      0.091623      0.093341       752 
     236355    16.85      2.418465      0.093637      0.090055       752 
     295535    16.85      2.428495      0.085551      0.087359       752 
     187518    16.87      2.420526      0.087421      0.087053       752 
     179810    16.88      2.428732      0.091563      0.089398       752 
     230826    16.88      2.416715      0.090558      0.088829       752 
     310926    16.88      2.425839      0.092475      0.089839       752 
     272419    16.89      2.378376      0.089138      0.090319       752 
     289284    16.90      2.380699      0.092091      0.090479       752 
     301177    16.90      2.394252      0.094154      0.091190       752 
     246155    16.91      2.373206      0.089770      0.093237       752 
     432823    16.91      2.465896      0.089916      0.086942       752 
     170472    16.92      2.403235      0.082391      0.087212       752 
     213888    16.92      2.422926      0.085812      0.087396       752 
     255805    16.92      2.452933      0.091773      0.087483       752 
     203927    16.94      2.435089      0.089600      0.089260       752 
     231496    16.94      2.415110      0.083771      0.087205       752 
     242253    16.94      2.439008      0.090870      0.088792       752 
     253145    16.94      2.439715      0.082145      0.087544       752 
     239071    16.95      2.422385      0.089398      0.086917       752 
     249018    16.95      2.405901      0.090788      0.086641       752 
     347561    16.95      2.431104      0.088445      0.087841       752 
     297901    16.96      2.367124      0.091389      0.093414       752 
     158269    16.97      2.423107      0.091458      0.087700       752 
     222480    16.97      2.435937      0.087952      0.088039       752 
     333734    16.97      2.429616      0.093061      0.090354       752 
     262264    16.98      2.421350      0.086130      0.087619       752 
     399021    16.98      2.431029      0.086780      0.089223       752 
     412513    16.98      2.422507      0.087798      0.086628       752 
   2009SL96    16.98      2.446375      0.083740      0.087872       752 
     238493    16.99      2.447538      0.089542      0.088024       752 
     301150    16.99      2.428446      0.085093      0.086682       752 
     346483    16.99      2.453719      0.086482      0.086219       752 
     209123    17.00      2.463526      0.087644      0.085784       752 
     269060    17.00      2.387708      0.092448      0.091864       752 
     360590    17.00      2.442793      0.091585      0.087983       752 
     434025    17.00      2.415888      0.083898      0.085883       752 
     233334    17.01      2.408990      0.089817      0.085768       752 
     275688    17.01      2.416825      0.089348      0.087853       752 
     247085    17.02      2.415076      0.089916      0.086529       752 
     249014    17.02      2.440678      0.087493      0.088605       752 
     501996    17.02      2.403685      0.084260      0.090976       752 
     198038    17.03      2.411612      0.086423      0.088818       752 
     262631    17.03      2.399855      0.084033      0.091282       752 
     207992    17.05      2.409731      0.084543      0.087688       752 
     263724    17.05      2.443725      0.087961      0.088047       752 
     255697    17.06      2.411224      0.089570      0.087785       752 
     436877    17.06      2.427669      0.087554      0.086257       752 
     224880    17.07      2.425936      0.087816      0.087644       752 
     293358    17.07      2.459821      0.086575      0.086426       752 
     320215    17.07      2.405352      0.088266      0.094422       752 
     346435    17.07      2.409199      0.088633      0.085988       752 
     249417    17.09      2.413867      0.085493      0.087161       752 
     265308    17.09      2.438842      0.090985      0.086090       752 
     301181    17.09      2.422026      0.087876      0.088834       752 
     375229    17.09      2.410438      0.087615      0.088126       752 
     394909    17.09      2.420481      0.087162      0.088806       752 
     312156    17.10      2.424236      0.087825      0.088607       752 
     260453    17.11      2.424337      0.090754      0.091672       752 
     262642    17.11      2.431336      0.088179      0.087892       752 
     406581    17.11      2.414069      0.094193      0.090202       752 
     177313    17.12      2.374736      0.094833      0.093932       752 
     227160    17.12      2.381980      0.093954      0.095183       752 
     242455    17.12      2.399935      0.087798      0.087036       752 
     251575    17.12      2.408297      0.086458      0.087011       752 
     288482    17.12      2.437595      0.091760      0.089933       752 
     483120    17.12      2.415842      0.090026      0.086020       752 
     181418    17.13      2.402854      0.082086      0.086888       752 
     291417    17.15      2.429477      0.088090      0.085287       752 
     335754    17.15      2.444410      0.090903      0.085209       752 
     221048    17.17      2.408325      0.080356      0.089484       752 
     274902    17.18      2.465889      0.091990      0.087607       752 
     238914    17.20      2.466167      0.089487      0.086761       752 
     272396    17.20      2.395793      0.090934      0.086833       752 
     310899    17.20      2.408841      0.088277      0.089327       752 
     325987    17.20      2.419930      0.092402      0.088465       752 
     222483    17.21      2.443099      0.082570      0.087840       752 
     245644    17.21      2.402284      0.090774      0.087751       752 
     300568    17.21      2.421381      0.087508      0.088418       752 
     310164    17.21      2.388336      0.091843      0.091430       752 
     398801    17.21      2.396703      0.088828      0.089851       752 
     480771    17.21      2.463270      0.089968      0.088658       752 
     328290    17.23      2.426665      0.092891      0.088174       752 
     231731    17.24      2.406222      0.091679      0.090132       752 
     266130    17.24      2.362068      0.088685      0.092500       752 
     272350    17.25      2.416798      0.093574      0.088544       752 
     435065    17.25      2.416370      0.087111      0.088366       752 
     480480    17.25      2.460913      0.085643      0.085474       752 
     265524    17.26      2.399720      0.082016      0.089937       752 
     394096    17.26      2.369702      0.093516      0.087810       752 
     181445    17.27      2.408305      0.088490      0.088795       752 
     270225    17.27      2.464706      0.089303      0.088113       752 
     565685    17.28      2.434856      0.088459      0.085536       752 
     331169    17.30      2.429231      0.088439      0.089974       752 
     333036    17.30      2.450144      0.093618      0.088898       752 
     340228    17.30      2.448334      0.091820      0.089646       752 
     386075    17.30      2.403339      0.091704      0.086827       752 
     262471    17.31      2.396838      0.091994      0.089390       752 
     345396    17.31      2.395646      0.093902      0.089232       752 
     360014    17.32      2.410492      0.088069      0.091662       752 
     415481    17.32      2.410504      0.085836      0.089403       752 
     464098    17.33      2.404129      0.089847      0.088960       752 
     502120    17.33      2.400582      0.085520      0.085516       752 
     384636    17.34      2.409997      0.090354      0.087309       752 
     472312    17.34      2.438395      0.083285      0.085426       752 
     378636    17.35      2.411119      0.081978      0.086751       752 
     395330    17.35      2.414165      0.087335      0.089094       752 
     155339    17.36      2.413157      0.088640      0.090082       752 
     323049    17.36      2.405470      0.080420      0.089710       752 
     439301    17.36      2.449151      0.090666      0.089671       752 
     306075    17.37      2.434042      0.086587      0.088263       752 
     417537    17.37      2.411293      0.088088      0.088103       752 
     395996    17.38      2.405127      0.089159      0.088403       752 
     463810    17.38      2.404918      0.085294      0.087288       752 
     541065    17.38      2.423415      0.086354      0.085205       752 
     561889    17.38      2.451362      0.091303      0.086809       752 
     268964    17.39      2.452455      0.089672      0.087678       752 
     382021    17.39      2.416355      0.088968      0.086973       752 
   2013JV45    17.39      2.410184      0.084707      0.086863       752 
     436100    17.40      2.399095      0.087570      0.088946       752 
     614971    17.40      2.384790      0.087922      0.090220       752 
     284732    17.41      2.407609      0.083526      0.088961       752 
     365986    17.41      2.401111      0.094507      0.087206       752 
     406935    17.42      2.450686      0.093945      0.087809       752 
     285202    17.43      2.415308      0.088324      0.087016       752 
     367945    17.43      2.382441      0.089836      0.088888       752 
     439328    17.43      2.457341      0.085537      0.086319       752 
     255703    17.44      2.420830      0.092044      0.088047       752 
     381771    17.44      2.414401      0.094715      0.090286       752 
     478698    17.44      2.439994      0.089205      0.089423       752 
   2011QW85    17.44      2.404590      0.084275      0.088954       752 
     343650    17.45      2.432859      0.089073      0.088261       752 
     443688    17.45      2.469748      0.090538      0.087727       752 
     410397    17.46      2.403251      0.081627      0.087675       752 
     343279    17.47      2.396084      0.092619      0.089518       752 
     311270    17.48      2.389031      0.093268      0.090763       752 
     356663    17.48      2.458836      0.087918      0.085970       752 
     386724    17.48      2.444594      0.091749      0.090261       752 
     272352    17.49      2.423548      0.090861      0.089278       752 
     314099    17.49      2.404173      0.084478      0.088193       752 
     337065    17.49      2.467565      0.088149      0.087367       752 
     429169    17.49      2.474254      0.090347      0.088065       752 
     334402    17.50      2.427234      0.090501      0.089170       752 
     386644    17.50      2.438004      0.090488      0.085669       752 
     419652    17.50      2.385991      0.093954      0.086561       752 
     472842    17.50      2.429213      0.084381      0.089308       752 
     346318    17.51      2.402296      0.087383      0.091070       752 
     501976    17.51      2.378384      0.089102      0.086209       752 
     224172    17.52      2.423353      0.089808      0.086786       752 
     355960    17.53      2.393108      0.087669      0.085741       752 
     362179    17.53      2.402845      0.083409      0.087130       752 
     387011    17.55      2.428936      0.085710      0.088431       752 
     418977    17.55      2.399278      0.091742      0.085844       752 
     472665    17.55      2.382987      0.088244      0.090936       752 
     412219    17.56      2.460943      0.089722      0.087148       752 
     487967    17.58      2.463238      0.093394      0.088263       752 
     488941    17.58      2.426612      0.086262      0.084209       752 
     414769    17.59      2.394207      0.091565      0.089765       752 
     560733    17.59      2.401685      0.091167      0.089886       752 
     601770    17.59      2.424230      0.088499      0.087309       752 
     444457    17.60      2.435735      0.090107      0.086089       752 
     301719    17.61      2.410853      0.093104      0.086541       752 
     330634    17.61      2.422343      0.088168      0.087827       752 
     356519    17.61      2.376615      0.090200      0.085246       752 
     515486    17.61      2.402235      0.086300      0.087945       752 
     319607    17.62      2.438571      0.090016      0.085873       752 
     412265    17.62      2.384635      0.093761      0.089356       752 
     383485    17.64      2.413413      0.078934      0.089572       752 
   2008EB35    17.64      2.403731      0.084372      0.087804       752 
     444118    17.65      2.446483      0.083409      0.086932       752 
     487706    17.66      2.416364      0.085830      0.087881       752 
     503398    17.66      2.398812      0.091069      0.089458       752 
     441571    17.67      2.446048      0.089523      0.088237       752 
     445064    17.67      2.399966      0.087895      0.088219       752 
     504488    17.67      2.445264      0.088625      0.087497       752 
     312981    17.68      2.421108      0.089970      0.090433       752 
     464014    17.68      2.431855      0.089645      0.089268       752 
     501611    17.68      2.444378      0.093369      0.091179       752 
     503955    17.68      2.449777      0.092777      0.086744       752 
     517821    17.69      2.428284      0.089354      0.086739       752 
  2010JJ144    17.69      2.447039      0.089704      0.089466       752 
     583564    17.70      2.472840      0.088938      0.085508       752 
     259808    17.71      2.408118      0.092076      0.086694       752 
     335450    17.71      2.449735      0.087437      0.085987       752 
     349553    17.71      2.396406      0.090378      0.087046       752 
     365090    17.71      2.406128      0.090678      0.086186       752 
     444451    17.71      2.440269      0.085989      0.084782       752 
     515293    17.71      2.436137      0.084721      0.087909       752 
     357561    17.72      2.367351      0.095033      0.087232       752 
     424579    17.72      2.388299      0.092657      0.089477       752 
     401031    17.73      2.411890      0.088959      0.087777       752 
     440340    17.73      2.426903      0.090089      0.087518       752 
     469793    17.73      2.403149      0.082629      0.087045       752 
     502004    17.73      2.414565      0.085844      0.085743       752 
     574534    17.73      2.407437      0.090356      0.086281       752 
     391847    17.74      2.425292      0.093756      0.089644       752 
     356494    17.75      2.400083      0.087008      0.087677       752 
   2015KH98    17.75      2.400119      0.082097      0.086540       752 
  2008WO116    17.75      2.483791      0.091493      0.087067       752 
  2010VB127    17.75      2.411325      0.088194      0.089345       752 
  2017BD138    17.75      2.402841      0.082206      0.089497       752 
     509407    17.76      2.402844      0.091097      0.088464       752 
     532402    17.76      2.434229      0.082378      0.087090       752 
   2015MG24    17.76      2.393476      0.092817      0.087015       752 
  2002RP297    17.76      2.434347      0.089962      0.085081       752 
     225349    17.77      2.386840      0.089713      0.088284       752 
     386060    17.77      2.390766      0.088269      0.087507       752 
     406482    17.77      2.383359      0.091501      0.089235       752 
     460302    17.77      2.400197      0.091274      0.086710       752 
     478458    17.77      2.395388      0.092929      0.087750       752 
     491213    17.77      2.426357      0.086322      0.086012       752 
     497861    17.77      2.425638      0.086377      0.088640       752 
     540772    17.77      2.403789      0.091309      0.086512       752 
     481829    17.78      2.392368      0.089947      0.089816       752 
  2014WU409    17.78      2.412772      0.084180      0.085734       752 
  2008UA165    17.79      2.436974      0.087841      0.086693       752 
     367317    17.80      2.400266      0.083591      0.086119       752 
     422598    17.80      2.431970      0.089602      0.088350       752 
     509047    17.81      2.386986      0.089554      0.089121       752 
  2005TR213    17.81      2.439025      0.086669      0.086629       752 
     249625    17.82      2.388719      0.088600      0.086245       752 
     433418    17.82      2.394930      0.093000      0.090870       752 
     498531    17.82      2.428064      0.084817      0.089128       752 
     534773    17.82      2.391084      0.087990      0.086041       752 
     597096    17.82      2.402837      0.090819      0.089395       752 
     611543    17.82      2.403844      0.082692      0.089416       752 
     371495    17.83      2.407938      0.085506      0.087526       752 
     395197    17.83      2.419105      0.094816      0.089252       752 
     400577    17.83      2.399782      0.083414      0.085929       752 
     507957    17.83      2.399494      0.090173      0.087773       752 
     521119    17.83      2.462413      0.091547      0.085441       752 
     371441    17.84      2.387357      0.090476      0.087480       752 
     475921    17.84      2.388450      0.093437      0.088951       752 
  2014WH470    17.84      2.408897      0.085792      0.087293       752 
   2006BJ51    17.86      2.439306      0.086997      0.089201       752 
     366568    17.87      2.429778      0.089277      0.088896       752 
  2006BJ295    17.87      2.427122      0.084476      0.087204       752 
     485498    17.88      2.446198      0.092605      0.087866       752 
     486837    17.88      2.370636      0.092656      0.088078       752 
     521661    17.88      2.430261      0.084894      0.087184       752 
     475244    17.89      2.396596      0.094135      0.089613       752 
     390052    17.90      2.383763      0.091126      0.089984       752 
   2015VQ19    17.90      2.389590      0.088369      0.090204       752 
     395767    17.91      2.405854      0.091500      0.087447       752 
     418192    17.91      2.416950      0.085566      0.085700       752 
     432727    17.91      2.425218      0.086210      0.088557       752 
     464013    17.91      2.390049      0.087923      0.088553       752 
     605101    17.91      2.434377      0.091098      0.090886       752 
     606290    17.91      2.404361      0.092580      0.088176       752 
     615404    17.91      2.429772      0.092306      0.090929       752 
   2006VK22    17.91      2.387406      0.089291      0.085065       752 
   2011UL34    17.91      2.400047      0.093574      0.087735       752 
   2015OT37    17.91      2.466759      0.088120      0.085441       752 
  2015PJ280    17.91      2.392065      0.092034      0.086847       752 
     519263    17.92      2.389182      0.088941      0.086419       752 
     569113    17.92      2.442337      0.085024      0.087438       752 
   2005RN58    17.92      2.415013      0.092091      0.091348       752 
     538233    17.94      2.415371      0.090659      0.091245       752 
     445944    17.95      2.403793      0.081549      0.089371       752 
     568399    17.95      2.422530      0.090936      0.089037       752 
   2015RS59    17.95      2.403665      0.085291      0.089864       752 
     538111    17.96      2.418749      0.089979      0.091508       752 
     565451    17.96      2.364610      0.093747      0.088914       752 
     584576    17.96      2.389241      0.088291      0.088797       752 
   2007XX69    17.96      2.415128      0.090629      0.089597       752 
     516674    17.97      2.384959      0.092658      0.092525       752 
     592574    17.98      2.399240      0.091713      0.088943       752 
   2009FK77    17.98      2.418363      0.093227      0.089343       752 
     394945    17.99      2.404127      0.086024      0.089494       752 
     523067    17.99      2.416545      0.084272      0.085313       752 
     565345    17.99      2.437109      0.082415      0.087938       752 
     605353    18.00      2.420882      0.090602      0.088830       752 
   2011KE41    18.00      2.378321      0.088678      0.088598       752 
     455489    18.01      2.413856      0.084982      0.087470       752 
     556148    18.01      2.393112      0.090391      0.085734       752 
     607111    18.01      2.393416      0.093327      0.085756       752 
   2011ST90    18.01      2.429755      0.088157      0.086538       752 
     543742    18.03      2.400446      0.092148      0.089644       752 
  2007RW368    18.03      2.463761      0.087807      0.086651       752 
     475105    18.04      2.410309      0.082195      0.087278       752 
     506366    18.04      2.375289      0.094129      0.089948       752 
     507912    18.04      2.388644      0.089957      0.087724       752 
     598078    18.05      2.387333      0.088273      0.086496       752 
     614179    18.05      2.422202      0.085487      0.085819       752 
     405366    18.06      2.424763      0.091170      0.091195       752 
     571763    18.06      2.469930      0.090452      0.087990       752 
   2011OE69    18.06      2.384394      0.087401      0.092807       752 
  2006SW233    18.06      2.407612      0.087674      0.087635       752 
     616443    18.07      2.379001      0.090093      0.090446       752 
  2013HC127    18.07      2.421977      0.089450      0.089373       752 
     497672    18.08      2.404204      0.091668      0.087912       752 
     599094    18.08      2.475262      0.089728      0.085897       752 
  2011UT345    18.08      2.475702      0.088477      0.085748       752 
     385776    18.09      2.476839      0.089908      0.087345       752 
     465045    18.09      2.379535      0.092908      0.091138       752 
     557052    18.09      2.484459      0.091124      0.087023       752 
   2008DK64    18.09      2.392187      0.090533      0.088829       752 
  2008EJ183    18.09      2.424671      0.087470      0.085088       752 
     498502    18.10      2.386341      0.091882      0.085619       752 
     553714    18.10      2.385209      0.093535      0.091658       752 
     577583    18.11      2.420890      0.091157      0.089867       752 
     428212    18.12      2.410471      0.087532      0.088345       752 
     489336    18.12      2.425015      0.092487      0.087810       752 
     544078    18.12      2.432325      0.089790      0.089049       752 
     551323    18.12      2.421162      0.087643      0.086077       752 
   2007UY26    18.12      2.413091      0.094147      0.086599       752 
     498419    18.13      2.359259      0.093524      0.089192       752 
     611189    18.13      2.391370      0.087767      0.089781       752 
     507665    18.14      2.395021      0.093980      0.087613       752 
   2005TL67    18.14      2.390230      0.086722      0.087177       752 
  2014QM209    18.14      2.394664      0.093915      0.091360       752 
     532400    18.15      2.478915      0.090137      0.087015       752 
     581270    18.15      2.384585      0.089135      0.087991       752 
   2010AY52    18.15      2.433280      0.090191      0.087863       752 
  2014SS356    18.15      2.368258      0.088803      0.089079       752 
     397864    18.16      2.378606      0.094373      0.092858       752 
     508446    18.16      2.386873      0.093054      0.087045       752 
     519920    18.16      2.421493      0.095170      0.090104       752 
     549639    18.16      2.418472      0.084938      0.087210       752 
     565067    18.16      2.426909      0.092803      0.090504       752 
   2014BA31    18.16      2.403719      0.088449      0.088351       752 
   2014TY10    18.16      2.393823      0.090503      0.089826       752 
     528152    18.17      2.404141      0.088764      0.087048       752 
  2011SC177    18.17      2.392577      0.089118      0.089117       752 
  2013HW127    18.17      2.443500      0.087537      0.085501       752 
     565084    18.18      2.396139      0.095211      0.089383       752 
   2014WR60    18.18      2.466473      0.086910      0.087243       752 
  2009UU124    18.18      2.410158      0.079846      0.089979       752 
  2011BS136    18.18      2.408421      0.087640      0.089761       752 
  2017FV189    18.18      2.444853      0.091771      0.087310       752 
  2005VO123    18.19      2.403474      0.079708      0.088543       752 
     493860    18.20      2.385422      0.092040      0.086175       752 
   2008WU83    18.20      2.407468      0.081486      0.087703       752 
  2010JE214    18.20      2.397828      0.089926      0.089339       752 
  2011BB178    18.20      2.367795      0.091267      0.089738       752 
     490761    18.21      2.390427      0.088813      0.092321       752 
     504177    18.21      2.370960      0.089858      0.094190       752 
     565684    18.21      2.446765      0.089027      0.089746       752 
   2005PJ30    18.21      2.375533      0.089940      0.084821       752 
   2015OO45    18.21      2.379407      0.092872      0.090380       752 
  2003FE139    18.21      2.411543      0.085248      0.087626       752 
  2017FK132    18.21      2.433191      0.088120      0.086135       752 
     519866    18.23      2.385539      0.093492      0.089571       752 
     538536    18.23      2.444164      0.093311      0.087646       752 
     540401    18.23      2.378254      0.091245      0.089698       752 
  2014SG236    18.23      2.391425      0.091253      0.088918       752 
     455455    18.24      2.399126      0.086336      0.088517       752 
  2015PR204    18.24      2.408429      0.089873      0.087355       752 
     583941    18.25      2.376472      0.094168      0.092445       752 
   2012QJ74    18.25      2.397760      0.087091      0.085934       752 
     498480    18.26      2.405018      0.084902      0.086331       752 
     522583    18.26      2.393454      0.091819      0.087881       752 
     587836    18.26      2.446788      0.092237      0.089164       752 
   2008TN96    18.27      2.435430      0.087309      0.086508       752 
   2014RL64    18.27      2.377556      0.089336      0.086722       752 
   2016NJ73    18.27      2.375816      0.090688      0.086329       752 
   2010OX58    18.28      2.382066      0.090814      0.088800       752 
   2011KH58    18.28      2.428112      0.094078      0.090812       752 
  2007VP256    18.28      2.388355      0.088257      0.084938       752 
   2012TG71    18.29      2.403757      0.089806      0.085721       752 
     540664    18.30      2.432701      0.086394      0.089226       752 
     556039    18.30      2.402853      0.091511      0.089580       752 
   2007WW71    18.30      2.365285      0.092230      0.089881       752 
   2014NX27    18.30      2.367451      0.094331      0.091018       752 
   2004UB12    18.31      2.441984      0.090319      0.085267       752 
   2017PQ66    18.31      2.450682      0.086371      0.085681       752 
  2008CL221    18.31      2.368600      0.089975      0.090079       752 
  2010CP198    18.31      2.378484      0.086519      0.087595       752 
  2013TF164    18.32      2.419961      0.090089      0.089917       752 
     601808    18.33      2.483414      0.091476      0.088680       752 
   2017SS44    18.33      2.393701      0.088416      0.090436       752 
     572373    18.34      2.365456      0.087562      0.090107       752 
  2008TZ204    18.34      2.366520      0.091611      0.088552       752 
  2014ST276    18.34      2.468508      0.087801      0.084938       752 
     372887    18.35      2.372696      0.094010      0.087265       752 
  2017FR130    18.35      2.380796      0.090953      0.087604       752 
   2018YV15    18.36      2.477423      0.089858      0.085953       752 
     492494    18.37      2.380276      0.095450      0.093923       752 
     600710    18.37      2.375584      0.092574      0.094781       752 
  2005UQ246    18.37      2.370024      0.093351      0.088459       752 
   2016HD26    18.38      2.423176      0.089372      0.087030       752 
  2015BA239    18.38      2.444823      0.091617      0.087306       752 
   2018RZ48    18.39      2.413531      0.080898      0.086687       752 
   2019AV86    18.39      2.420341      0.088241      0.088993       752 
  2014OF232    18.39      2.385654      0.089211      0.088503       752 
  2002PQ191    18.41      2.375657      0.092143      0.094548       752 
  2014OR220    18.41      2.402341      0.088675      0.091032       752 
  2018VH154    18.41      2.443132      0.084051      0.087784       752 
  2006US162    18.42      2.467195      0.092496      0.087500       752 
     579442    18.43      2.372142      0.093935      0.088698       752 
     582856    18.43      2.438415      0.088116      0.087927       752 
  2015XT207    18.43      2.389667      0.094260      0.086740       752 
   2012TW75    18.44      2.403119      0.090412      0.086156       752 
   2014SV57    18.44      2.452752      0.093502      0.087402       752 
     572488    18.45      2.379023      0.090263      0.090197       752 
  2005UR552    18.45      2.383481      0.089120      0.091925       752 
  2005XL130    18.45      2.377103      0.093271      0.090881       752 
  2010VM150    18.45      2.484919      0.092126      0.088490       752 
     549090    18.46      2.383109      0.088643      0.087424       752 
     602625    18.46      2.365251      0.088540      0.089863       752 
     604426    18.46      2.401224      0.090700      0.089196       752 
     614150    18.46      2.400651      0.088585      0.087343       752 
  2010RH217    18.46      2.413671      0.094424      0.089452       752 
  2014WC165    18.46      2.378613      0.087788      0.087991       752 
  2013RT162    18.47      2.426605      0.086454      0.085980       752 
    2021FN9    18.48      2.379031      0.091170      0.086540       752 
   2017PS37    18.48      2.401800      0.087901      0.085800       752 
     486787    18.49      2.424054      0.088938      0.089780       752 
   2008CN63    18.49      2.422730      0.093274      0.088622       752 
   2013QO92    18.49      2.427059      0.090022      0.089645       752 
  2011UU463    18.49      2.381281      0.088219      0.090550       752 
  2014JF134    18.49      2.418453      0.092272      0.089361       752 
   2014QJ45    18.50      2.377285      0.092632      0.091286       752 
     500123    18.51      2.376319      0.093677      0.089933       752 
     554862    18.51      2.419979      0.095381      0.088866       752 
   2016LM26    18.51      2.398972      0.092358      0.088051       752 
   2007DW65    18.52      2.429004      0.089071      0.088872       752 
   2014NT85    18.52      2.406121      0.088921      0.090340       752 
   2019PS33    18.52      2.388142      0.093894      0.090111       752 
  2015RN159    18.52      2.365876      0.088820      0.092837       752 
   2013QB32    18.53      2.421436      0.090908      0.087535       752 
   2017OW13    18.53      2.457893      0.090177      0.089225       752 
   2021QP55    18.53      2.404917      0.089656      0.088529       752 
  2005UC449    18.53      2.424631      0.089102      0.086143       752 
  2013GP160    18.53      2.366098      0.089667      0.093542       752 
  2012UO229    18.54      2.391440      0.089276      0.085707       752 
   2009QX15    18.55      2.431553      0.086372      0.087475       752 
   2014BE89    18.55      2.455864      0.091436      0.088466       752 
   2017YH32    18.55      2.377650      0.089117      0.084501       752 
   2019GY56    18.55      2.455361      0.091638      0.087695       752 
  2012HJ101    18.55      2.371567      0.089516      0.089629       752 
  2012TK117    18.55      2.399805      0.091996      0.089265       752 
  2014WH110    18.55      2.390337      0.088460      0.086050       752 
   2007GM54    18.57      2.428030      0.090827      0.089675       752 
   2013QX76    18.57      2.401531      0.091098      0.088836       752 
  2013SU102    18.57      2.410143      0.084362      0.087967       752 
     605248    18.58      2.368764      0.093968      0.090547       752 
  2016EZ225    18.58      2.389729      0.093374      0.092877       752 
   2013EZ24    18.59      2.400147      0.090978      0.090115       752 
   2017BR77    18.59      2.445634      0.091898      0.090140       752 
  2002RZ276    18.59      2.389497      0.087503      0.087091       752 
  2003SX408    18.60      2.429266      0.089716      0.088615       752 
  2008TT220    18.60      2.364236      0.088656      0.088729       752 
  2014UB268    18.60      2.370939      0.089759      0.094908       752 
  2017FH154    18.60      2.387887      0.091219      0.089648       752 
   2010VD51    18.61      2.368461      0.088595      0.091933       752 
   2019MT18    18.61      2.457215      0.090697      0.090437       752 
  2008CM223    18.61      2.415862      0.083104      0.084918       752 
     553557    18.62      2.367133      0.091078      0.092575       752 
   2013UV37    18.62      2.384583      0.087643      0.088963       752 
     535938    18.63      2.364207      0.093990      0.085803       752 
   2015PX46    18.63      2.485950      0.092098      0.089205       752 
  2010XN105    18.63      2.379704      0.090590      0.090782       752 
     593859    18.64      2.386572      0.088969      0.085157       752 
   2014TG58    18.64      2.377813      0.093466      0.092907       752 
   2015TC75    18.64      2.363933      0.091582      0.090322       752 
  2007TF229    18.64      2.370448      0.094134      0.088600       752 
  2013EC169    18.64      2.384456      0.094668      0.092156       752 
   2019UF37    18.66      2.370743      0.092367      0.090107       752 
  2011BD190    18.66      2.389633      0.093065      0.090595       752 
  2015XD384    18.66      2.383782      0.091800      0.086289       752 
  2005QL206    18.67      2.390022      0.088179      0.088660       752 
   2013BC92    18.68      2.428615      0.087722      0.088306       752 
   2016UZ80    18.68      2.366938      0.089996      0.093206       752 
   2017XN72    18.68      2.445834      0.089832      0.087459       752 
  2012UL221    18.68      2.388912      0.086077      0.088447       752 
  2008RJ158    18.69      2.371113      0.094462      0.091018       752 
   2014WT46    18.70      2.365010      0.090138      0.090015       752 
   2016VY29    18.71      2.363907      0.087943      0.093468       752 
   2020OX32    18.71      2.449703      0.088583      0.090015       752 
  2015PX264    18.72      2.372067      0.093632      0.091045       752 
  2017FF131    18.72      2.373541      0.093339      0.090868       752 
   2014HO20    18.73      2.418452      0.086125      0.087290       752 
  2011QB109    18.73      2.416706      0.091059      0.085638       752 
   2008RL93    18.74      2.417031      0.092898      0.089615       752 
   2013NZ25    18.74      2.445392      0.092678      0.090452       752 
  2010VA142    18.74      2.423703      0.089491      0.088832       752 
   2017WU42    18.75      2.386862      0.089465      0.092023       752 
  2017UO179    18.75      2.390394      0.091025      0.089397       752 
  2010RA178    18.76      2.382559      0.094206      0.095185       752 
  2017SU305    18.76      2.407070      0.091412      0.089598       752 
   2008WF22    18.77      2.446229      0.093096      0.089031       752 
  2009WQ137    18.77      2.391420      0.094827      0.089189       752 
   2006VQ39    18.79      2.371071      0.092758      0.089340       752 
   2015FZ99    18.79      2.379769      0.093896      0.093990       752 
  2006UM230    18.79      2.380436      0.090596      0.087129       752 
  2015VN140    18.79      2.462586      0.088721      0.087977       752 
   2006AE25    18.80      2.464139      0.093493      0.087570       752 
   2014MO55    18.80      2.400817      0.086058      0.088465       752 
   2018BF26    18.80      2.396712      0.087085      0.086478       752 
   2014XY13    18.81      2.361045      0.086484      0.089500       752 
   2015JV31    18.81      2.381467      0.088565      0.089289       752 
   2016YH27    18.81      2.368411      0.089057      0.093634       752 
  2016CX357    18.81      2.365201      0.094264      0.087002       752 
   2011YD92    18.82      2.379628      0.091852      0.088577       752 
  2011SH280    18.82      2.429601      0.086112      0.085298       752 
   2018VQ21    18.83      2.382078      0.094086      0.088637       752 
   2021UW46    18.83      2.428796      0.089648      0.090244       752 
  2015RL275    18.83      2.446129      0.087319      0.089549       752 
  2016GU286    18.83      2.360910      0.094840      0.088957       752 
   2015EY27    18.84      2.403767      0.090199      0.087098       752 
   2021FD27    18.84      2.381102      0.088473      0.087795       752 
   2020BC21    18.85      2.389949      0.094091      0.089206       752 
    2020VT8    18.86      2.354625      0.095958      0.087174       752 
  2013SH105    18.86      2.356512      0.095625      0.087831       752 
    2021BV6    18.87      2.404080      0.089519      0.084511       752 
  2015RB302    18.87      2.387659      0.093223      0.092289       752 
  2016CQ354    18.87      2.427240      0.092543      0.088300       752 
  2017SR240    18.87      2.434773      0.088219      0.087190       752 
   2010XQ67    18.88      2.368911      0.089647      0.092161       752 
   2013NZ24    18.88      2.388724      0.093884      0.088399       752 
   2014SN91    18.88      2.363081      0.087268      0.090347       752 
  2016PC183    18.88      2.424526      0.090834      0.085337       752 
   2014NX80    18.89      2.361745      0.086711      0.093699       752 
  2015RQ334    18.89      2.379032      0.088918      0.085049       752 
  2016PR176    18.89      2.401797      0.089667      0.089009       752 
   2020OS34    18.90      2.439084      0.090384      0.086487       752 
  2019UR119    18.91      2.371263      0.088925      0.090951       752 
    2003LE6    18.92      2.360207      0.095917      0.087758       752 
   2013NF35    18.94      2.379646      0.088481      0.087600       752 
   2017MS13    18.94      2.414923      0.094446      0.088459       752 
   2016TK36    18.95      2.364260      0.094814      0.089602       752 
   2017QF96    18.95      2.393106      0.095462      0.088787       752 
   2019NC69    18.95      2.371039      0.092667      0.093865       752 
  2010TS211    18.95      2.377971      0.095433      0.093725       752 
  2014SA400    18.95      2.384138      0.091142      0.086910       752 
   2017NM21    18.97      2.424663      0.087996      0.087221       752 
   2021QJ46    18.97      2.403486      0.094472      0.088355       752 
   2019GQ75    18.98      2.397651      0.089116      0.089750       752 
   2019TY77    18.98      2.357632      0.094918      0.090915       752 
   2021RG18    18.98      2.369470      0.087639      0.091551       752 
  2015BP366    18.99      2.366848      0.089693      0.093158       752 
  2015PZ335    18.99      2.366463      0.091323      0.091251       752 
  2019SB157    19.02      2.366808      0.094432      0.088551       752 
   2008TF38    19.04      2.369720      0.091940      0.090446       752 
   2018PL57    19.06      2.370820      0.087567      0.091313       752 
  2009VG129    19.10      2.404532      0.091850      0.087840       752 
   2016GC87    19.12      2.418457      0.091641      0.090855       752 
   2014NL88    19.18      2.422488      0.090382      0.087925       752 
  2015BN200    19.18      2.437384      0.082408      0.087933       752 
   2019UB56    19.22      2.397825      0.094274      0.089369       752 
  2013PD117    19.26      2.465797      0.089958      0.087414       752 
    2017LO3    19.29      2.403879      0.088516      0.088979       752 
  2015PY338    19.29      2.389483      0.090780      0.085811       752 
   2013PM89    19.33      2.386696      0.086594      0.088432       752 
  2017SR182    19.34      2.412401      0.088688      0.087710       752 
