        780     9.05      3.116979      0.069780      0.312453       780 
      66765    13.14      3.133017      0.063452      0.308725       780 
      77706    13.99      3.098497      0.072080      0.313405       780 
      83036    14.30      3.099785      0.070014      0.312709       780 
     127091    14.42      3.093589      0.069484      0.313126       780 
      89449    14.45      3.120575      0.071084      0.312517       780 
     111686    14.55      3.105588      0.061415      0.310822       780 
     236932    14.58      3.100288      0.061571      0.311524       780 
     108984    14.59      3.121456      0.069051      0.311818       780 
     172073    14.67      3.089992      0.068746      0.313102       780 
     230689    14.80      3.128636      0.069208      0.311338       780 
     170055    14.81      3.093951      0.069060      0.312717       780 
     210991    14.83      3.103249      0.068511      0.311565       780 
     330824    14.84      3.112958      0.068933      0.311898       780 
     118428    14.86      3.093189      0.068435      0.314115       780 
     176397    14.95      3.084921      0.058403      0.312801       780 
     244151    14.97      3.118897      0.069999      0.312146       780 
     177114    14.99      3.122839      0.069820      0.311453       780 
     242836    15.02      3.119520      0.071544      0.312137       780 
     239731    15.07      3.111218      0.068138      0.311894       780 
     260404    15.08      3.099285      0.071634      0.312446       780 
     302070    15.10      3.101568      0.069280      0.311177       780 
     248077    15.13      3.136381      0.074470      0.313128       780 
     266881    15.13      3.105636      0.065011      0.313298       780 
     257194    15.17      3.094853      0.067558      0.312789       780 
     251298    15.18      3.117665      0.071499      0.312424       780 
  2010OY105    15.21      3.125081      0.069782      0.312067       780 
     312699    15.23      3.125007      0.068372      0.311460       780 
   2013TS73    15.26      3.100739      0.079196      0.314014       780 
     288856    15.28      3.096851      0.070509      0.313298       780 
  2010BP100    15.29      3.089847      0.062856      0.312605       780 
     372527    15.30      3.100507      0.074843      0.313222       780 
     420922    15.30      3.097906      0.071624      0.313387       780 
     406980    15.31      3.090717      0.071994      0.313229       780 
     483290    15.31      3.118558      0.067509      0.310568       780 
     287528    15.33      3.122391      0.073039      0.310138       780 
     334483    15.33      3.103641      0.067359      0.312882       780 
     366278    15.34      3.147477      0.070408      0.310957       780 
     434482    15.34      3.102870      0.081093      0.314584       780 
     245383    15.35      3.154386      0.063114      0.310810       780 
     246819    15.36      3.123323      0.067702      0.312019       780 
     462495    15.37      3.102003      0.065762      0.311813       780 
     372322    15.39      3.102262      0.073366      0.313597       780 
     277107    15.45      3.091178      0.056204      0.310608       780 
     246683    15.47      3.102528      0.073831      0.313031       780 
     354668    15.47      3.091205      0.052524      0.308377       780 
     280713    15.52      3.091142      0.059685      0.310850       780 
     434068    15.52      3.124503      0.068956      0.312190       780 
     404563    15.54      3.105272      0.071051      0.312789       780 
     386836    15.59      3.125791      0.070491      0.312076       780 
  2014SM311    15.59      3.126493      0.066681      0.311476       780 
     241585    15.60      3.101777      0.079310      0.314065       780 
     337790    15.61      3.092310      0.062909      0.312982       780 
     296974    15.62      3.122624      0.066649      0.311476       780 
     323233    15.63      3.090572      0.063981      0.312221       780 
   2013RL19    15.63      3.093388      0.070712      0.312333       780 
     339517    15.65      3.089557      0.071798      0.313719       780 
     188771    15.68      3.125792      0.068621      0.312138       780 
     388812    15.68      3.090818      0.077409      0.313698       780 
     479209    15.69      3.095703      0.064667      0.312128       780 
     488429    15.69      3.093282      0.068310      0.313426       780 
   2013TV76    15.70      3.086900      0.056593      0.309090       780 
     419947    15.72      3.094872      0.067560      0.312330       780 
   2012SL20    15.73      3.125758      0.068838      0.311833       780 
     395584    15.74      3.088233      0.063241      0.312665       780 
    2009AF2    15.75      3.089037      0.066848      0.312779       780 
     448711    15.76      3.089737      0.068062      0.313791       780 
     398194    15.77      3.090196      0.063963      0.311943       780 
     407840    15.80      3.120008      0.069033      0.312593       780 
     512071    15.80      3.091894      0.069464      0.313946       780 
     431553    15.81      3.099485      0.061078      0.311083       780 
     295370    15.83      3.119458      0.068829      0.312500       780 
     454776    15.83      3.125760      0.067335      0.310992       780 
     510507    15.83      3.097843      0.070160      0.313393       780 
     343633    15.85      3.079318      0.068708      0.311502       780 
     581347    15.85      3.097219      0.072395      0.311947       780 
     437539    15.86      3.088399      0.069376      0.313014       780 
     354721    15.87      3.105608      0.075900      0.313102       780 
     402769    15.87      3.095697      0.073846      0.313563       780 
     529574    15.87      3.125477      0.067455      0.310652       780 
     438940    15.88      3.081067      0.075648      0.314076       780 
    2016AV7    15.88      3.091268      0.066866      0.312776       780 
     381976    15.89      3.120012      0.070687      0.311702       780 
   2016UQ52    15.89      3.087604      0.060705      0.312382       780 
     483312    15.90      3.091764      0.071091      0.313473       780 
     385887    15.91      3.129173      0.067983      0.311992       780 
     554460    15.92      3.119236      0.070349      0.311989       780 
     395411    15.93      3.085284      0.052856      0.313249       780 
     566788    15.93      3.104208      0.063800      0.313017       780 
     605969    15.94      3.095445      0.070926      0.312829       780 
     461659    15.95      3.128923      0.063421      0.311191       780 
     479124    15.96      3.127814      0.071839      0.311340       780 
   2011EA85    15.96      3.130377      0.075224      0.310500       780 
   2014NG47    15.96      3.090625      0.063260      0.312525       780 
     429253    15.98      3.126459      0.070360      0.311498       780 
     533315    15.98      3.104529      0.066686      0.312520       780 
   2013QB70    15.98      3.133230      0.070236      0.312355       780 
  2015AW275    15.98      3.122795      0.070028      0.311637       780 
     411657    15.99      3.086085      0.059999      0.313919       780 
     536870    15.99      3.126897      0.071312      0.312522       780 
     454846    16.00      3.122153      0.069252      0.312105       780 
   2010GH87    16.00      3.088638      0.066607      0.313126       780 
   2015YP17    16.00      3.116347      0.068168      0.312301       780 
     305381    16.02      3.120687      0.067623      0.311827       780 
     488244    16.02      3.124926      0.068103      0.311818       780 
     576504    16.04      3.122939      0.067130      0.311036       780 
  2015RX187    16.04      3.091096      0.075926      0.313339       780 
     402508    16.05      3.094888      0.062330      0.312185       780 
     435406    16.05      3.105828      0.075333      0.313121       780 
     449389    16.05      3.088935      0.058446      0.312166       780 
     495300    16.05      3.116070      0.067591      0.311082       780 
     479246    16.06      3.146056      0.072103      0.312932       780 
     484918    16.07      3.123781      0.073312      0.312020       780 
     482775    16.08      3.096375      0.074595      0.313661       780 
   2016ES62    16.08      3.095920      0.068919      0.312852       780 
     397765    16.10      3.116463      0.072115      0.312659       780 
   2014JZ92    16.12      3.134429      0.065058      0.309955       780 
     560038    16.13      3.083464      0.055604      0.313999       780 
   2006JP43    16.14      3.129427      0.067478      0.311767       780 
     470244    16.16      3.082757      0.061762      0.314378       780 
  2000AN220    16.17      3.088138      0.063514      0.313124       780 
  2003WK199    16.17      3.092381      0.070247      0.312352       780 
   2010MO80    16.18      3.090023      0.063846      0.311547       780 
   2015KN80    16.18      3.126716      0.066826      0.310924       780 
     431489    16.19      3.093932      0.077922      0.314749       780 
     484019    16.20      3.092584      0.076787      0.313509       780 
   2011CK34    16.20      3.133698      0.069592      0.311868       780 
  2002PF194    16.20      3.105334      0.073594      0.312393       780 
     517899    16.21      3.087893      0.064908      0.313644       780 
     527726    16.21      3.092305      0.063257      0.311139       780 
   2009DE90    16.22      3.092574      0.067018      0.313868       780 
     494615    16.23      3.091236      0.064624      0.312784       780 
     487271    16.24      3.136022      0.067669      0.312523       780 
     505292    16.25      3.116837      0.072178      0.312149       780 
     505812    16.25      3.091634      0.070318      0.311233       780 
   2013QS18    16.25      3.091269      0.071798      0.313157       780 
    2017HY9    16.26      3.084741      0.072370      0.312227       780 
  2008SX313    16.26      3.101733      0.066475      0.311731       780 
     581049    16.27      3.091139      0.074990      0.312899       780 
   2009KY38    16.27      3.092922      0.076804      0.313752       780 
     527282    16.28      3.083810      0.039775      0.312901       780 
  2008UV307    16.28      3.089611      0.066863      0.312824       780 
  2014WD525    16.28      3.081359      0.054889      0.312836       780 
  2016EE232    16.28      3.122600      0.070870      0.312131       780 
     484936    16.29      3.143239      0.066513      0.311083       780 
     501423    16.29      3.084201      0.057980      0.309625       780 
   2010EX47    16.29      3.126755      0.061918      0.310887       780 
  2014KC118    16.29      3.087575      0.062502      0.311399       780 
  2015XX404    16.29      3.123058      0.069896      0.311979       780 
  2008UZ118    16.30      3.099123      0.063051      0.311246       780 
  2011WM162    16.30      3.120655      0.063852      0.313500       780 
  2015XR158    16.30      3.128903      0.074569      0.311721       780 
  2015BN555    16.31      3.105775      0.072292      0.313345       780 
  2015RW315    16.32      3.092160      0.068189      0.312803       780 
     462429    16.34      3.128592      0.064131      0.309570       780 
   2011JB22    16.34      3.107669      0.075909      0.312932       780 
  2015XO405    16.34      3.136533      0.070972      0.312073       780 
     446554    16.35      3.089401      0.074071      0.312748       780 
     495601    16.35      3.083338      0.067592      0.314583       780 
     498873    16.35      3.140496      0.070018      0.311111       780 
     554722    16.35      3.125809      0.069692      0.311456       780 
    2010SX7    16.35      3.105936      0.079522      0.314353       780 
   2010BV56    16.35      3.089312      0.078222      0.313219       780 
  2016CV282    16.35      3.128560      0.066331      0.311736       780 
     490053    16.36      3.121072      0.061557      0.312516       780 
  2005VV133    16.36      3.155180      0.066793      0.308264       780 
     485034    16.37      3.104292      0.073502      0.314638       780 
  2012TH289    16.37      3.124908      0.065642      0.311566       780 
    2015FW5    16.39      3.084658      0.046782      0.312555       780 
   2014KU60    16.39      3.088215      0.071817      0.312548       780 
  2010VY189    16.39      3.123255      0.071555      0.313443       780 
  2015VG119    16.39      3.133771      0.071374      0.313229       780 
     558901    16.40      3.089474      0.070310      0.314613       780 
     470165    16.41      3.103569      0.078318      0.314213       780 
     518073    16.41      3.125339      0.069270      0.311379       780 
  2017SJ262    16.41      3.100317      0.074963      0.313254       780 
     511380    16.42      3.117657      0.068986      0.312069       780 
  2008SL350    16.42      3.128775      0.065160      0.311212       780 
  2013CQ171    16.42      3.128762      0.067139      0.310849       780 
  2013RH105    16.42      3.086706      0.044160      0.312302       780 
  2014HN167    16.42      3.083514      0.063253      0.312991       780 
     535301    16.43      3.099486      0.074289      0.313258       780 
   2015EQ75    16.43      3.121145      0.071869      0.312710       780 
  1999RL245    16.43      3.127548      0.067678      0.310986       780 
  2010JJ156    16.43      3.128653      0.065845      0.312026       780 
     432520    16.44      3.133222      0.067146      0.310520       780 
     467683    16.44      3.088712      0.079354      0.312415       780 
   2011JW36    16.44      3.129125      0.070428      0.311439       780 
   2011VR26    16.45      3.089726      0.070269      0.312712       780 
     443497    16.46      3.085872      0.042290      0.313806       780 
     480362    16.46      3.135605      0.071741      0.311489       780 
     583752    16.47      3.125571      0.075222      0.312992       780 
   2014PU77    16.47      3.091438      0.070455      0.312075       780 
     533086    16.48      3.084074      0.047331      0.312282       780 
     594452    16.48      3.092224      0.068717      0.312338       780 
    2015ED1    16.48      3.089639      0.063695      0.312662       780 
   2014AD64    16.48      3.109632      0.066719      0.311697       780 
     554641    16.49      3.081354      0.063511      0.313264       780 
     466386    16.50      3.133205      0.065511      0.310849       780 
  2007BD118    16.50      3.096356      0.081372      0.314963       780 
  2014WC394    16.51      3.094306      0.072106      0.312773       780 
     560654    16.52      3.105739      0.080560      0.315666       780 
     577328    16.52      3.093718      0.072825      0.313099       780 
     325512    16.54      3.091826      0.069814      0.314497       780 
     446100    16.54      3.087251      0.051232      0.313742       780 
   2010JA98    16.54      3.133139      0.066180      0.311000       780 
   2010LF98    16.54      3.094612      0.068750      0.313548       780 
   2014UN15    16.54      3.087147      0.054908      0.310020       780 
  2014WG489    16.54      3.125886      0.069659      0.311638       780 
     505016    16.55      3.121367      0.069823      0.311628       780 
   2009WH51    16.55      3.135087      0.065623      0.310684       780 
     502625    16.57      3.103468      0.071761      0.313919       780 
     505283    16.57      3.086930      0.070302      0.312842       780 
     572502    16.57      3.119499      0.069829      0.312561       780 
   2015BY64    16.57      3.123020      0.066582      0.313304       780 
   2006JJ82    16.58      3.118433      0.069100      0.312244       780 
    2016RY5    16.59      3.120092      0.063348      0.313019       780 
   2019KG24    16.59      3.089399      0.076314      0.313733       780 
     531890    16.60      3.120402      0.066203      0.311356       780 
     594477    16.60      3.088419      0.067239      0.311420       780 
     536415    16.61      3.084989      0.054545      0.313360       780 
  2017SR210    16.61      3.132931      0.075934      0.312174       780 
     467996    16.62      3.133194      0.064550      0.311101       780 
     592042    16.62      3.084926      0.068251      0.312340       780 
  2010ED165    16.62      3.123278      0.068418      0.312141       780 
  2014QP345    16.62      3.090756      0.071308      0.313532       780 
   2004YX26    16.63      3.151668      0.070688      0.311669       780 
  2006WB232    16.63      3.136617      0.067402      0.311907       780 
     604282    16.64      3.140383      0.073952      0.309148       780 
   2010BR81    16.64      3.133326      0.072154      0.311704       780 
     519154    16.65      3.113755      0.065503      0.311841       780 
  2014WR525    16.65      3.129658      0.067228      0.311628       780 
     542060    16.66      3.128739      0.068046      0.311033       780 
  2017SU207    16.66      3.085969      0.069185      0.312392       780 
     475706    16.68      3.099175      0.072171      0.312951       780 
     513379    16.69      3.122924      0.072464      0.312886       780 
     571098    16.69      3.097522      0.067618      0.312765       780 
  2002RB301    16.69      3.084080      0.044350      0.313323       780 
  2013TX232    16.69      3.149044      0.067874      0.310757       780 
     343615    16.70      3.108719      0.066702      0.311449       780 
     494423    16.70      3.085698      0.057273      0.311285       780 
     512960    16.70      3.118329      0.066197      0.311939       780 
   2012TF71    16.70      3.137388      0.069061      0.311115       780 
  2015DE149    16.70      3.094860      0.069115      0.312819       780 
     520941    16.71      3.101351      0.080599      0.313331       780 
     558665    16.71      3.082875      0.070842      0.314636       780 
    2015EK1    16.71      3.129585      0.072128      0.315267       780 
   2010EC10    16.71      3.138487      0.070842      0.311321       780 
     482721    16.72      3.086710      0.074426      0.312958       780 
    2006TG6    16.72      3.132454      0.067168      0.312359       780 
    2012TH2    16.72      3.133335      0.065181      0.311087       780 
     567661    16.73      3.087363      0.072498      0.312362       780 
  2013HR164    16.73      3.132559      0.067078      0.309940       780 
     521716    16.74      3.087815      0.046524      0.313439       780 
   2009HN10    16.74      3.094463      0.071965      0.313009       780 
  2015TD136    16.74      3.110443      0.068259      0.312026       780 
     546814    16.75      3.153719      0.068588      0.310482       780 
  2007TC469    16.75      3.133812      0.064850      0.311474       780 
  2009BZ203    16.75      3.133376      0.072160      0.311656       780 
  2010ON117    16.75      3.138312      0.067602      0.310994       780 
     610531    16.76      3.086206      0.056701      0.313522       780 
   2003GY66    16.76      3.085475      0.065563      0.310901       780 
   2016CB48    16.76      3.091243      0.081370      0.314193       780 
  2010NC143    16.76      3.082661      0.054458      0.312550       780 
  2015BN606    16.76      3.138145      0.070294      0.311181       780 
     589820    16.77      3.082976      0.038707      0.311481       780 
   2017TG45    16.77      3.138675      0.070283      0.311666       780 
   2003CL27    16.78      3.132661      0.066242      0.311476       780 
   2007QG19    16.78      3.130531      0.071906      0.312772       780 
   2012TD17    16.78      3.090833      0.075499      0.314183       780 
   2016JP41    16.78      3.147074      0.070640      0.311046       780 
  2009HW117    16.78      3.100954      0.068073      0.312893       780 
    2014TT9    16.79      3.133841      0.071646      0.311050       780 
   2012GM46    16.79      3.121855      0.075467      0.313262       780 
   2017JQ11    16.79      3.131384      0.068106      0.311066       780 
  2006BN198    16.79      3.129875      0.069629      0.311735       780 
   2010LL29    16.81      3.088889      0.061997      0.312686       780 
  2014KM149    16.81      3.118482      0.068861      0.313379       780 
  2015MG114    16.81      3.084457      0.050115      0.312646       780 
   2010MV81    16.82      3.109191      0.077010      0.313559       780 
  2005UA190    16.82      3.086200      0.069122      0.312399       780 
  2014QL161    16.82      3.086158      0.062640      0.311392       780 
     573320    16.83      3.126460      0.076042      0.314824       780 
    2010LA2    16.83      3.098290      0.081311      0.313714       780 
   2018BC19    16.84      3.144830      0.062505      0.309980       780 
  2006WL211    16.84      3.134624      0.072690      0.311043       780 
   2019AA43    16.85      3.135314      0.067830      0.310782       780 
  2010JH104    16.85      3.132031      0.063988      0.313133       780 
  2014WN133    16.85      3.132191      0.070458      0.312249       780 
  2020OJ104    16.85      3.091322      0.069933      0.312754       780 
   2010VW50    16.86      3.095188      0.052373      0.309595       780 
   2014BG84    16.86      3.123849      0.069123      0.310857       780 
   2016CD25    16.86      3.088414      0.042469      0.312959       780 
   2016LD75    16.86      3.131578      0.069016      0.311103       780 
  2014WQ342    16.86      3.133442      0.069483      0.311293       780 
  2015BZ216    16.86      3.138459      0.072652      0.312677       780 
     559984    16.87      3.081264      0.071284      0.313734       780 
     604169    16.87      3.095522      0.075377      0.312497       780 
   2015FM26    16.87      3.091599      0.069837      0.312766       780 
   2017TV36    16.87      3.085512      0.038234      0.312027       780 
  2014OV127    16.87      3.135767      0.069365      0.312565       780 
     603201    16.88      3.103509      0.075994      0.311981       780 
   2016SG72    16.88      3.126625      0.067844      0.311971       780 
   2019LC17    16.88      3.099352      0.075411      0.313950       780 
   2013NE21    16.90      3.093238      0.079677      0.313357       780 
   2018KM10    16.91      3.133874      0.067264      0.310790       780 
  2003SG364    16.91      3.103482      0.071287      0.313374       780 
  2015TA207    16.91      3.097572      0.063807      0.311890       780 
  2015TU422    16.91      3.137216      0.068502      0.311724       780 
   2006CJ26    16.92      3.125796      0.072390      0.311212       780 
   2015NX32    16.92      3.139220      0.064872      0.309943       780 
  2014EG208    16.92      3.087341      0.053092      0.313558       780 
  2014QH103    16.92      3.141543      0.073149      0.313095       780 
  2015VX191    16.92      3.086924      0.073391      0.312976       780 
  2015XH458    16.92      3.133435      0.066907      0.310442       780 
   2014DX32    16.93      3.079452      0.066919      0.313080       780 
   2019AK81    16.93      3.087374      0.076490      0.313472       780 
   2009QL75    16.95      3.127730      0.071303      0.311388       780 
   2010SG56    16.95      3.137285      0.071968      0.311442       780 
   2015FH26    16.95      3.124392      0.060618      0.313437       780 
  2014EK250    16.95      3.086096      0.041034      0.313179       780 
  2014ST227    16.95      3.081371      0.040078      0.312290       780 
  2016EV291    16.95      3.079646      0.057131      0.309576       780 
   2020BL63    16.96      3.084385      0.076028      0.313107       780 
  2016CR391    16.96      3.129652      0.076402      0.311348       780 
  2009BC208    16.97      3.082811      0.066394      0.313623       780 
   2016WS74    16.98      3.097284      0.075317      0.313952       780 
   2020FL27    16.98      3.136640      0.074937      0.312052       780 
  2012UE229    16.98      3.082424      0.068980      0.314803       780 
  2014SO149    16.98      3.108399      0.080486      0.315926       780 
  2010UR133    16.99      3.091260      0.074934      0.312904       780 
     595948    17.00      3.089561      0.063604      0.312789       780 
     604822    17.00      3.130602      0.068786      0.311169       780 
   2010GF93    17.00      3.123923      0.075928      0.312731       780 
   2016CB49    17.00      3.148644      0.063574      0.309715       780 
   2018PX40    17.00      3.099505      0.073976      0.312813       780 
  2009WJ280    17.00      3.121549      0.070339      0.311593       780 
  2012TA141    17.01      3.124765      0.070944      0.311863       780 
  2013TK210    17.01      3.117564      0.068202      0.314049       780 
     547110    17.02      3.133087      0.066955      0.310196       780 
   2020PG18    17.02      3.087806      0.071525      0.310427       780 
  2014OA130    17.02      3.095812      0.064530      0.311501       780 
  2014OZ112    17.02      3.133594      0.064863      0.310575       780 
  2016NM112    17.02      3.140135      0.062855      0.309119       780 
   2012QS11    17.03      3.115195      0.069880      0.312697       780 
  2014SQ374    17.03      3.094951      0.071087      0.312096       780 
  2017OK132    17.03      3.083286      0.045818      0.312788       780 
   2006JE86    17.04      3.117967      0.071833      0.313119       780 
  2015ME185    17.04      3.129509      0.067173      0.311435       780 
  2015XV476    17.05      3.102506      0.068389      0.312046       780 
  2019SY188    17.05      3.087505      0.063375      0.313369       780 
   2019CF11    17.06      3.133541      0.071759      0.311174       780 
  2014WD519    17.07      3.097827      0.072195      0.312158       780 
     604581    17.08      3.105836      0.070829      0.313413       780 
     577626    17.09      3.127441      0.061997      0.311953       780 
   2016FY90    17.09      3.129611      0.073048      0.314584       780 
  2015TW468    17.09      3.128667      0.076532      0.315646       780 
  2016NF143    17.09      3.091905      0.068563      0.312759       780 
  2003UG380    17.10      3.097771      0.069701      0.313218       780 
  2010CN269    17.10      3.096088      0.065831      0.312619       780 
  2010OS135    17.12      3.130615      0.073885      0.312691       780 
  2015TO435    17.12      3.125827      0.070235      0.312151       780 
  2007VE176    17.13      3.095622      0.051961      0.308687       780 
  2019SV155    17.13      3.105720      0.072905      0.312435       780 
  2012UA244    17.14      3.082075      0.062132      0.312421       780 
   2017NR17    17.15      3.133787      0.074412      0.312998       780 
   2020OR15    17.15      3.087155      0.063940      0.313052       780 
  2015XV464    17.15      3.137405      0.072873      0.310739       780 
    2001WA4    17.16      3.136890      0.068954      0.310462       780 
   2015YB14    17.16      3.097190      0.068782      0.313114       780 
   2016GJ33    17.16      3.146110      0.071137      0.312445       780 
   2010NO54    17.18      3.082926      0.048770      0.313445       780 
  2015BB593    17.18      3.128577      0.071880      0.312131       780 
  2015FG419    17.18      3.088941      0.054050      0.309453       780 
  2021PX101    17.18      3.095690      0.074458      0.312711       780 
    2015TU9    17.19      3.097572      0.063388      0.310830       780 
   2011RN30    17.19      3.098956      0.052920      0.307352       780 
   2011WR22    17.19      3.113976      0.073207      0.313095       780 
  2016TG173    17.19      3.103883      0.071306      0.312995       780 
   2014EA61    17.20      3.138677      0.067738      0.310803       780 
   2019JC51    17.20      3.122449      0.071115      0.312922       780 
   2022BW35    17.22      3.092428      0.061786      0.313479       780 
   2020OX13    17.24      3.109898      0.072692      0.314076       780 
   2020TM78    17.26      3.121136      0.071791      0.310965       780 
  2000WE201    17.26      3.088258      0.070867      0.313209       780 
   2019RP34    17.27      3.096412      0.063066      0.313153       780 
  2014UT267    17.27      3.089294      0.065517      0.311468       780 
  2016CT130    17.27      3.096103      0.055628      0.309200       780 
   2020OE91    17.28      3.120324      0.075178      0.313775       780 
  2015RL309    17.28      3.082226      0.051733      0.311526       780 
  2021RT147    17.28      3.154101      0.063556      0.308811       780 
  2015RT308    17.29      3.110578      0.070111      0.312038       780 
    2021DU7    17.30      3.089945      0.067813      0.314444       780 
   2020MA45    17.30      3.093804      0.047497      0.312560       780 
  2015RE187    17.30      3.083858      0.053270      0.313876       780 
  2015XN158    17.31      3.133909      0.061639      0.310974       780 
   2017OU87    17.32      3.108161      0.068388      0.312401       780 
  2014OY465    17.32      3.100464      0.067192      0.313077       780 
   2016TC52    17.33      3.082405      0.039769      0.311353       780 
   2020QZ87    17.33      3.122549      0.073139      0.311680       780 
   2015SQ43    17.34      3.095694      0.068841      0.312864       780 
  2015XV423    17.34      3.083354      0.060990      0.312921       780 
   2017PS38    17.36      3.134651      0.070105      0.311791       780 
   2020PB24    17.36      3.121845      0.070036      0.313823       780 
  2014OE267    17.37      3.105741      0.075462      0.312027       780 
  2021GF127    17.38      3.107350      0.078357      0.314890       780 
  2017SP189    17.42      3.090653      0.070475      0.311524       780 
    2021DP9    17.43      3.150765      0.065336      0.309684       780 
   2017NZ19    17.46      3.095089      0.070421      0.312707       780 
  2012TT372    17.46      3.118189      0.069156      0.312356       780 
  2017RP146    17.48      3.131934      0.065423      0.310474       780 
  2010MZ120    17.49      3.079533      0.073513      0.312057       780 
  2017FE197    17.49      3.134416      0.067212      0.311248       780 
  2019UE123    17.49      3.152887      0.067253      0.310015       780 
  2011BV207    17.50      3.082119      0.045900      0.311964       780 
   2020UP13    17.52      3.079567      0.068353      0.311652       780 
   2019QP71    17.53      3.098695      0.081565      0.313493       780 
  2020OX101    17.55      3.103742      0.068102      0.312247       780 
   2020MT47    17.62      3.153422      0.065700      0.310332       780 
   2020SK92    17.69      3.093308      0.057450      0.310305       780 
  2021RG115    17.77      3.091666      0.077279      0.313379       780 
   2021TU91    17.86      3.079353      0.061008      0.311361       780 
