         81     8.59      2.854067      0.180750      0.143349        81 
        910    10.46      2.924657      0.175622      0.145062        81 
       2866    11.77      2.911051      0.172790      0.155040        81 
      10065    12.90      2.909602      0.203201      0.143641        81 
      41168    13.52      2.936940      0.170928      0.152657        81 
      14773    14.12      2.849729      0.177309      0.144404        81 
      94021    14.19      2.940122      0.176247      0.161602        81 
      39671    14.22      2.901689      0.172540      0.137707        81 
      40852    14.25      2.840604      0.182055      0.144203        81 
      71480    14.43      2.886547      0.183520      0.141583        81 
      64882    14.48      2.882798      0.183548      0.144546        81 
     123497    14.48      2.889853      0.182424      0.139649        81 
      71188    14.53      2.837029      0.184827      0.150488        81 
      83843    14.55      2.871677      0.185038      0.138700        81 
     118918    14.71      2.937419      0.169283      0.141115        81 
      97173    14.80      2.837151      0.183700      0.148419        81 
      81989    14.84      2.880003      0.189525      0.141800        81 
     206085    14.89      2.876065      0.186717      0.143068        81 
      38377    14.91      2.912896      0.207783      0.140880        81 
     147736    14.93      2.912087      0.203407      0.142084        81 
     135490    14.99      2.882001      0.187323      0.141531        81 
     104615    15.00      2.858487      0.186995      0.149304        81 
      73744    15.04      2.894448      0.178661      0.139134        81 
      87594    15.05      2.916469      0.164707      0.151255        81 
      48776    15.06      2.875997      0.186599      0.140372        81 
     105205    15.07      2.886958      0.179492      0.147564        81 
     166670    15.08      2.877508      0.179490      0.140455        81 
     136843    15.10      2.883984      0.184787      0.141392        81 
     140438    15.10      2.893366      0.177227      0.144619        81 
     154108    15.10      2.850378      0.176501      0.139594        81 
     108721    15.15      2.896333      0.174714      0.138775        81 
     137766    15.16      2.882418      0.184792      0.144937        81 
     233632    15.17      2.883643      0.183627      0.143070        81 
     172377    15.18      2.905649      0.192487      0.148489        81 
     131279    15.22      2.896290      0.184183      0.143785        81 
     166422    15.24      2.856515      0.179503      0.138311        81 
     203745    15.24      2.896253      0.187325      0.144735        81 
     149782    15.32      2.906199      0.179333      0.147267        81 
     153961    15.32      2.888624      0.192287      0.146289        81 
     201842    15.34      2.893890      0.181435      0.144031        81 
     127387    15.35      2.887932      0.198563      0.143638        81 
     166628    15.37      2.845490      0.178586      0.141271        81 
     242062    15.37      2.894070      0.179688      0.141255        81 
     141060    15.38      2.835775      0.180561      0.138032        81 
     158553    15.39      2.887204      0.186720      0.144401        81 
     158542    15.40      2.859523      0.178480      0.147363        81 
     229717    15.40      2.878619      0.180435      0.140949        81 
     189805    15.41      2.874642      0.190277      0.139571        81 
     197475    15.45      2.892157      0.188011      0.145608        81 
     258414    15.45      2.902277      0.165681      0.155375        81 
     174935    15.46      2.902299      0.194130      0.145094        81 
     290586    15.47      2.887315      0.185623      0.142178        81 
     130072    15.48      2.881787      0.187727      0.148951        81 
     148938    15.50      2.873642      0.180061      0.141045        81 
     170996    15.50      2.886147      0.191424      0.143006        81 
     165105    15.51      2.897176      0.183954      0.140609        81 
     206194    15.51      2.896271      0.187199      0.141535        81 
     136562    15.52      2.888708      0.190295      0.143939        81 
     111286    15.55      2.915838      0.168333      0.141357        81 
     129445    15.55      2.882282      0.195417      0.141014        81 
     228280    15.56      2.893540      0.185298      0.145616        81 
     366137    15.56      2.859009      0.186940      0.152137        81 
     244227    15.58      2.902035      0.187530      0.145204        81 
     173697    15.60      2.882391      0.187213      0.141458        81 
     238210    15.63      2.919441      0.210358      0.140675        81 
     230665    15.64      2.853989      0.176741      0.137360        81 
     214072    15.65      2.880666      0.189282      0.143866        81 
     233868    15.66      2.909619      0.178586      0.132954        81 
     183492    15.67      2.890147      0.200533      0.144823        81 
     210965    15.68      2.910831      0.168256      0.150194        81 
     116348    15.70      2.895928      0.183116      0.146623        81 
     185749    15.70      2.911188      0.170726      0.144648        81 
     220765    15.70      2.914877      0.165051      0.151629        81 
     276167    15.72      2.887438      0.186554      0.141685        81 
     346129    15.72      2.928655      0.172908      0.156943        81 
     229191    15.74      2.858883      0.185990      0.139093        81 
     259273    15.76      2.886441      0.185470      0.142751        81 
     257923    15.77      2.837492      0.183769      0.139199        81 
     111636    15.78      2.879909      0.180628      0.140933        81 
     307031    15.79      2.893729      0.180842      0.143866        81 
     312373    15.80      2.906182      0.160039      0.156861        81 
     204110    15.81      2.851674      0.184379      0.144338        81 
     425426    15.82      2.888012      0.189968      0.139613        81 
     254787    15.85      2.840412      0.181141      0.144313        81 
     220740    15.86      2.893799      0.186639      0.141516        81 
     297545    15.87      2.881359      0.180058      0.141313        81 
     306093    15.88      2.893905      0.181418      0.143371        81 
  2015VO125    15.92      2.893011      0.182322      0.146802        81 
     274719    15.93      2.901613      0.183441      0.146153        81 
     215558    15.94      2.902504      0.156818      0.150910        81 
     288708    15.96      2.878544      0.181674      0.142065        81 
     324723    15.97      2.909057      0.166916      0.144265        81 
     349431    15.97      2.838579      0.184763      0.146117        81 
     294990    15.98      2.897944      0.192892      0.144722        81 
     322276    15.98      2.876225      0.179680      0.146072        81 
     347481    15.98      2.921893      0.189430      0.140791        81 
     209342    16.00      2.902182      0.176300      0.140736        81 
     247208    16.01      2.912648      0.205597      0.143089        81 
     375431    16.02      2.896659      0.185562      0.146696        81 
     413385    16.02      2.889550      0.191168      0.141866        81 
     247390    16.03      2.866456      0.183316      0.143306        81 
     409309    16.03      2.879741      0.180599      0.142544        81 
     200019    16.04      2.866660      0.185673      0.141694        81 
     248319    16.05      2.866291      0.184767      0.140545        81 
     299687    16.06      2.882493      0.181981      0.141747        81 
     385613    16.06      2.878621      0.182183      0.141335        81 
     236090    16.07      2.919926      0.185915      0.146540        81 
     243720    16.07      2.930765      0.211280      0.139370        81 
     366354    16.07      2.850995      0.178958      0.143365        81 
     359493    16.08      2.891748      0.181877      0.145152        81 
     247093    16.09      2.894913      0.181990      0.140891        81 
     357699    16.09      2.892994      0.196325      0.144825        81 
     242150    16.10      2.924598      0.179402      0.142197        81 
     265866    16.12      2.866216      0.184156      0.144424        81 
     351204    16.12      2.941452      0.169463      0.140842        81 
   2013GU13    16.13      2.889916      0.188180      0.143246        81 
     232617    16.15      2.850114      0.185524      0.152178        81 
     306972    16.15      2.894100      0.180412      0.139071        81 
     329332    16.15      2.884588      0.183816      0.141875        81 
     344533    16.16      2.862983      0.179356      0.143713        81 
    2016YQ7    16.16      2.875611      0.184834      0.139202        81 
     338164    16.17      2.882883      0.181649      0.140389        81 
     384883    16.17      2.915223      0.166708      0.148378        81 
     260111    16.18      2.931159      0.173205      0.159455        81 
     386947    16.18      2.863041      0.176955      0.135725        81 
     439836    16.19      2.852841      0.183016      0.148328        81 
  2015XY198    16.19      2.901202      0.158991      0.148472        81 
     323574    16.20      2.893901      0.175981      0.141704        81 
     332385    16.20      2.897005      0.186721      0.141780        81 
     239979    16.21      2.864110      0.176110      0.140480        81 
     421240    16.22      2.902433      0.177818      0.138463        81 
     238765    16.23      2.896863      0.191539      0.143469        81 
     208341    16.24      2.879231      0.194700      0.145156        81 
     370489    16.25      2.912692      0.167257      0.154097        81 
     481455    16.27      2.883558      0.184560      0.142924        81 
     393440    16.29      2.881902      0.203232      0.139665        81 
     457413    16.29      2.909534      0.204031      0.137925        81 
    2015PU1    16.29      2.867801      0.180756      0.139760        81 
     257356    16.30      2.890465      0.203234      0.140739        81 
     261657    16.30      2.902822      0.174070      0.143760        81 
     518963    16.30      2.891236      0.194473      0.149017        81 
     615075    16.32      2.875196      0.177399      0.146178        81 
   2014NO59    16.32      2.916227      0.199806      0.139734        81 
     277888    16.33      2.878129      0.194816      0.143884        81 
     427122    16.34      2.884835      0.180651      0.143705        81 
   2014AD58    16.34      2.924211      0.169191      0.141414        81 
     247801    16.35      2.889617      0.179506      0.138705        81 
     387560    16.35      2.838000      0.178394      0.146896        81 
     473650    16.35      2.936648      0.189371      0.143379        81 
     537857    16.36      2.908774      0.198301      0.142284        81 
     265927    16.37      2.896630      0.194858      0.142457        81 
     257427    16.38      2.869432      0.186147      0.137307        81 
     362785    16.38      2.882471      0.180861      0.143490        81 
     370808    16.38      2.850208      0.185784      0.141064        81 
     493859    16.39      2.939086      0.171144      0.152767        81 
   2011UB15    16.39      2.944408      0.180158      0.144619        81 
     242642    16.40      2.842172      0.182250      0.144265        81 
     361857    16.40      2.917442      0.177970      0.131818        81 
    2016KW7    16.41      2.936258      0.166267      0.145293        81 
     285997    16.42      2.940544      0.175898      0.142341        81 
     408185    16.42      2.874433      0.183306      0.139426        81 
     467888    16.42      2.906191      0.178136      0.146674        81 
     400745    16.44      2.932592      0.170808      0.146590        81 
     247902    16.46      2.857392      0.178415      0.137567        81 
     281064    16.47      2.909609      0.173330      0.138690        81 
     454601    16.47      2.848736      0.187489      0.146012        81 
     275594    16.49      2.848448      0.189713      0.141330        81 
     406240    16.49      2.880827      0.178894      0.139973        81 
     433263    16.49      2.915401      0.161603      0.157748        81 
     186130    16.53      2.857579      0.180774      0.134797        81 
     332197    16.53      2.913748      0.168053      0.158494        81 
     381638    16.53      2.899545      0.189987      0.141452        81 
     421304    16.53      2.893874      0.182821      0.148380        81 
     243057    16.54      2.850343      0.189480      0.144433        81 
     317656    16.55      2.912361      0.177703      0.132694        81 
     447199    16.55      2.884743      0.181501      0.144043        81 
     448516    16.55      2.919267      0.169868      0.153789        81 
   2008FW99    16.55      2.912425      0.162414      0.150044        81 
  2015AU255    16.57      2.936724      0.179993      0.145029        81 
     333376    16.59      2.909639      0.183186      0.145982        81 
     408640    16.59      2.867822      0.179405      0.135931        81 
     424913    16.59      2.869393      0.174291      0.139521        81 
     489483    16.59      2.933541      0.165755      0.142530        81 
     552010    16.59      2.902710      0.165092      0.151853        81 
  2011UU130    16.59      2.934222      0.169501      0.155732        81 
     250671    16.60      2.895015      0.202043      0.143973        81 
     261141    16.61      2.840665      0.181902      0.144124        81 
     290115    16.62      2.920891      0.170866      0.145960        81 
     430381    16.62      2.866924      0.178192      0.141382        81 
     505965    16.62      2.892336      0.176072      0.145467        81 
     344141    16.63      2.862424      0.185802      0.139772        81 
     464358    16.63      2.869015      0.190847      0.140244        81 
     254793    16.64      2.878743      0.178574      0.138036        81 
     468769    16.64      2.895402      0.181670      0.147870        81 
   2010FL55    16.64      2.948920      0.167468      0.146241        81 
     380055    16.65      2.892855      0.190961      0.143536        81 
     277618    16.66      2.837092      0.184498      0.144478        81 
     472690    16.66      2.842147      0.187073      0.142034        81 
     339506    16.67      2.933403      0.168655      0.144953        81 
     471146    16.68      2.901397      0.185362      0.143318        81 
   2014QZ90    16.68      2.937916      0.160498      0.142635        81 
     478205    16.69      2.943133      0.176342      0.141897        81 
   2009HZ31    16.69      2.921204      0.177946      0.143537        81 
     395088    16.70      2.927921      0.168636      0.151025        81 
     447208    16.70      2.907801      0.202682      0.139701        81 
     458403    16.70      2.930337      0.175003      0.165377        81 
  2014QM190    16.70      2.881108      0.184155      0.144364        81 
   2013JA46    16.71      2.840499      0.179158      0.140027        81 
     398082    16.72      2.886913      0.190021      0.139024        81 
   2006JL31    16.72      2.843280      0.190534      0.140079        81 
     452670    16.73      2.881093      0.180451      0.142107        81 
     499902    16.74      2.912555      0.159358      0.147992        81 
   2012GV38    16.74      2.912607      0.198664      0.141206        81 
  2011WO163    16.74      2.898036      0.182253      0.138189        81 
     446744    16.76      2.908135      0.192521      0.145367        81 
     442806    16.78      2.940301      0.172777      0.151028        81 
     313281    16.79      2.871522      0.188480      0.145914        81 
  2008WD158    16.79      2.902013      0.181587      0.146741        81 
   2008DP91    16.80      2.896032      0.184801      0.151450        81 
  2005UF360    16.80      2.876474      0.184654      0.142322        81 
     528512    16.81      2.929329      0.175063      0.142925        81 
     514037    16.82      2.911439      0.203322      0.142130        81 
     581331    16.82      2.886871      0.186883      0.150977        81 
  2008SS348    16.82      2.941277      0.182059      0.136727        81 
     447185    16.83      2.871602      0.180732      0.145094        81 
     489021    16.83      2.889983      0.179807      0.145604        81 
     581376    16.83      2.849832      0.182648      0.151603        81 
     475551    16.84      2.910596      0.181815      0.142901        81 
     536466    16.84      2.845308      0.190713      0.137977        81 
  2014WR391    16.84      2.935480      0.181793      0.143784        81 
     458444    16.85      2.883405      0.187870      0.150382        81 
     492577    16.85      2.907430      0.171624      0.140092        81 
  2009WC286    16.85      2.916171      0.173803      0.140807        81 
     320946    16.86      2.898169      0.185274      0.140956        81 
     378924    16.86      2.929039      0.165656      0.141224        81 
     409677    16.86      2.933515      0.178571      0.145275        81 
     287623    16.87      2.902694      0.176856      0.146995        81 
     499467    16.87      2.936901      0.162942      0.141233        81 
  2015BU133    16.87      2.926932      0.175851      0.162313        81 
     378888    16.88      2.865483      0.184212      0.144419        81 
     562665    16.90      2.926560      0.193158      0.146355        81 
  2009WU173    16.90      2.862269      0.179543      0.144413        81 
     420220    16.91      2.934574      0.179643      0.142955        81 
   2018NY27    16.92      2.917496      0.172889      0.153430        81 
  2004FZ168    16.92      2.865679      0.186108      0.149515        81 
     401329    16.93      2.939230      0.172905      0.148066        81 
     521581    16.94      2.940711      0.188185      0.146703        81 
     590196    16.94      2.909790      0.201000      0.145190        81 
   2010KY67    16.94      2.842662      0.181700      0.140039        81 
   2017BE38    16.94      2.857120      0.185006      0.142692        81 
     609704    16.96      2.940362      0.171695      0.143141        81 
     541245    16.97      2.944430      0.201509      0.147480        81 
     467892    16.98      2.918669      0.189190      0.142629        81 
     581547    16.98      2.916187      0.163175      0.154996        81 
   2006OJ40    16.99      2.901603      0.168123      0.148208        81 
     396058    17.00      2.938652      0.183335      0.139487        81 
     615591    17.01      2.938657      0.183719      0.143373        81 
     532300    17.04      2.928516      0.178221      0.131258        81 
     531686    17.06      2.847493      0.185277      0.142917        81 
   2011US51    17.08      2.930309      0.181673      0.145067        81 
     305530    17.09      2.883554      0.184906      0.146928        81 
     471909    17.09      2.901868      0.178591      0.136444        81 
  2015RJ242    17.09      2.839751      0.187591      0.147944        81 
     567477    17.14      2.936616      0.181229      0.136502        81 
    2019DA5    17.14      2.910404      0.179579      0.145721        81 
   2018RP27    17.15      2.939717      0.200829      0.145867        81 
  2005VN113    17.15      2.926013      0.182881      0.142379        81 
  2010AE105    17.16      2.895601      0.181632      0.145385        81 
     501295    17.18      2.937412      0.174031      0.142503        81 
     537440    17.18      2.907240      0.176109      0.136353        81 
   2012XD75    17.18      2.948508      0.165701      0.145547        81 
   2008KY45    17.19      2.949206      0.168592      0.145163        81 
     478269    17.21      2.851653      0.181800      0.143470        81 
   2014PJ77    17.21      2.886157      0.160843      0.161541        81 
     501517    17.22      2.883842      0.195271      0.148112        81 
  2006TS133    17.23      2.841013      0.177445      0.142441        81 
  2016GC303    17.23      2.927746      0.213184      0.140116        81 
     547367    17.24      2.937827      0.188183      0.147321        81 
   2012HX93    17.24      2.893459      0.195125      0.143600        81 
     297378    17.25      2.934459      0.162851      0.143486        81 
     413734    17.25      2.858568      0.182291      0.138202        81 
     532507    17.25      2.851099      0.183105      0.144519        81 
     536010    17.27      2.903395      0.190973      0.146567        81 
     549048    17.27      2.898010      0.193518      0.143782        81 
  2008GO170    17.27      2.902611      0.159907      0.155508        81 
     583648    17.28      2.917948      0.180418      0.138843        81 
   2014PX23    17.28      2.938927      0.191884      0.141167        81 
  2016GK192    17.28      2.892180      0.181563      0.139255        81 
   2014KL93    17.30      2.940908      0.181645      0.141827        81 
     441944    17.31      2.901846      0.178171      0.141702        81 
   2008RC99    17.31      2.859378      0.183455      0.146837        81 
   2009HW49    17.31      2.946630      0.171329      0.139979        81 
  2006QS196    17.31      2.896390      0.175514      0.134676        81 
     516637    17.32      2.919881      0.179666      0.141895        81 
   2011UO69    17.32      2.936086      0.187641      0.142973        81 
  2010BP147    17.32      2.916923      0.184751      0.138589        81 
     553232    17.34      2.850990      0.179862      0.136683        81 
   2016NX85    17.35      2.936761      0.174539      0.163041        81 
  2017DF146    17.35      2.902974      0.160864      0.147690        81 
     572371    17.36      2.936693      0.172116      0.141872        81 
  2015FU422    17.36      2.928368      0.199991      0.145750        81 
     600385    17.37      2.940983      0.172562      0.155776        81 
   2014FN79    17.39      2.871854      0.185630      0.143410        81 
  2009HR116    17.39      2.941503      0.177330      0.141778        81 
   2017FA92    17.40      2.884196      0.179510      0.139158        81 
  2015FS158    17.40      2.932824      0.191389      0.140862        81 
   2010JV94    17.44      2.939005      0.182114      0.145432        81 
  2010AY137    17.44      2.845452      0.182867      0.137817        81 
   2014PW82    17.46      2.870660      0.174573      0.137716        81 
  2010VU270    17.46      2.917403      0.210349      0.140942        81 
  2014WL587    17.46      2.892587      0.193241      0.142808        81 
  2007TJ432    17.47      2.902124      0.179004      0.134447        81 
  2011SD311    17.48      2.889099      0.179929      0.137362        81 
     537463    17.49      2.933085      0.179257      0.147390        81 
   2010BO44    17.49      2.894901      0.194715      0.146153        81 
   2016AX47    17.49      2.902371      0.196220      0.143797        81 
  2016AW280    17.49      2.941169      0.193286      0.141666        81 
  2004BO164    17.51      2.900353      0.176641      0.140525        81 
  2012TU245    17.51      2.848581      0.184728      0.138431        81 
  2013CK213    17.51      2.902529      0.168703      0.154642        81 
  2007VF291    17.52      2.935606      0.168260      0.143874        81 
   2017OO87    17.53      2.937588      0.190325      0.144523        81 
     458484    17.54      2.930460      0.169058      0.151257        81 
   2017FF55    17.54      2.914635      0.184990      0.142411        81 
  2008WC159    17.54      2.948971      0.179707      0.142172        81 
   2019FQ16    17.55      2.927436      0.171216      0.155275        81 
  2017FZ148    17.58      2.913012      0.175960      0.138533        81 
  2005WK141    17.59      2.842968      0.179948      0.143124        81 
  2006WJ140    17.59      2.868604      0.175061      0.134497        81 
   2011OC47    17.60      2.835399      0.176433      0.142394        81 
   2018AK52    17.61      2.871948      0.186916      0.149826        81 
  2006QG193    17.61      2.923290      0.183245      0.138175        81 
  2009HQ102    17.61      2.902358      0.190237      0.143202        81 
   2017GQ24    17.62      2.891293      0.174372      0.141049        81 
  2015PQ283    17.62      2.876163      0.186671      0.145692        81 
   2008RX75    17.63      2.917367      0.167740      0.151460        81 
   2017BV57    17.64      2.857346      0.179705      0.146586        81 
   2013BE21    17.66      2.887284      0.183409      0.141039        81 
  2017DQ148    17.66      2.896682      0.161499      0.161938        81 
   2012PV50    17.67      2.889892      0.162424      0.155580        81 
   2017BW11    17.68      2.942619      0.201009      0.144555        81 
  2016GW298    17.70      2.912249      0.162906      0.155467        81 
   2014NC77    17.73      2.939723      0.172514      0.160389        81 
  2005UR276    17.73      2.897536      0.160766      0.158500        81 
  2012BM123    17.73      2.901812      0.176588      0.137701        81 
   2014BB78    17.74      2.930648      0.192406      0.146195        81 
  2013PV107    17.74      2.897600      0.177297      0.136374        81 
   2007DU74    17.75      2.909589      0.173052      0.144477        81 
   2008HJ76    17.76      2.852995      0.178166      0.142406        81 
  2008GZ159    17.76      2.917944      0.178226      0.134325        81 
  2015BE400    17.78      2.895623      0.161916      0.161001        81 
     580132    17.79      2.858112      0.178820      0.137786        81 
   2017AF53    17.79      2.887320      0.161360      0.156949        81 
   2016GD52    17.80      2.909606      0.182350      0.139332        81 
   2017QY94    17.82      2.909629      0.164073      0.153127        81 
   2019PD22    17.82      2.874928      0.183776      0.143012        81 
  2013HK164    17.82      2.846242      0.179810      0.143832        81 
  2015BQ353    17.82      2.906242      0.202968      0.142037        81 
   2018RJ61    17.84      2.945783      0.187684      0.145886        81 
  2015FQ239    17.85      2.860218      0.178375      0.141171        81 
     581410    17.87      2.889302      0.186942      0.142354        81 
  2015RQ301    17.87      2.895909      0.201061      0.141782        81 
  2010LZ126    17.89      2.902226      0.178475      0.136476        81 
  2011SZ331    17.89      2.887915      0.159809      0.162533        81 
     595850    17.91      2.902138      0.191346      0.142485        81 
  2016PV151    17.91      2.929270      0.189693      0.142042        81 
  2014QK112    17.93      2.902845      0.166574      0.151089        81 
  2006BP201    17.96      2.918066      0.165812      0.142161        81 
  2015DP291    17.96      2.928596      0.173279      0.154390        81 
   2021GW74    17.98      2.907494      0.201007      0.137495        81 
   2016LR97    17.99      2.902127      0.161781      0.148496        81 
  2010KP152    17.99      2.856248      0.190067      0.144911        81 
  2016ED295    18.00      2.907153      0.198826      0.145895        81 
  2021TC137    18.01      2.902790      0.167474      0.141685        81 
   2020OK65    18.02      2.912015      0.187341      0.144815        81 
  2014OV397    18.02      2.934112      0.184554      0.140393        81 
  2014SC119    18.02      2.863473      0.178587      0.145079        81 
  2021GZ102    18.02      2.901500      0.176050      0.148978        81 
  2015RL167    18.03      2.896040      0.166801      0.155301        81 
  2016BK123    18.03      2.901355      0.178878      0.143077        81 
   2010TE32    18.07      2.943387      0.182024      0.137734        81 
   2020OJ40    18.08      2.929308      0.168987      0.140993        81 
   2011BP71    18.09      2.883288      0.192268      0.141970        81 
   2020AX21    18.11      2.944358      0.173679      0.148770        81 
  2013TG222    18.11      2.858851      0.182230      0.148358        81 
  2016PB226    18.13      2.848563      0.178839      0.136959        81 
  2016SX107    18.14      2.892523      0.187872      0.139834        81 
   2018PM48    18.15      2.912345      0.166019      0.156823        81 
  2016AZ320    18.17      2.850769      0.185531      0.148877        81 
  2015RO232    18.20      2.893407      0.173191      0.137454        81 
   2013TE56    18.30      2.836714      0.184402      0.146475        81 
   2018BF32    18.31      2.899201      0.159386      0.160638        81 
   2021UG46    18.33      2.840949      0.175354      0.141158        81 
  2016QS132    18.35      2.943513      0.187569      0.147621        81 
  2001QX338    18.36      2.942437      0.212364      0.138866        81 
  2016PO224    18.36      2.842554      0.180815      0.143477        81 
   2007WQ74    18.37      2.839939      0.181673      0.143870        81 
   2016RD26    18.39      2.902814      0.187894      0.144577        81 
   2014PJ85    18.40      2.862999      0.174986      0.139586        81 
  2014QV186    18.42      2.925300      0.211242      0.139384        81 
   2021PU57    18.51      2.837586      0.180536      0.146139        81 
  2015PV193    18.52      2.851511      0.181693      0.140939        81 
  2015HD226    18.54      2.939090      0.170873      0.152533        81 
   2016HE32    18.65      2.835643      0.177727      0.137411        81 
  2016NE150    18.69      2.919918      0.200030      0.144790        81 
