        845    10.19      2.939560      0.036077      0.208084       845 
       7650    12.51      2.937858      0.034890      0.208377       845 
      28362    13.02      2.927367      0.032487      0.206827       845 
      45390    13.28      2.945542      0.034319      0.207402       845 
      28294    13.34      2.936712      0.035772      0.207918       845 
      86238    13.40      2.944119      0.033700      0.206966       845 
      35919    13.47      2.911222      0.036752      0.206499       845 
      66013    13.48      2.942734      0.035475      0.207868       845 
      86112    13.49      2.942450      0.036262      0.208240       845 
      68997    13.62      2.934258      0.036457      0.208356       845 
      45524    13.71      2.943561      0.033784      0.208079       845 
      49592    13.73      2.947103      0.033477      0.207660       845 
      31755    13.74      2.939174      0.036504      0.209091       845 
      56730    13.74      2.935427      0.036017      0.208390       845 
      22076    13.79      2.942083      0.034424      0.206918       845 
      22746    13.80      2.934479      0.035885      0.208428       845 
      87892    13.87      2.931373      0.035001      0.208396       845 
      22778    13.89      2.909558      0.038069      0.209395       845 
      71675    14.02      2.948193      0.036090      0.207812       845 
      89500    14.07      2.933772      0.030701      0.206968       845 
      54975    14.09      2.904234      0.038232      0.208638       845 
      56952    14.11      2.934867      0.036818      0.208009       845 
      91796    14.12      2.931171      0.036607      0.208301       845 
      50839    14.13      2.931650      0.034474      0.208368       845 
      26506    14.14      2.936376      0.035584      0.207637       845 
      47741    14.14      2.949854      0.038021      0.207494       845 
      50569    14.18      2.935621      0.035887      0.207702       845 
      57347    14.20      2.946798      0.036219      0.207248       845 
      91674    14.20      2.931259      0.035995      0.207977       845 
      25166    14.21      2.934769      0.036016      0.207575       845 
      82582    14.22      2.937868      0.035131      0.207914       845 
      23421    14.25      2.929591      0.035543      0.207566       845 
      17400    14.27      2.883620      0.030343      0.209680       845 
      32647    14.27      2.946302      0.035174      0.207481       845 
      21257    14.28      2.944262      0.036596      0.208239       845 
      78913    14.29      2.946865      0.033974      0.206949       845 
      97353    14.29      2.929647      0.033680      0.208003       845 
      54334    14.32      2.947054      0.031671      0.207571       845 
      62162    14.32      2.921337      0.032800      0.207300       845 
      49471    14.34      2.949682      0.036701      0.207220       845 
      76560    14.34      2.949808      0.036269      0.207458       845 
      82526    14.34      2.938811      0.037429      0.207865       845 
      66239    14.35      2.947104      0.035076      0.206867       845 
     123749    14.41      2.927660      0.035356      0.207288       845 
      45260    14.42      2.942508      0.035964      0.207382       845 
      68234    14.46      2.932967      0.035428      0.208648       845 
      99179    14.46      2.929969      0.035671      0.207844       845 
     166683    14.46      2.948380      0.038199      0.207802       845 
      36507    14.47      2.949376      0.037120      0.207343       845 
      39124    14.48      2.949655      0.040632      0.207655       845 
      64238    14.49      2.931101      0.035996      0.207866       845 
      94036    14.49      2.934125      0.036196      0.207906       845 
      98953    14.49      2.933804      0.036418      0.207550       845 
      82688    14.50      2.959624      0.030538      0.203087       845 
      65510    14.54      2.932017      0.035946      0.208250       845 
      72728    14.55      2.933294      0.034354      0.208483       845 
     105615    14.55      2.932395      0.035997      0.207604       845 
      40495    14.61      2.932600      0.035302      0.207476       845 
      84592    14.61      2.947899      0.035774      0.208028       845 
      87727    14.61      2.931144      0.034283      0.206964       845 
      85023    14.63      2.946440      0.038323      0.207167       845 
      41143    14.64      2.952388      0.035829      0.207658       845 
      51144    14.64      2.926870      0.036155      0.208763       845 
      77738    14.64      2.950166      0.038121      0.207485       845 
      78313    14.64      2.945618      0.032604      0.207457       845 
      97087    14.68      2.945066      0.033002      0.208154       845 
     140903    14.68      2.948771      0.038588      0.208047       845 
     148028    14.69      2.928724      0.034881      0.207946       845 
      95653    14.70      2.942292      0.034695      0.206334       845 
     103924    14.70      2.952227      0.036789      0.207561       845 
     105423    14.70      2.947872      0.037252      0.207121       845 
      63004    14.71      2.947674      0.031894      0.206815       845 
     116130    14.71      2.939446      0.032096      0.204780       845 
     104439    14.72      2.928768      0.034940      0.208940       845 
     104781    14.72      2.932226      0.035685      0.207236       845 
      73596    14.73      2.929997      0.034527      0.207785       845 
     166607    14.74      2.921323      0.034771      0.208479       845 
      83072    14.75      2.949584      0.037134      0.207324       845 
      83864    14.75      2.948760      0.037310      0.208956       845 
     120856    14.76      2.933271      0.035697      0.207963       845 
     164134    14.77      2.943595      0.035602      0.207821       845 
     174479    14.78      2.949315      0.035644      0.207284       845 
     105768    14.79      2.941801      0.034656      0.205549       845 
      60098    14.80      2.888713      0.045419      0.208420       845 
      62927    14.81      2.927827      0.034535      0.207081       845 
     191407    14.82      2.950251      0.036255      0.207111       845 
      97095    14.84      2.932413      0.035207      0.208000       845 
     196980    14.84      2.951265      0.036957      0.207059       845 
     104142    14.85      2.944055      0.037915      0.205802       845 
     112584    14.87      2.945040      0.034628      0.207336       845 
     140865    14.89      2.926066      0.035491      0.206451       845 
      99611    14.90      2.946471      0.035801      0.208010       845 
     163433    14.90      2.952149      0.036260      0.207345       845 
     131259    14.94      2.925431      0.034871      0.207867       845 
     140452    14.95      2.935777      0.035598      0.207515       845 
     145425    14.95      2.933917      0.037387      0.207609       845 
     144764    14.96      2.950085      0.036655      0.206955       845 
     178691    14.96      2.946973      0.037478      0.207418       845 
     237414    14.99      2.954194      0.035430      0.206983       845 
     131356    15.01      2.927912      0.034473      0.206795       845 
     167956    15.01      2.937308      0.037123      0.208902       845 
     191430    15.02      2.928313      0.035487      0.207935       845 
     163414    15.04      2.949596      0.037202      0.207028       845 
     174327    15.04      2.953029      0.037549      0.206680       845 
     178700    15.04      2.932133      0.033994      0.207133       845 
     196682    15.04      2.930856      0.036891      0.209016       845 
     201257    15.04      2.934230      0.036172      0.207063       845 
     117907    15.05      2.926971      0.036551      0.208147       845 
     166577    15.05      2.933207      0.034248      0.208168       845 
     109720    15.06      2.928900      0.034802      0.208095       845 
     163361    15.06      2.930475      0.035422      0.207742       845 
      92010    15.07      2.937549      0.038613      0.209383       845 
     175206    15.07      2.950918      0.035297      0.206713       845 
     229579    15.08      2.921385      0.036628      0.206898       845 
     135987    15.09      2.928968      0.033416      0.208564       845 
      65333    15.10      2.952469      0.043894      0.207962       845 
     129047    15.10      2.941751      0.035581      0.205873       845 
     235420    15.10      2.922550      0.033764      0.206963       845 
     134286    15.12      2.932894      0.034199      0.207724       845 
     144542    15.12      2.948976      0.036707      0.207540       845 
     196115    15.12      2.922869      0.035247      0.205285       845 
     234833    15.12      2.932621      0.035175      0.207892       845 
     150583    15.13      2.952257      0.034931      0.206589       845 
     105592    15.14      2.946873      0.033479      0.206348       845 
     147671    15.14      2.952285      0.034438      0.208088       845 
     143470    15.15      2.945904      0.039096      0.207448       845 
     154200    15.16      2.959626      0.037243      0.202369       845 
     216566    15.16      2.946508      0.030000      0.208187       845 
      89072    15.17      2.931069      0.029449      0.210574       845 
     167620    15.17      2.941459      0.030759      0.208515       845 
     286268    15.20      2.929163      0.033520      0.209076       845 
     196718    15.21      2.879925      0.035009      0.207347       845 
     216025    15.21      2.952447      0.039181      0.208154       845 
     243990    15.21      2.925405      0.035475      0.207829       845 
     200072    15.22      2.924576      0.038068      0.205923       845 
     205539    15.22      2.947678      0.035715      0.206690       845 
     220723    15.22      2.925291      0.034053      0.208752       845 
     151340    15.23      2.943270      0.032000      0.206360       845 
     254398    15.24      2.951832      0.036458      0.208710       845 
     129126    15.25      2.949119      0.039634      0.207540       845 
     161035    15.25      2.913352      0.038694      0.206222       845 
     172779    15.25      2.925783      0.035375      0.207818       845 
     244507    15.25      2.924358      0.035770      0.208417       845 
     182173    15.26      2.922265      0.033880      0.208353       845 
     226970    15.26      2.942646      0.036444      0.206369       845 
     146883    15.28      2.928806      0.035497      0.207963       845 
     173802    15.28      2.947873      0.036561      0.207146       845 
     192380    15.29      2.941238      0.035219      0.206560       845 
      65521    15.30      2.923599      0.037010      0.206800       845 
     242571    15.31      2.936050      0.036712      0.207447       845 
     355557    15.31      2.952987      0.038587      0.208161       845 
     210877    15.33      2.927813      0.036965      0.208344       845 
     318214    15.33      2.948796      0.040252      0.207376       845 
     233074    15.34      2.950608      0.040826      0.207485       845 
   2013EG24    15.36      2.930398      0.034479      0.208113       845 
     206799    15.37      2.923835      0.031221      0.208181       845 
     217318    15.37      2.947478      0.034829      0.206111       845 
     149088    15.39      2.952271      0.037109      0.207400       845 
     268679    15.39      2.952352      0.037602      0.208784       845 
     152439    15.40      2.925573      0.036154      0.208069       845 
     231409    15.40      2.930187      0.037148      0.208425       845 
     245516    15.40      2.923821      0.034465      0.208539       845 
     246851    15.40      2.929437      0.035397      0.207733       845 
     206783    15.41      2.923066      0.033454      0.207717       845 
     242326    15.41      2.920357      0.026699      0.206968       845 
     367974    15.41      2.934856      0.033271      0.207633       845 
     236403    15.44      2.925991      0.036641      0.207124       845 
     368460    15.44      2.926438      0.035663      0.208114       845 
     176438    15.45      2.949795      0.034405      0.205738       845 
     206547    15.45      2.948770      0.038044      0.206381       845 
     214682    15.45      2.952436      0.037530      0.207839       845 
     232358    15.45      2.933425      0.034216      0.207055       845 
     276304    15.45      2.927424      0.034238      0.208702       845 
   2004FB97    15.45      2.925512      0.038456      0.207417       845 
     241969    15.46      2.929447      0.033796      0.207594       845 
     213378    15.47      2.925635      0.037225      0.207138       845 
     242044    15.47      2.952501      0.036737      0.207260       845 
     290881    15.47      2.941364      0.037447      0.205414       845 
     173726    15.50      2.920453      0.034054      0.206361       845 
     192248    15.51      2.923524      0.031605      0.207623       845 
     171234    15.52      2.952381      0.040337      0.206095       845 
     198647    15.52      2.950396      0.035349      0.208583       845 
     246721    15.52      2.933069      0.036727      0.208877       845 
     143403    15.53      2.944373      0.037968      0.204385       845 
     258194    15.53      2.928308      0.036737      0.208013       845 
   2017DF88    15.53      2.927544      0.036090      0.207974       845 
     159391    15.55      2.952494      0.036049      0.206337       845 
     232353    15.55      2.926780      0.034103      0.207799       845 
     296539    15.56      2.948493      0.035184      0.207068       845 
     136364    15.57      2.944906      0.038141      0.205690       845 
     322248    15.58      2.950742      0.034348      0.207362       845 
     140296    15.60      2.950425      0.038077      0.205922       845 
     292264    15.60      2.951281      0.032592      0.205745       845 
     224662    15.61      2.924218      0.035418      0.208284       845 
     241336    15.61      2.924618      0.038229      0.207056       845 
  2014DM141    15.61      2.959386      0.037661      0.206469       845 
     126592    15.62      2.901033      0.030769      0.207778       845 
     245524    15.63      2.953143      0.034220      0.205676       845 
     216380    15.64      2.923486      0.034553      0.208407       845 
     324148    15.64      2.940543      0.032153      0.205869       845 
   2014JE17    15.64      2.947256      0.037353      0.207405       845 
     370836    15.65      2.925735      0.033500      0.207960       845 
     429331    15.65      2.952847      0.033198      0.207113       845 
     212671    15.67      2.947821      0.035771      0.207872       845 
     287441    15.67      2.952486      0.036568      0.205764       845 
     541128    15.67      2.933719      0.031127      0.207936       845 
     284610    15.68      2.923187      0.028713      0.204414       845 
     326037    15.68      2.925673      0.037767      0.207743       845 
     239993    15.70      2.955663      0.036909      0.201776       845 
     292184    15.70      2.950941      0.037334      0.207143       845 
     373086    15.70      2.926801      0.034413      0.207122       845 
     297609    15.71      2.926468      0.033835      0.208029       845 
     197161    15.72      2.947869      0.035252      0.206586       845 
     252110    15.74      2.964522      0.039659      0.205510       845 
     509204    15.74      2.922412      0.034695      0.205960       845 
   2017DH50    15.74      2.923386      0.033209      0.206578       845 
     264072    15.75      2.920893      0.035273      0.208356       845 
     402154    15.75      2.925593      0.033154      0.206984       845 
     451962    15.75      2.952644      0.042524      0.206791       845 
     251516    15.76      2.950775      0.037046      0.205942       845 
     321645    15.76      2.926175      0.031883      0.208802       845 
     198521    15.77      2.921796      0.033816      0.208089       845 
     265890    15.77      2.922493      0.035251      0.206763       845 
     338301    15.77      2.950032      0.035854      0.206420       845 
     360038    15.77      2.929868      0.037145      0.209158       845 
     360888    15.77      2.914237      0.030421      0.205367       845 
     329414    15.78      2.927708      0.037416      0.209265       845 
     370013    15.78      2.918246      0.035806      0.208453       845 
     376238    15.78      2.948028      0.036797      0.207004       845 
     414675    15.80      2.939234      0.036805      0.209087       845 
  2017BQ137    15.80      2.962223      0.030030      0.204450       845 
  2017DL111    15.80      2.948070      0.035789      0.207152       845 
     239558    15.81      2.918946      0.034641      0.208561       845 
     332559    15.81      2.943316      0.034605      0.205854       845 
     343567    15.81      2.925251      0.036403      0.208572       845 
     234922    15.82      2.924516      0.037422      0.206910       845 
     285442    15.82      2.949493      0.034827      0.205770       845 
     310137    15.82      2.922678      0.035592      0.207411       845 
     284600    15.84      2.917041      0.037251      0.205547       845 
     238793    15.86      2.926685      0.035480      0.207455       845 
     241514    15.86      2.935334      0.036952      0.209101       845 
     251052    15.86      2.966311      0.033562      0.204507       845 
     264161    15.86      2.948123      0.034285      0.205855       845 
     312709    15.86      2.950625      0.032895      0.207300       845 
     473708    15.86      2.927787      0.035358      0.207998       845 
     242659    15.87      2.922262      0.036937      0.208632       845 
     262714    15.87      2.924482      0.037499      0.206491       845 
     293403    15.87      2.922155      0.037326      0.207286       845 
     486580    15.87      2.949917      0.039886      0.206536       845 
     212559    15.88      2.921359      0.035970      0.206783       845 
     289289    15.88      2.950812      0.036409      0.207388       845 
     309064    15.88      2.909619      0.039054      0.205841       845 
     453705    15.88      2.920379      0.033947      0.207746       845 
     464751    15.88      2.916146      0.035094      0.206731       845 
     418825    15.90      2.914919      0.033788      0.208485       845 
     246783    15.91      2.924145      0.034013      0.207859       845 
     289532    15.92      2.923438      0.037378      0.207343       845 
     479238    15.92      2.922531      0.037527      0.207452       845 
     529734    15.92      2.927577      0.037587      0.207663       845 
     250663    15.93      2.924488      0.033187      0.207415       845 
     383623    15.93      2.891409      0.032964      0.206509       845 
     463294    15.93      2.953285      0.035752      0.205634       845 
    2009RU2    15.93      2.916962      0.034581      0.208522       845 
     292751    15.94      2.922218      0.036460      0.207541       845 
     353588    15.94      2.926314      0.037318      0.207286       845 
     241438    15.95      2.926979      0.035601      0.207468       845 
     463913    15.95      2.926948      0.036036      0.209110       845 
     493038    15.95      2.908505      0.031220      0.206827       845 
     530665    15.95      2.948382      0.031476      0.206643       845 
     539205    15.95      2.951007      0.037180      0.206289       845 
     341376    15.96      2.925380      0.036665      0.206529       845 
     523418    15.96      2.923684      0.038334      0.207661       845 
    2015HX6    15.96      2.916080      0.031558      0.207232       845 
  2005QZ145    15.96      2.942473      0.039763      0.206797       845 
   2010MA19    15.97      2.909400      0.033999      0.206578       845 
   2017FR97    15.98      2.935437      0.037051      0.205966       845 
     245427    16.00      2.936317      0.038836      0.207638       845 
     284090    16.00      2.946235      0.034577      0.205234       845 
     407014    16.00      2.924765      0.035051      0.208241       845 
     479829    16.00      2.922161      0.035108      0.208562       845 
     519120    16.00      2.918265      0.034812      0.206629       845 
   2016EL81    16.00      2.915558      0.036062      0.208170       845 
     419175    16.01      2.933527      0.038134      0.207471       845 
   2015UL43    16.01      2.916306      0.033807      0.208579       845 
  2015RJ122    16.01      2.919189      0.035858      0.208809       845 
     296890    16.02      2.913251      0.033677      0.206856       845 
     462708    16.02      2.907976      0.029137      0.208067       845 
     274735    16.03      2.919305      0.035471      0.208708       845 
     350672    16.03      2.952625      0.033065      0.206362       845 
     523455    16.03      2.923465      0.034568      0.206810       845 
   2010KJ84    16.03      2.947366      0.037190      0.205611       845 
   2014TD58    16.03      2.926064      0.036411      0.207664       845 
     117314    16.04      2.887929      0.042744      0.211626       845 
     232941    16.04      2.930420      0.037394      0.207449       845 
     308199    16.04      2.921045      0.037592      0.207774       845 
     312696    16.04      2.934044      0.037417      0.206698       845 
     334471    16.04      2.930114      0.033538      0.207403       845 
    2019GA7    16.04      2.935667      0.039892      0.209822       845 
     339456    16.05      2.934630      0.035111      0.207572       845 
     367850    16.05      2.952650      0.035964      0.207834       845 
     402754    16.06      2.918604      0.035248      0.205789       845 
     261565    16.07      2.924399      0.036613      0.208981       845 
     409635    16.07      2.921102      0.030153      0.205886       845 
     426974    16.07      2.943294      0.038734      0.206987       845 
     462972    16.07      2.918824      0.037462      0.207017       845 
     578767    16.07      2.950774      0.041543      0.206779       845 
     318966    16.08      2.944145      0.036519      0.206689       845 
     334535    16.08      2.916713      0.034700      0.207842       845 
   2010KF19    16.08      2.941491      0.033803      0.210240       845 
  2010KP108    16.08      2.925750      0.033663      0.208560       845 
     184585    16.09      2.951193      0.037667      0.205404       845 
     313297    16.09      2.920342      0.037842      0.207838       845 
     316191    16.09      2.926130      0.035202      0.208982       845 
     307292    16.10      2.919521      0.033043      0.208622       845 
     327927    16.10      2.913564      0.034454      0.207366       845 
     397388    16.10      2.949931      0.036202      0.206153       845 
     400831    16.10      2.923557      0.036155      0.208351       845 
   2013SE26    16.10      2.928028      0.034901      0.207379       845 
     239235    16.11      2.949636      0.037777      0.206986       845 
     241186    16.11      2.933368      0.029287      0.205857       845 
     316471    16.11      2.959579      0.030710      0.204281       845 
     380345    16.11      2.906121      0.039156      0.206192       845 
     395457    16.11      2.948564      0.031703      0.205963       845 
     238684    16.12      2.917360      0.035579      0.207536       845 
     357701    16.12      2.922366      0.037133      0.207000       845 
     231793    16.13      2.942808      0.031641      0.207846       845 
   2014UP64    16.13      2.935350      0.037700      0.209468       845 
     247359    16.14      2.916640      0.034862      0.207505       845 
     304306    16.14      2.925014      0.036835      0.208280       845 
     312675    16.14      2.946572      0.038580      0.207420       845 
     341403    16.15      2.951637      0.030513      0.207487       845 
     468403    16.15      2.924045      0.037233      0.206489       845 
     489636    16.15      2.920200      0.033186      0.208392       845 
     544656    16.15      2.952265      0.038567      0.205385       845 
     369147    16.16      2.946184      0.037891      0.208489       845 
     427334    16.16      2.952300      0.038044      0.206376       845 
  2003UK124    16.17      2.947662      0.032466      0.206065       845 
     386203    16.18      2.930969      0.032392      0.207322       845 
     390476    16.18      2.923464      0.035754      0.207730       845 
     469131    16.18      2.910609      0.042790      0.210230       845 
     519040    16.18      2.952022      0.036486      0.208487       845 
     392483    16.19      2.911397      0.024069      0.209209       845 
   2014OM98    16.19      2.923422      0.035013      0.207706       845 
     237685    16.20      2.922654      0.037514      0.207363       845 
     480735    16.20      2.918649      0.037627      0.206382       845 
   2017EQ14    16.20      2.952240      0.035074      0.207411       845 
  2010CU169    16.21      2.920042      0.032654      0.207298       845 
     274541    16.22      2.949534      0.037989      0.206413       845 
     314967    16.22      2.921981      0.035287      0.207898       845 
     355479    16.22      2.949551      0.040832      0.206197       845 
     596330    16.22      2.918982      0.032044      0.207441       845 
     316761    16.23      2.952581      0.036396      0.205149       845 
     349404    16.23      2.908149      0.035903      0.208128       845 
     424344    16.23      2.896615      0.034195      0.205945       845 
     495668    16.23      2.885843      0.046770      0.208211       845 
     563815    16.23      2.950751      0.036506      0.205685       845 
  2015FW343    16.23      2.913704      0.033302      0.207793       845 
     221685    16.24      2.949968      0.034308      0.206306       845 
     386181    16.24      2.917756      0.036135      0.208180       845 
   2017DY75    16.24      2.952110      0.035679      0.207520       845 
  2015VC125    16.24      2.927847      0.034813      0.207115       845 
     360981    16.25      2.911738      0.029425      0.208335       845 
     362558    16.25      2.934336      0.029698      0.210801       845 
     459202    16.25      2.945435      0.032546      0.204778       845 
     537315    16.25      2.942207      0.037385      0.208251       845 
     581838    16.25      2.948386      0.031242      0.204735       845 
  2004RW326    16.25      2.921369      0.037536      0.208501       845 
     380932    16.26      2.918361      0.035884      0.206778       845 
   2012AK27    16.26      2.914376      0.036103      0.206176       845 
     397362    16.27      2.920391      0.038033      0.207791       845 
     571850    16.27      2.936306      0.038416      0.208338       845 
   2015MD28    16.27      2.934400      0.035882      0.207150       845 
     405694    16.28      2.921547      0.033086      0.208221       845 
     284622    16.30      2.918935      0.035752      0.206917       845 
     308980    16.30      2.924909      0.037522      0.207607       845 
     331195    16.30      2.941543      0.030203      0.210104       845 
     346059    16.30      2.936882      0.030971      0.208643       845 
     368840    16.30      2.943052      0.034706      0.207557       845 
     406764    16.30      2.920547      0.034674      0.207543       845 
     411531    16.30      2.937855      0.035160      0.207321       845 
     506012    16.30      2.953340      0.043908      0.208252       845 
     255049    16.31      2.920288      0.038193      0.208376       845 
     350271    16.31      2.947527      0.036383      0.208057       845 
     356889    16.31      2.948284      0.039040      0.205087       845 
     379402    16.31      2.917715      0.034375      0.208430       845 
     430253    16.31      2.912167      0.036122      0.208806       845 
     516057    16.31      2.922473      0.037847      0.207765       845 
     516811    16.31      2.921761      0.036104      0.208524       845 
     575636    16.31      2.933369      0.037072      0.208149       845 
     248708    16.32      2.924314      0.037011      0.207015       845 
     306594    16.32      2.920328      0.036768      0.207989       845 
   2014RF36    16.32      2.912756      0.033197      0.206206       845 
     421377    16.33      2.921838      0.033884      0.208076       845 
     493146    16.33      2.917724      0.035761      0.206962       845 
     504659    16.33      2.919340      0.034049      0.207187       845 
     413404    16.34      2.920110      0.034528      0.207380       845 
     518902    16.34      2.928357      0.032810      0.210021       845 
   2010MB89    16.34      2.925914      0.036005      0.207391       845 
     264200    16.35      2.952059      0.038519      0.205901       845 
     283895    16.35      2.963530      0.032924      0.202693       845 
     329119    16.35      2.915737      0.036515      0.207856       845 
     417838    16.35      2.921579      0.033447      0.207760       845 
     535640    16.35      2.928686      0.037823      0.209259       845 
  2015PG302    16.35      2.915331      0.036604      0.206117       845 
  2015VD136    16.35      2.919700      0.036335      0.208435       845 
     310371    16.36      2.944664      0.030691      0.204703       845 
     359582    16.36      2.961862      0.036923      0.207345       845 
     558644    16.36      2.920625      0.034828      0.207624       845 
    2012CJ6    16.36      2.942351      0.040226      0.209346       845 
  2015TP328    16.36      2.942416      0.034915      0.205981       845 
     392648    16.37      2.914106      0.032504      0.206635       845 
     394286    16.37      2.908381      0.030656      0.208476       845 
     486987    16.37      2.924545      0.030035      0.207071       845 
     516341    16.37      2.918542      0.035798      0.207535       845 
   2015RT86    16.37      2.947247      0.036753      0.205869       845 
  2010VM211    16.37      2.932129      0.036533      0.205744       845 
  2015BU311    16.37      2.917023      0.036438      0.206001       845 
     277825    16.38      2.920466      0.036564      0.208280       845 
     367015    16.38      2.916674      0.036890      0.207740       845 
     441948    16.38      2.949977      0.038197      0.206574       845 
     291166    16.39      2.917489      0.034162      0.208747       845 
     309109    16.39      2.904088      0.032357      0.206786       845 
     296846    16.40      2.919897      0.034720      0.207392       845 
     309078    16.40      2.929627      0.031163      0.204760       845 
     395380    16.40      2.948794      0.036969      0.208005       845 
     411402    16.40      2.919185      0.038552      0.206664       845 
   2016QB16    16.40      2.918413      0.037386      0.206632       845 
     292735    16.41      2.943025      0.036563      0.206511       845 
     323532    16.41      2.919699      0.037809      0.206805       845 
     325597    16.41      2.936383      0.030668      0.209608       845 
     395425    16.41      2.920736      0.035731      0.207658       845 
     437640    16.41      2.926115      0.036734      0.207679       845 
     460966    16.41      2.921910      0.034789      0.207878       845 
     392168    16.42      2.943682      0.035844      0.207504       845 
     477116    16.42      2.918477      0.035928      0.208234       845 
     563236    16.43      2.914021      0.034894      0.209127       845 
  2015DE131    16.43      2.923603      0.039206      0.207905       845 
     472938    16.44      2.924320      0.032274      0.207077       845 
     503209    16.44      2.929285      0.037185      0.205847       845 
     524751    16.44      2.920051      0.030535      0.207405       845 
     547837    16.44      2.921919      0.033414      0.207524       845 
     346141    16.46      2.913565      0.032391      0.207190       845 
     371226    16.46      2.923592      0.035865      0.207345       845 
     439578    16.46      2.926357      0.033249      0.206649       845 
     536330    16.46      2.919412      0.035707      0.207411       845 
     587759    16.46      2.919988      0.038334      0.207456       845 
   2009WK90    16.46      2.917030      0.037792      0.207375       845 
  2008YQ179    16.46      2.923458      0.036107      0.205641       845 
  2015DY126    16.46      2.913402      0.035022      0.207256       845 
     276601    16.47      2.918869      0.032408      0.207900       845 
     281647    16.47      2.914321      0.038242      0.206665       845 
     539522    16.47      2.952408      0.037855      0.206227       845 
   2012BJ22    16.47      2.913559      0.032655      0.207473       845 
   2017CC35    16.47      2.914131      0.036899      0.206396       845 
  2015TA263    16.47      2.950439      0.036981      0.206768       845 
   2014XE29    16.48      2.912520      0.035361      0.206669       845 
  2006KE119    16.49      2.950235      0.036322      0.208605       845 
     458504    16.50      2.952301      0.030124      0.205716       845 
     472553    16.50      2.903644      0.033281      0.206660       845 
     471765    16.51      2.961417      0.032824      0.204357       845 
     544194    16.51      2.912166      0.032766      0.207195       845 
   2014TE78    16.51      2.923588      0.037113      0.208142       845 
     341802    16.52      2.933216      0.034347      0.206646       845 
     343582    16.52      2.925374      0.036843      0.209135       845 
     420068    16.52      2.906395      0.034024      0.206976       845 
     549228    16.52      2.915575      0.033824      0.208774       845 
   2015CJ30    16.52      2.909538      0.028366      0.205723       845 
  2008UV400    16.52      2.916481      0.036223      0.205928       845 
     259317    16.53      2.914895      0.036738      0.208060       845 
     386531    16.53      2.933774      0.037694      0.206146       845 
     535744    16.53      2.916113      0.036860      0.206222       845 
   2011AM92    16.53      2.947069      0.039064      0.208578       845 
     355139    16.54      2.924508      0.037104      0.206887       845 
     410597    16.54      2.912771      0.032385      0.206648       845 
     421353    16.54      2.917500      0.035692      0.208366       845 
     515911    16.54      2.941276      0.039851      0.208453       845 
     540667    16.54      2.921896      0.037985      0.206968       845 
   2012HY89    16.54      2.930096      0.038852      0.209282       845 
  2010UT113    16.54      2.948466      0.039209      0.205338       845 
  2016PS109    16.54      2.920635      0.036467      0.208186       845 
     448523    16.55      2.911087      0.032723      0.206444       845 
     278642    16.56      2.912449      0.033427      0.206294       845 
     535806    16.56      2.950927      0.039692      0.205940       845 
  2015FO252    16.56      2.912577      0.035001      0.208947       845 
     309972    16.57      2.924582      0.036267      0.206187       845 
     389152    16.57      2.913252      0.034341      0.207949       845 
     486519    16.57      2.925833      0.033308      0.207519       845 
     535792    16.57      2.931953      0.035761      0.206538       845 
   2016EG22    16.57      2.908331      0.033170      0.209201       845 
  2014SZ166    16.57      2.917329      0.028185      0.206415       845 
     435320    16.58      2.929251      0.035477      0.207727       845 
     465806    16.58      2.911593      0.033744      0.206805       845 
     581791    16.58      2.923619      0.037305      0.206607       845 
  2014WZ317    16.58      2.923627      0.035976      0.208290       845 
     439144    16.59      2.943465      0.034489      0.209423       845 
     445757    16.59      2.951656      0.034358      0.207146       845 
     467042    16.59      2.914843      0.035103      0.210012       845 
     493403    16.59      2.930428      0.039044      0.208063       845 
     522003    16.59      2.950657      0.038247      0.205429       845 
   2015ON92    16.59      2.908035      0.025914      0.206911       845 
   2016TR66    16.59      2.924908      0.035894      0.208170       845 
     515065    16.60      2.945686      0.035829      0.208547       845 
     521590    16.60      2.916298      0.037133      0.205165       845 
     536406    16.60      2.919444      0.034907      0.207143       845 
    1992SM4    16.60      2.935084      0.038372      0.209278       845 
   2015FT87    16.60      2.913087      0.036139      0.207413       845 
     443554    16.61      2.909597      0.030290      0.208341       845 
     524680    16.61      2.914763      0.034547      0.208881       845 
   2011GF29    16.61      2.946653      0.036663      0.205477       845 
  2012XV149    16.61      2.912636      0.034762      0.209162       845 
  2013CP164    16.61      2.947612      0.032662      0.208836       845 
  2014EQ175    16.61      2.910333      0.034716      0.208294       845 
     363998    16.62      2.914882      0.039014      0.207595       845 
     366981    16.62      2.916521      0.036249      0.208551       845 
     420573    16.62      2.906177      0.038519      0.208689       845 
     471813    16.62      2.900417      0.028714      0.204537       845 
     449713    16.63      2.908020      0.040083      0.205795       845 
     500487    16.63      2.887987      0.041107      0.204623       845 
   2008XU27    16.63      2.906194      0.037412      0.210437       845 
  2002PN179    16.63      2.912137      0.032658      0.205705       845 
  2011WG111    16.63      2.919419      0.035883      0.208622       845 
     355513    16.64      2.925227      0.034119      0.207779       845 
     513068    16.64      2.955732      0.043765      0.206887       845 
     533112    16.64      2.966751      0.037665      0.199901       845 
     537877    16.64      2.952864      0.032156      0.208736       845 
     547963    16.64      2.920961      0.036412      0.208412       845 
   2010BZ52    16.64      2.944467      0.031464      0.208810       845 
   2016OY11    16.64      2.912651      0.035097      0.208030       845 
     472217    16.65      2.917835      0.037551      0.207785       845 
     517797    16.65      2.943611      0.038255      0.205160       845 
   2016QY80    16.65      2.934109      0.034574      0.206360       845 
     388324    16.66      2.913149      0.033562      0.208954       845 
     494342    16.66      2.899199      0.037523      0.208163       845 
     535274    16.66      2.921790      0.032504      0.205274       845 
  2015FR385    16.66      2.915971      0.035751      0.208171       845 
     326320    16.67      2.947329      0.031238      0.210029       845 
     376595    16.67      2.961341      0.038318      0.205060       845 
     414623    16.67      2.910477      0.043707      0.204751       845 
  2014WJ119    16.67      2.916405      0.035887      0.207157       845 
     334494    16.68      2.915092      0.036307      0.208108       845 
     369930    16.68      2.952489      0.035398      0.206179       845 
   2010BC78    16.68      2.967918      0.034464      0.200369       845 
   2010KN95    16.68      2.925221      0.035805      0.207918       845 
   2010PS37    16.68      2.925290      0.038925      0.207934       845 
     327987    16.69      2.926815      0.035809      0.207491       845 
     411093    16.69      2.938077      0.034928      0.204213       845 
     575525    16.69      2.940868      0.041480      0.204014       845 
   2012FW93    16.69      2.918408      0.035034      0.208240       845 
  2014SX347    16.69      2.951008      0.034699      0.204984       845 
     425226    16.70      2.898317      0.031188      0.206901       845 
     462369    16.70      2.912001      0.036117      0.207810       845 
  2001TO268    16.70      2.912676      0.034332      0.208193       845 
     381490    16.71      2.905286      0.028273      0.206118       845 
     413415    16.71      2.914437      0.033525      0.207151       845 
     500417    16.71      2.966299      0.031777      0.204391       845 
     573105    16.71      2.905169      0.031848      0.207554       845 
   2016LC97    16.71      2.920754      0.031211      0.207345       845 
  2014WG333    16.71      2.910245      0.037581      0.206953       845 
     467466    16.72      2.952338      0.030197      0.204923       845 
     530565    16.72      2.916851      0.036435      0.207396       845 
     551831    16.72      2.950944      0.036186      0.205373       845 
     577062    16.72      2.912235      0.035066      0.208664       845 
    2015RF9    16.72      2.919234      0.033763      0.208286       845 
   2016EO39    16.72      2.948239      0.036643      0.204884       845 
   2017FS51    16.72      2.906616      0.036883      0.209038       845 
  2010TY196    16.72      2.946400      0.034077      0.206931       845 
     504363    16.73      2.920748      0.035370      0.209027       845 
     537855    16.73      2.913643      0.036814      0.207896       845 
     597976    16.73      2.925899      0.037237      0.207376       845 
   2010LP77    16.73      2.909600      0.029499      0.205949       845 
     464068    16.74      2.912618      0.037866      0.209294       845 
     539169    16.74      2.952421      0.039761      0.205072       845 
     576756    16.74      2.921125      0.038831      0.208099       845 
   2014DH67    16.74      2.924289      0.035503      0.206237       845 
   2015TJ55    16.74      2.926385      0.035412      0.205523       845 
   2017EV23    16.74      2.915002      0.032012      0.208740       845 
   2017KU18    16.74      2.924865      0.037759      0.207251       845 
  2014QO461    16.74      2.908588      0.032561      0.208887       845 
     338196    16.75      2.916968      0.035959      0.206036       845 
     437167    16.75      2.920419      0.034909      0.208568       845 
     467787    16.75      2.941752      0.038344      0.206873       845 
     522342    16.75      2.945015      0.035399      0.206547       845 
   2015HQ32    16.75      2.912556      0.033925      0.208235       845 
     328572    16.76      2.934984      0.030994      0.203397       845 
     493431    16.77      2.917706      0.034657      0.208304       845 
     454504    16.78      2.915177      0.036830      0.208216       845 
     504359    16.78      2.917725      0.037506      0.209093       845 
     516156    16.78      2.908652      0.036073      0.206161       845 
     521181    16.78      2.963347      0.037498      0.199623       845 
     562822    16.78      2.950579      0.034528      0.208078       845 
  2014QK465    16.78      2.914771      0.033784      0.208258       845 
     490466    16.79      2.917823      0.032275      0.207271       845 
   2014JD35    16.79      2.912454      0.038020      0.207830       845 
   2014OW27    16.79      2.927473      0.038531      0.206402       845 
     248696    16.80      2.921918      0.036093      0.208178       845 
     376770    16.80      2.926875      0.037120      0.209132       845 
     430170    16.80      2.903258      0.023697      0.205394       845 
     601289    16.80      2.892136      0.049150      0.208527       845 
    2015WY5    16.80      2.934681      0.037845      0.210550       845 
   2010KL89    16.80      2.909668      0.040257      0.206775       845 
    2014GC3    16.81      2.918700      0.034884      0.207819       845 
   2015XA62    16.81      2.928449      0.038628      0.209069       845 
  2012TG164    16.81      2.908177      0.037403      0.209272       845 
     398974    16.82      2.940851      0.035729      0.207350       845 
  2016CD101    16.82      2.915707      0.030825      0.207118       845 
     392589    16.83      2.952210      0.038431      0.206089       845 
     468186    16.83      2.913653      0.040184      0.207846       845 
     517653    16.83      2.931004      0.036859      0.208892       845 
     378871    16.84      2.914447      0.034626      0.206950       845 
     395593    16.84      2.919699      0.036082      0.206862       845 
     449049    16.84      2.916723      0.035905      0.207281       845 
     493180    16.84      2.919418      0.035850      0.206835       845 
     512701    16.84      2.950524      0.034108      0.204983       845 
   2008UK86    16.84      2.918904      0.037744      0.207461       845 
   2010FQ27    16.84      2.918412      0.035212      0.208164       845 
   2010MT40    16.84      2.923565      0.033186      0.207555       845 
   2011RD13    16.84      2.912742      0.036128      0.207136       845 
  2005YK261    16.84      2.917098      0.034390      0.208077       845 
  2013CK144    16.84      2.929481      0.034927      0.208493       845 
  2014WQ518    16.84      2.969640      0.038905      0.207605       845 
  2017RR105    16.84      2.908418      0.034889      0.206159       845 
     418675    16.85      2.949734      0.037416      0.205434       845 
     428843    16.85      2.915634      0.037240      0.209300       845 
     487058    16.85      2.911464      0.031828      0.206702       845 
     492828    16.85      2.913360      0.035778      0.209018       845 
     520592    16.85      2.934901      0.032421      0.207623       845 
     544992    16.85      2.953195      0.032148      0.207435       845 
   2015KN14    16.85      2.913969      0.037920      0.206126       845 
     470890    16.86      2.924676      0.036486      0.207550       845 
   2003TG22    16.86      2.912309      0.033964      0.208301       845 
   2011TE22    16.86      2.909563      0.026621      0.206609       845 
   2013WV36    16.86      2.910851      0.029096      0.209651       845 
  2009SJ310    16.86      2.896356      0.033818      0.204630       845 
     381594    16.87      2.968356      0.035945      0.201403       845 
     426642    16.87      2.909515      0.029630      0.208598       845 
     522111    16.87      2.909221      0.028773      0.208072       845 
     554472    16.87      2.913253      0.034291      0.208044       845 
     598897    16.87      2.913089      0.035421      0.207474       845 
     603160    16.87      2.919090      0.033285      0.207489       845 
   2005RN34    16.87      2.948328      0.034748      0.207671       845 
   2005XP36    16.87      2.912218      0.034692      0.207319       845 
     539686    16.88      2.946756      0.038304      0.207161       845 
   2007RR72    16.88      2.914683      0.035368      0.208317       845 
  2010RZ131    16.88      2.907468      0.040598      0.207944       845 
     539632    16.89      2.914318      0.038669      0.208124       845 
   2002WC33    16.89      2.904215      0.038105      0.208779       845 
   2007TE45    16.89      2.970823      0.032545      0.204084       845 
   2015AD75    16.89      2.891894      0.045623      0.207957       845 
  2013TM183    16.89      2.951248      0.036060      0.205812       845 
  2015BB352    16.89      2.913335      0.035185      0.207686       845 
     451344    16.90      2.916262      0.037291      0.209158       845 
     454590    16.90      2.906991      0.038737      0.206746       845 
     574866    16.90      2.905483      0.030081      0.205623       845 
     596316    16.90      2.916884      0.035101      0.207809       845 
   2005XQ45    16.90      2.903128      0.033332      0.205310       845 
  2006QF200    16.90      2.914318      0.029482      0.205891       845 
     444994    16.91      2.927779      0.037860      0.207315       845 
     458046    16.91      2.924444      0.036576      0.208157       845 
     604235    16.91      2.924034      0.036356      0.208517       845 
   2010WQ47    16.91      2.906827      0.025184      0.206164       845 
   2011VY25    16.91      2.916045      0.038199      0.207421       845 
   2016WU39    16.91      2.917620      0.036005      0.208396       845 
   2020AC23    16.91      2.921317      0.037248      0.208184       845 
  2012DP122    16.91      2.899536      0.036231      0.207561       845 
     467660    16.92      2.906726      0.045179      0.208270       845 
     494494    16.92      2.911799      0.032253      0.208702       845 
     537377    16.92      2.944775      0.037499      0.206368       845 
   2009SB75    16.92      2.910662      0.038245      0.206842       845 
  2009WV103    16.92      2.933175      0.036039      0.206188       845 
  2017SC107    16.92      2.900977      0.040502      0.207941       845 
     505956    16.93      2.916212      0.035855      0.208001       845 
     542054    16.93      2.910575      0.032267      0.209097       845 
     559267    16.93      2.913374      0.036276      0.206431       845 
     596255    16.93      2.950557      0.040356      0.207894       845 
   2010JP54    16.93      2.916939      0.037160      0.208456       845 
   2013ED77    16.93      2.919007      0.032954      0.207710       845 
  2007TW406    16.93      2.928837      0.037654      0.206024       845 
     437209    16.94      2.919838      0.037956      0.206403       845 
   2014SY19    16.94      2.913633      0.033345      0.207902       845 
     531586    16.95      2.908665      0.038855      0.207750       845 
   2015HV16    16.95      2.911743      0.034725      0.209359       845 
     332553    16.96      2.908757      0.033525      0.206551       845 
     389174    16.96      2.945364      0.038512      0.207359       845 
     545547    16.96      2.934771      0.038914      0.207647       845 
   2011VZ12    16.96      2.911877      0.036088      0.205547       845 
   2012GD47    16.96      2.964527      0.039033      0.206670       845 
  2014OB414    16.96      2.947846      0.033647      0.206853       845 
  2015XX407    16.96      2.899416      0.028589      0.206575       845 
     545637    16.97      2.914899      0.036363      0.207063       845 
   2015TB30    16.97      2.937197      0.038352      0.205746       845 
  2005VX134    16.97      2.914313      0.035658      0.206695       845 
  2015XH102    16.97      2.909483      0.042531      0.207037       845 
     394227    16.98      2.902578      0.042042      0.209239       845 
     482354    16.98      2.910611      0.036231      0.208710       845 
     502252    16.98      2.913683      0.039640      0.205618       845 
     581709    16.98      2.941291      0.034968      0.210743       845 
     590346    16.98      2.933494      0.034650      0.204714       845 
   2006TW88    16.98      2.950744      0.033441      0.207905       845 
  2006SO258    16.98      2.917714      0.034400      0.206827       845 
  2014WN351    16.98      2.922429      0.039037      0.206423       845 
  2014WS387    16.98      2.942776      0.036477      0.207667       845 
     499941    16.99      2.908445      0.037716      0.206982       845 
     547942    16.99      2.926197      0.036645      0.208652       845 
   2007FU56    16.99      2.927666      0.037262      0.205983       845 
   2010OM66    16.99      2.935565      0.036021      0.208228       845 
   2019XS11    16.99      2.913923      0.038087      0.207144       845 
  2008AW144    16.99      2.927972      0.037552      0.204656       845 
  2008TB173    16.99      2.915632      0.037618      0.206391       845 
  2014SJ255    16.99      2.917192      0.037142      0.208380       845 
  2015DS115    16.99      2.922075      0.037005      0.208811       845 
  2016QD128    16.99      2.951523      0.035675      0.206130       845 
     473858    17.00      2.909635      0.038597      0.206979       845 
     514198    17.00      2.909538      0.040446      0.207015       845 
     520729    17.00      2.912698      0.036407      0.208869       845 
     598098    17.00      2.921566      0.034915      0.207656       845 
   2011AX89    17.00      2.916556      0.035412      0.207452       845 
   2014FQ88    17.00      2.910286      0.034241      0.209853       845 
   2015SC50    17.00      2.890046      0.037638      0.206609       845 
   2016RH77    17.00      2.909568      0.033557      0.206961       845 
  2014QL109    17.00      2.952361      0.036938      0.207180       845 
  2015MJ110    17.00      2.950728      0.037219      0.204351       845 
  2015MY136    17.00      2.914565      0.037921      0.210004       845 
     435932    17.01      2.917481      0.034956      0.207337       845 
   2005RT53    17.01      2.925019      0.037623      0.207366       845 
   2009WR88    17.01      2.915361      0.035832      0.207690       845 
     458488    17.02      2.918033      0.039488      0.210095       845 
     466280    17.02      2.906818      0.030083      0.205940       845 
     601354    17.02      2.914450      0.035172      0.208440       845 
     609852    17.02      2.910880      0.032935      0.206981       845 
  2003UM365    17.02      2.909583      0.037661      0.207502       845 
  2007UF146    17.02      2.909524      0.042537      0.205790       845 
  2007VQ161    17.02      2.910873      0.033553      0.207398       845 
  2009SM379    17.02      2.914112      0.038783      0.208900       845 
  2014QE506    17.02      2.909058      0.038899      0.206252       845 
     528731    17.03      2.898135      0.028518      0.206742       845 
     571796    17.03      2.942275      0.032325      0.205074       845 
     578674    17.03      2.937508      0.031034      0.208883       845 
    2008WE9    17.03      2.951321      0.037499      0.206603       845 
   2009YD17    17.03      2.918622      0.033989      0.205617       845 
   2013PX64    17.03      2.938905      0.037703      0.206968       845 
  2001TA270    17.03      2.924776      0.036901      0.207126       845 
  2014DD175    17.03      2.934260      0.035903      0.207310       845 
  2015TL327    17.03      2.897965      0.047882      0.211137       845 
     488043    17.04      2.898022      0.031116      0.207465       845 
     558738    17.04      2.926311      0.037801      0.207597       845 
     572866    17.04      2.908199      0.038424      0.208327       845 
   2014TP12    17.04      2.926697      0.028369      0.203077       845 
   2015XK91    17.04      2.920619      0.038594      0.208105       845 
   2016RY81    17.04      2.940616      0.032028      0.204365       845 
  2010VJ213    17.04      2.935951      0.037081      0.208294       845 
  2015BC222    17.04      2.898992      0.035318      0.207134       845 
  2015OT136    17.04      2.920569      0.036892      0.206575       845 
     581920    17.05      2.915233      0.032063      0.207660       845 
     583820    17.05      2.927519      0.034844      0.208988       845 
   2009BC57    17.05      2.907851      0.032121      0.209105       845 
   2010PN16    17.05      2.936273      0.035589      0.208034       845 
  2011UE438    17.05      2.916523      0.037396      0.208062       845 
  2014UH239    17.05      2.908419      0.036630      0.207185       845 
  2016GC319    17.05      2.908728      0.039232      0.206695       845 
  2021RN153    17.05      2.915936      0.033845      0.208444       845 
     444991    17.06      2.934428      0.036807      0.208750       845 
     514438    17.06      2.910689      0.035847      0.207681       845 
     563880    17.06      2.940113      0.037038      0.206054       845 
     580897    17.06      2.942070      0.036368      0.208166       845 
     584939    17.06      2.917701      0.035184      0.208732       845 
     611411    17.06      2.924703      0.036285      0.208663       845 
   2015XF12    17.06      2.946819      0.030645      0.206208       845 
  2014WP451    17.06      2.904300      0.035682      0.207229       845 
  2016QM133    17.06      2.924995      0.036068      0.208271       845 
     551940    17.07      2.907522      0.030712      0.207131       845 
     600411    17.07      2.949822      0.034754      0.207790       845 
     601242    17.07      2.898346      0.043916      0.207028       845 
   1997SZ35    17.07      2.913861      0.034810      0.207400       845 
   2014QJ97    17.07      2.896263      0.049395      0.210265       845 
  2008TT136    17.07      2.889535      0.034059      0.210435       845 
  2014OZ414    17.07      2.902762      0.041937      0.206900       845 
  2014SD180    17.07      2.964983      0.031747      0.202565       845 
     490943    17.08      2.922544      0.034793      0.208473       845 
  2009WC176    17.08      2.908888      0.040008      0.206749       845 
  2019GP117    17.08      2.912778      0.038599      0.209141       845 
     501392    17.09      2.900911      0.033461      0.206451       845 
     557538    17.09      2.909907      0.032975      0.209382       845 
   2015TT56    17.09      2.911717      0.035790      0.208155       845 
  2016QH132    17.09      2.908837      0.036494      0.206344       845 
     513377    17.10      2.945757      0.038631      0.205561       845 
     516006    17.10      2.915254      0.037995      0.207626       845 
   2014VK16    17.10      2.914538      0.035674      0.209136       845 
   2015SW28    17.10      2.909524      0.035593      0.208124       845 
     481169    17.11      2.914944      0.034808      0.208030       845 
     611158    17.11      2.946198      0.036602      0.207043       845 
   2016LM17    17.11      2.902570      0.025099      0.205901       845 
  2000CH152    17.11      2.914798      0.036988      0.207414       845 
  2016GL208    17.11      2.907090      0.038204      0.208623       845 
     564607    17.12      2.908242      0.031830      0.208725       845 
   2003TL61    17.12      2.904208      0.032555      0.204388       845 
   2012TF88    17.12      2.930204      0.034594      0.206311       845 
   2015HH46    17.12      2.889388      0.046130      0.206429       845 
  2015DA259    17.12      2.900404      0.038875      0.208067       845 
  2015XK417    17.12      2.937158      0.031454      0.204253       845 
  2016GM208    17.12      2.911299      0.037004      0.206979       845 
  2017RK106    17.12      2.941031      0.039693      0.204405       845 
     609739    17.13      2.915548      0.033339      0.206954       845 
   2016EG51    17.13      2.912152      0.035848      0.209483       845 
  2016PD168    17.13      2.923944      0.033784      0.207727       845 
  2016SL105    17.13      2.923947      0.036342      0.208145       845 
     536966    17.14      2.912030      0.038887      0.207799       845 
     589624    17.14      2.917857      0.036632      0.207350       845 
   2009OF13    17.14      2.910483      0.037208      0.208186       845 
   2014SX42    17.14      2.915844      0.038513      0.206789       845 
   2015RV50    17.14      2.971395      0.032255      0.204833       845 
   2016RM81    17.14      2.930487      0.037186      0.209181       845 
  2014OF407    17.14      2.934618      0.037449      0.206395       845 
  2016GD261    17.14      2.892966      0.032756      0.204746       845 
     519750    17.15      2.921547      0.036392      0.206311       845 
     568482    17.15      2.904973      0.020386      0.209022       845 
   2005RT16    17.15      2.907302      0.028595      0.208214       845 
   2016PL44    17.15      2.927278      0.033557      0.210664       845 
  2010XZ101    17.15      2.927450      0.037397      0.208641       845 
  2014UN150    17.15      2.915622      0.036583      0.206696       845 
  2016CQ291    17.15      2.919242      0.036583      0.208529       845 
     530581    17.16      2.934958      0.039661      0.211435       845 
     559394    17.16      2.881755      0.036821      0.206908       845 
     559415    17.16      2.910432      0.035660      0.207300       845 
   2014TC81    17.16      2.925818      0.034642      0.208034       845 
     521422    17.17      2.915185      0.037395      0.207281       845 
     576794    17.17      2.900049      0.036557      0.207139       845 
   2014TC98    17.17      2.901021      0.023049      0.208492       845 
  2014DG193    17.17      2.907647      0.032583      0.206443       845 
  2015XH103    17.17      2.975828      0.033780      0.204225       845 
    2012PQ9    17.18      2.952544      0.038927      0.207169       845 
   2009FS12    17.18      2.933738      0.029764      0.206374       845 
   2011DM21    17.18      2.927581      0.036195      0.208629       845 
   2014TL56    17.18      2.893754      0.050492      0.208241       845 
   2016VE34    17.18      2.918133      0.036814      0.206761       845 
   2018PL56    17.18      2.909513      0.038504      0.205915       845 
  2012TZ148    17.18      2.928092      0.036044      0.206383       845 
  2014EN184    17.18      2.904200      0.027203      0.208336       845 
  2014WQ105    17.18      2.955665      0.032892      0.209769       845 
  2016AL307    17.18      2.930899      0.036344      0.207958       845 
  2016AO367    17.18      2.907068      0.029706      0.207241       845 
  2019GO119    17.18      2.952420      0.041098      0.205924       845 
     537138    17.19      2.904066      0.025261      0.207333       845 
     602610    17.19      2.922761      0.035783      0.208238       845 
   2010XS95    17.19      2.938392      0.033879      0.206379       845 
   2012EV27    17.19      2.906909      0.036386      0.206860       845 
   2017VV44    17.19      2.905790      0.040408      0.206892       845 
  2001DV113    17.19      2.919520      0.035019      0.208209       845 
  2004TT213    17.19      2.900777      0.038025      0.208110       845 
     563907    17.20      2.895617      0.037374      0.207223       845 
     586133    17.20      2.920199      0.035284      0.206397       845 
     587761    17.20      2.902610      0.026676      0.207991       845 
     615958    17.20      2.910534      0.038906      0.208023       845 
   2006JZ62    17.20      2.921351      0.039129      0.207357       845 
   2008RC59    17.20      2.919445      0.036706      0.207651       845 
  2008TX217    17.20      2.935701      0.035332      0.205694       845 
  2009DQ160    17.20      2.916949      0.030686      0.205776       845 
  2014OE213    17.20      2.902583      0.037974      0.208102       845 
     475564    17.21      2.907746      0.028915      0.208872       845 
     573829    17.21      2.945133      0.034612      0.206531       845 
     600990    17.21      2.961002      0.029603      0.202439       845 
   2008ES45    17.21      2.933063      0.032628      0.204428       845 
   2011LC36    17.21      2.919109      0.034423      0.208616       845 
   2013WB92    17.21      2.904070      0.029420      0.207207       845 
   2015FV13    17.21      2.955632      0.036281      0.206231       845 
   2016CH50    17.21      2.933220      0.031724      0.205116       845 
   2017SK28    17.21      2.892052      0.034797      0.209293       845 
   2020FM39    17.21      2.922078      0.033641      0.206090       845 
  2008UT407    17.21      2.917392      0.038132      0.206105       845 
  2014QD412    17.21      2.935801      0.036304      0.208237       845 
  2014WW329    17.21      2.895321      0.038562      0.208436       845 
  2015DK303    17.21      2.910703      0.038775      0.207576       845 
  2016PL156    17.21      2.909568      0.040315      0.207361       845 
     503143    17.22      2.949296      0.034592      0.207965       845 
  2007HK109    17.22      2.893766      0.028698      0.206782       845 
     569094    17.23      2.928833      0.032060      0.206158       845 
     597206    17.23      2.919261      0.036922      0.206595       845 
     597947    17.23      2.899135      0.043943      0.207209       845 
     602370    17.23      2.926807      0.036271      0.205408       845 
     607130    17.23      2.890964      0.031213      0.208477       845 
    2011JZ5    17.23      2.881508      0.034718      0.205599       845 
   2013UF45    17.23      2.901860      0.036306      0.211082       845 
   2015VF21    17.23      2.910387      0.038115      0.208411       845 
   2016PT65    17.23      2.966623      0.038289      0.204558       845 
   2020PL77    17.23      2.913513      0.036881      0.205117       845 
   2020TQ17    17.23      2.930099      0.036957      0.208936       845 
  2008CA230    17.23      2.904218      0.022937      0.206876       845 
  2009WP299    17.23      2.933148      0.036208      0.206587       845 
  2010MF138    17.23      2.950215      0.038263      0.208338       845 
  2014QM509    17.23      2.910579      0.036431      0.207397       845 
  2014QZ380    17.23      2.915229      0.031085      0.207146       845 
  2016ED300    17.23      2.926332      0.035128      0.209480       845 
   2005SG55    17.24      2.895821      0.051398      0.207782       845 
  2009SV392    17.24      2.909253      0.035930      0.206616       845 
  2013AP205    17.24      2.976822      0.033513      0.206049       845 
  2015TY448    17.24      2.945587      0.031441      0.205333       845 
  2015XP442    17.24      2.951023      0.034673      0.206559       845 
  2016SB109    17.24      2.938895      0.033930      0.205221       845 
  2019GR118    17.24      2.896366      0.042600      0.208300       845 
     516003    17.25      2.926626      0.035343      0.207996       845 
     594760    17.25      2.919901      0.036978      0.208736       845 
     609833    17.25      2.899574      0.037474      0.208991       845 
   2008VF97    17.25      2.917225      0.030134      0.207937       845 
   2010PC45    17.25      2.952545      0.038924      0.207710       845 
   2016DV42    17.25      2.952898      0.028988      0.204811       845 
   2016EV75    17.25      2.901598      0.046766      0.207420       845 
   2016XU28    17.25      2.934169      0.036403      0.206999       845 
   2018AY48    17.25      2.934026      0.033913      0.208752       845 
   2018YN12    17.25      2.935712      0.035758      0.207592       845 
  2007TH472    17.25      2.902683      0.044086      0.206838       845 
  2010VZ258    17.25      2.968208      0.033694      0.201624       845 
  2015PM268    17.25      2.904968      0.039432      0.207493       845 
  2016PY184    17.25      2.905846      0.036281      0.209115       845 
  2016PY214    17.25      2.906610      0.031302      0.206981       845 
     564188    17.26      2.934923      0.031321      0.209243       845 
     609953    17.26      2.936660      0.034327      0.208525       845 
   2014SD78    17.26      2.950710      0.038153      0.207017       845 
   2016CN83    17.26      2.910766      0.036149      0.208418       845 
  2010KV157    17.26      2.921220      0.036702      0.209100       845 
  2015PA219    17.26      2.909619      0.023431      0.208211       845 
     508488    17.27      2.933175      0.035937      0.209248       845 
     600408    17.27      2.921920      0.035823      0.207872       845 
   2020OW13    17.27      2.937231      0.035534      0.206890       845 
     456013    17.28      2.906421      0.029542      0.208673       845 
   2014PN76    17.28      2.895698      0.037193      0.207785       845 
  2012TZ371    17.28      2.920109      0.035154      0.208126       845 
  2016QJ102    17.28      2.916428      0.037924      0.206784       845 
     588373    17.29      2.929965      0.033705      0.205997       845 
     590992    17.29      2.915921      0.033219      0.207257       845 
   2010RW72    17.29      2.899873      0.037527      0.211549       845 
   2012HU96    17.29      2.899515      0.032221      0.206507       845 
  2008SH140    17.29      2.905353      0.037580      0.206884       845 
  2008TT225    17.29      2.943741      0.033090      0.203776       845 
     594256    17.30      2.934760      0.037099      0.207045       845 
   2016AV17    17.30      2.906444      0.033224      0.208096       845 
  2014HQ239    17.30      2.914010      0.033069      0.208084       845 
  2015AD238    17.30      2.938113      0.038182      0.206119       845 
  2018VG142    17.30      2.908624      0.032784      0.210093       845 
     448584    17.31      2.952482      0.033470      0.205581       845 
   2009EA11    17.31      2.913694      0.037059      0.207691       845 
   2020PU22    17.31      2.949670      0.035623      0.205825       845 
  2015PE334    17.31      2.918384      0.032993      0.209030       845 
     564697    17.32      2.902577      0.028767      0.207374       845 
  2008TU226    17.32      2.911925      0.036988      0.207215       845 
  2016AM299    17.32      2.911838      0.033839      0.207367       845 
     518004    17.33      2.899007      0.038458      0.209231       845 
    2012VW3    17.33      2.930931      0.035907      0.206740       845 
    2020CX6    17.33      2.913341      0.037777      0.209345       845 
   2010BV37    17.33      2.933686      0.035257      0.205002       845 
   2014AJ66    17.33      2.945615      0.038264      0.205693       845 
   2015EY49    17.33      2.913327      0.037494      0.210012       845 
   2016BD91    17.33      2.947618      0.031360      0.205998       845 
   2016LO93    17.33      2.906700      0.039035      0.207491       845 
   2020PS25    17.33      2.891620      0.047922      0.207248       845 
  2016AS282    17.33      2.907783      0.036396      0.209380       845 
     555116    17.34      2.901690      0.028029      0.208125       845 
   2010RT91    17.34      2.907556      0.032738      0.206195       845 
   2014QV88    17.34      2.932342      0.036002      0.208943       845 
   2020LA14    17.34      2.930751      0.035336      0.208438       845 
   2020RM24    17.34      2.967174      0.033676      0.203704       845 
  2015RV138    17.34      2.917790      0.032305      0.207523       845 
     512513    17.35      2.916218      0.032882      0.208121       845 
     575792    17.35      2.891697      0.038896      0.206768       845 
     581579    17.35      2.907882      0.030114      0.208709       845 
   2010MN59    17.35      2.904233      0.033952      0.206080       845 
   2017KH20    17.35      2.902582      0.036929      0.207576       845 
  2010JO199    17.35      2.942021      0.036332      0.204510       845 
  2014QT259    17.35      2.923633      0.035126      0.207633       845 
  2015TK314    17.35      2.898781      0.036268      0.206784       845 
  2017DP139    17.35      2.901066      0.051127      0.206951       845 
  2017QW102    17.35      2.919481      0.037212      0.207117       845 
  2017SL190    17.35      2.895788      0.036309      0.204807       845 
     527809    17.36      2.910282      0.037191      0.207615       845 
     602364    17.36      2.944680      0.035164      0.208234       845 
   2012HV93    17.36      2.908909      0.034568      0.208333       845 
   2015SE45    17.36      2.921469      0.035474      0.207906       845 
   2017QP98    17.36      2.908494      0.035006      0.206910       845 
   2017WO64    17.36      2.897750      0.036849      0.209075       845 
  2003SM462    17.36      2.905339      0.030092      0.208029       845 
  2015FN378    17.36      2.975958      0.032928      0.205876       845 
     494969    17.37      2.936794      0.036506      0.207653       845 
     600461    17.37      2.901141      0.046506      0.205272       845 
   2014QR69    17.37      2.911194      0.037758      0.208962       845 
  2009VJ122    17.37      2.922435      0.033302      0.205572       845 
  2011CQ140    17.37      2.915160      0.037474      0.208785       845 
  2013HL103    17.37      2.905559      0.033027      0.206443       845 
   2014PU75    17.38      2.896792      0.030792      0.208140       845 
   2021RC30    17.38      2.904114      0.042194      0.207442       845 
  2006SG301    17.38      2.896055      0.041442      0.206529       845 
  2011EJ100    17.38      2.902624      0.041153      0.208250       845 
  2014QS462    17.38      2.899053      0.035624      0.205776       845 
  2015BB591    17.38      2.950575      0.038264      0.207782       845 
  2016AF304    17.38      2.910705      0.021072      0.208378       845 
     587696    17.39      2.917720      0.036270      0.207101       845 
   2014JY84    17.39      2.912089      0.038822      0.207148       845 
   2016HP33    17.39      2.902942      0.042200      0.208243       845 
   2016ND35    17.39      2.897381      0.031194      0.207224       845 
  2014QT251    17.39      2.893946      0.031717      0.206817       845 
  2015BG431    17.39      2.901177      0.028102      0.205624       845 
  2015TH426    17.39      2.963583      0.037316      0.201009       845 
  2016EV323    17.39      2.900697      0.035481      0.210351       845 
     589122    17.40      2.906175      0.039045      0.207447       845 
  2014OS220    17.40      2.925409      0.034728      0.208921       845 
  2015BN571    17.40      2.938549      0.036933      0.208347       845 
  2015XX436    17.40      2.907556      0.036330      0.207332       845 
     491205    17.41      2.902540      0.024596      0.207946       845 
     579179    17.41      2.912308      0.037262      0.207754       845 
   2017OY50    17.41      2.920352      0.037244      0.205736       845 
   2020KN34    17.41      2.906644      0.035799      0.205807       845 
  2008UJ152    17.41      2.895083      0.038939      0.209547       845 
  2011UL442    17.41      2.953020      0.036718      0.206228       845 
  2014SJ370    17.41      2.916393      0.033548      0.208491       845 
  2015DG277    17.41      2.904205      0.044980      0.208185       845 
  2017BY199    17.41      2.903645      0.032651      0.206886       845 
   2020RP46    17.42      2.904159      0.033440      0.207207       845 
  2007VJ343    17.42      2.907393      0.021122      0.206968       845 
  2014HF172    17.42      2.914445      0.037633      0.206839       845 
   2009UC41    17.43      2.907005      0.041140      0.209752       845 
   2017NY18    17.43      2.901891      0.044290      0.208658       845 
   2019SX71    17.43      2.902956      0.031926      0.208180       845 
  2006TS144    17.43      2.940876      0.037299      0.208191       845 
  2016QF134    17.43      2.930174      0.038201      0.206680       845 
   2015TK91    17.44      2.902614      0.029355      0.206304       845 
   2020RE76    17.44      2.911221      0.035074      0.208022       845 
  1998SK180    17.44      2.907149      0.044148      0.209587       845 
  2008UE394    17.44      2.902529      0.045473      0.208559       845 
  2014WV584    17.44      2.909157      0.029679      0.207429       845 
  2016EB277    17.44      2.897195      0.035776      0.209661       845 
    2016CR7    17.45      2.904152      0.025430      0.206303       845 
    2016GW7    17.45      2.918711      0.037564      0.207052       845 
   2008XN64    17.45      2.918280      0.037838      0.211365       845 
   2018TS44    17.45      2.913031      0.033619      0.209734       845 
  2014JM110    17.45      2.898936      0.036404      0.207966       845 
  2014WE224    17.45      2.906768      0.032300      0.209174       845 
  2016AE357    17.45      2.945043      0.033239      0.206837       845 
   2015BH49    17.46      2.910590      0.035344      0.208212       845 
  2016PK217    17.46      2.907488      0.046037      0.207635       845 
   2017MJ19    17.47      2.950441      0.037479      0.206502       845 
  2015BB599    17.47      2.897031      0.046478      0.208579       845 
  2017UE180    17.47      2.916698      0.037452      0.206258       845 
     601611    17.48      2.901356      0.046501      0.209115       845 
   2016PZ56    17.48      2.944635      0.032098      0.204716       845 
   2017WP64    17.48      2.937148      0.039089      0.208005       845 
  2010UM124    17.48      2.919676      0.037255      0.207455       845 
  2010XS104    17.48      2.892020      0.047312      0.206546       845 
  2011SL339    17.48      2.917726      0.037035      0.206655       845 
  2016AW306    17.48      2.913686      0.038735      0.207906       845 
  2016BF135    17.48      2.936621      0.037658      0.205711       845 
  2016NS164    17.48      2.936788      0.035360      0.209330       845 
  2021PZ106    17.48      2.910229      0.035578      0.208101       845 
     604200    17.49      2.910123      0.033457      0.208127       845 
   2008CB92    17.49      2.894535      0.039032      0.208901       845 
   2012CO64    17.49      2.895731      0.026922      0.207691       845 
   2014HQ93    17.49      2.908037      0.037966      0.208240       845 
   2014PF10    17.49      2.972329      0.033212      0.203914       845 
  2009WZ146    17.49      2.914602      0.038717      0.207443       845 
  2013CN228    17.49      2.901901      0.036082      0.207528       845 
  2015BP335    17.49      2.908669      0.036019      0.207934       845 
  2016AW173    17.49      2.901063      0.041901      0.207519       845 
  2016GC311    17.49      2.898823      0.036214      0.207671       845 
   2008TV40    17.50      2.890134      0.042433      0.207393       845 
   2014ES54    17.50      2.904221      0.027721      0.206991       845 
   2018BJ25    17.50      2.905172      0.037470      0.207978       845 
   2019RE72    17.50      2.899265      0.039185      0.207861       845 
   2020HT69    17.50      2.911863      0.042331      0.208235       845 
  1999TH342    17.50      2.942026      0.034468      0.206953       845 
  2014OU118    17.50      2.905088      0.036453      0.208613       845 
  2016CQ396    17.50      2.907049      0.024871      0.208451       845 
  2016NE145    17.50      2.892943      0.032221      0.207642       845 
     615960    17.51      2.906446      0.034498      0.207633       845 
   2020PD40    17.51      2.919362      0.036957      0.207667       845 
  2014QZ556    17.51      2.906224      0.032436      0.208302       845 
  2016AO248    17.51      2.902605      0.034824      0.208972       845 
  2017FD192    17.51      2.900247      0.029501      0.206088       845 
  2017RB132    17.51      2.947001      0.035607      0.204637       845 
     558672    17.52      2.934884      0.034098      0.208958       845 
  2007VQ236    17.52      2.942055      0.034577      0.205837       845 
  2010RX128    17.52      2.916075      0.034263      0.210013       845 
  2013PY105    17.52      2.948517      0.035531      0.205373       845 
  2021PZ150    17.52      2.904133      0.047432      0.207862       845 
   2012UK94    17.53      2.906839      0.035834      0.208080       845 
   2014QU73    17.53      2.911862      0.037257      0.209385       845 
   2020BW98    17.53      2.897876      0.028511      0.208003       845 
   2020KT39    17.53      2.939852      0.034566      0.206667       845 
   2020RR53    17.53      2.921423      0.037414      0.207561       845 
  2014QW411    17.53      2.902570      0.025275      0.209733       845 
  2016CQ179    17.53      2.904153      0.034654      0.206554       845 
  2020OV105    17.53      2.887108      0.034722      0.206214       845 
     549123    17.54      2.907780      0.028271      0.207989       845 
   2011OT62    17.54      2.953472      0.036686      0.202915       845 
   2014BR77    17.54      2.907843      0.043678      0.207827       845 
  2016QX143    17.54      2.912033      0.037577      0.209180       845 
  2020RJ117    17.54      2.924869      0.031784      0.208443       845 
   2017WC62    17.55      2.908908      0.036878      0.206909       845 
   2020QM82    17.55      2.907183      0.040639      0.208066       845 
   2021TG20    17.55      2.909591      0.034266      0.207519       845 
  2013CL238    17.55      2.926835      0.034401      0.209002       845 
  2014SR301    17.55      2.909527      0.043296      0.208612       845 
  2016CJ191    17.55      2.920467      0.034624      0.207077       845 
  2016CL182    17.55      2.895920      0.035076      0.207470       845 
  2014HX244    17.56      2.916043      0.034969      0.209126       845 
  2015XV176    17.56      2.898982      0.043272      0.209439       845 
  2016AN346    17.56      2.911600      0.035665      0.208238       845 
  2008TQ221    17.57      2.904084      0.036451      0.208505       845 
  2015AS122    17.57      2.889355      0.030530      0.209303       845 
  2016ES296    17.57      2.909606      0.022233      0.208086       845 
    2014BS4    17.58      2.905057      0.036210      0.208370       845 
   2014EK56    17.58      2.901871      0.025725      0.206218       845 
   2018UZ25    17.58      2.955786      0.032952      0.204260       845 
  2013RH148    17.58      2.918092      0.033148      0.207418       845 
  2014KH149    17.58      2.900411      0.039925      0.207465       845 
  2015MQ195    17.58      2.919710      0.038910      0.206281       845 
  2021RD177    17.58      2.933409      0.037994      0.205494       845 
   2014GS88    17.59      2.899163      0.038242      0.208994       845 
   2014YB78    17.59      2.913382      0.030889      0.206920       845 
   2018AB61    17.59      2.895335      0.043083      0.206513       845 
   2019QM72    17.59      2.901022      0.033250      0.206539       845 
   2019RX50    17.59      2.934973      0.029884      0.203125       845 
   2021RH48    17.59      2.895254      0.027118      0.208409       845 
  2015BW573    17.59      2.921534      0.035837      0.206542       845 
  2015XH247    17.59      2.890591      0.028991      0.207674       845 
  2017SY151    17.59      2.881665      0.029731      0.209061       845 
  2017UA103    17.59      2.905416      0.027876      0.208886       845 
  2008CV240    17.60      2.911070      0.033644      0.206867       845 
  2009WR111    17.60      2.908583      0.033971      0.208683       845 
  2015XD490    17.60      2.906380      0.033959      0.207173       845 
  2016PN222    17.60      2.915430      0.036928      0.207340       845 
  2017OU113    17.60      2.925744      0.034665      0.208106       845 
  2017QP115    17.60      2.893580      0.049932      0.208975       845 
   2015KB85    17.61      2.888643      0.042171      0.210047       845 
   2017NC18    17.61      2.908048      0.033225      0.207567       845 
  2016CH102    17.61      2.953069      0.033700      0.207151       845 
   2017HH20    17.62      2.910754      0.037474      0.209132       845 
  2012UF220    17.62      2.921186      0.029993      0.204937       845 
  2021RS155    17.62      2.894626      0.035277      0.209117       845 
   2011RS27    17.63      2.890328      0.031492      0.206557       845 
   2020MY47    17.63      2.900128      0.033948      0.207988       845 
   2020TH78    17.63      2.931453      0.029591      0.202612       845 
  2010CG276    17.63      2.911944      0.036376      0.208281       845 
  2016BM110    17.63      2.907847      0.027178      0.207640       845 
  2016PH214    17.63      2.900784      0.021308      0.208468       845 
   2020QJ64    17.64      2.905704      0.037940      0.206363       845 
  2013AX186    17.64      2.897916      0.032123      0.206832       845 
  2014OG439    17.64      2.902435      0.037221      0.209708       845 
  2015MK132    17.64      2.929466      0.037571      0.207737       845 
  2019SL135    17.64      2.950718      0.034827      0.203802       845 
    2018MX2    17.65      2.899198      0.028052      0.204293       845 
   2010SU34    17.65      2.923512      0.036581      0.208328       845 
   2020JA34    17.65      2.899138      0.044435      0.207091       845 
  2009SN368    17.65      2.900976      0.028486      0.207142       845 
  2014DR127    17.65      2.916998      0.033097      0.208385       845 
  2021GU110    17.65      2.892591      0.043022      0.210102       845 
   2006RX25    17.66      2.891344      0.034708      0.207432       845 
   2020OC33    17.66      2.920755      0.037487      0.207383       845 
  2015FK347    17.66      2.898732      0.040884      0.207138       845 
  2016GR279    17.66      2.897877      0.025281      0.210702       845 
   2006QF73    17.68      2.967087      0.038710      0.201332       845 
  2016PM192    17.68      2.924167      0.035786      0.205227       845 
  2021TO135    17.68      2.901897      0.034669      0.205444       845 
   2020RS19    17.69      2.901769      0.040042      0.208095       845 
  2015TT317    17.69      2.953169      0.043734      0.206551       845 
   2010WV33    17.70      2.944145      0.036259      0.207499       845 
   2014DR43    17.70      2.896660      0.034666      0.208419       845 
  2006SA383    17.70      2.909985      0.035903      0.205354       845 
     555085    17.71      2.894611      0.032449      0.207349       845 
   2020UZ36    17.71      2.935428      0.034981      0.207838       845 
   2005WU11    17.72      2.908910      0.034386      0.207190       845 
   2012CQ61    17.72      2.908825      0.042375      0.207081       845 
  2009UH175    17.72      2.899571      0.035744      0.209462       845 
  2011BB194    17.73      2.894528      0.043998      0.210335       845 
  2016PA219    17.73      2.958398      0.031543      0.202378       845 
  2016TV182    17.73      2.906590      0.040807      0.207109       845 
   2015RQ38    17.74      2.896944      0.047363      0.204356       845 
   2017RR40    17.74      2.908196      0.031870      0.207495       845 
   2020QB80    17.74      2.913493      0.027814      0.207990       845 
  2014OZ118    17.74      2.908494      0.036549      0.208776       845 
  2016GP109    17.74      2.916128      0.031718      0.207081       845 
  2014OY105    17.75      2.910201      0.030771      0.208694       845 
   2014PA88    17.76      2.893424      0.029639      0.207788       845 
  2021RS184    17.76      2.938609      0.035307      0.207822       845 
  2010TL106    17.77      2.890830      0.040808      0.208765       845 
  2016PY173    17.77      2.895939      0.034876      0.207073       845 
    2017WK7    17.78      2.898312      0.041278      0.205162       845 
   2020KM40    17.78      2.898803      0.031117      0.205661       845 
  2016EX292    17.78      2.901015      0.042635      0.208166       845 
   2017OG97    17.79      2.916032      0.035538      0.208364       845 
   2020JN41    17.79      2.885698      0.034558      0.205993       845 
   2020QF90    17.79      2.912519      0.038729      0.208657       845 
   2017RA79    17.80      2.910386      0.038919      0.206973       845 
   2018PO51    17.80      2.914783      0.033744      0.207178       845 
  2009SF387    17.80      2.937609      0.033454      0.206088       845 
  2014EF243    17.80      2.891675      0.030339      0.208991       845 
   2015XL67    17.81      2.946645      0.039873      0.205373       845 
   2020SQ91    17.81      2.906684      0.034367      0.207932       845 
  2016PE220    17.81      2.922286      0.038225      0.205374       845 
   2020TB15    17.83      2.901075      0.039000      0.207146       845 
   2020VD26    17.83      2.898976      0.028470      0.206641       845 
  2014OL304    17.83      2.919242      0.035355      0.207625       845 
   2020PT63    17.84      2.893928      0.038991      0.208645       845 
  2006KD156    17.84      2.948797      0.036913      0.207874       845 
  2014SK106    17.84      2.907790      0.030669      0.209542       845 
  2016TO183    17.84      2.899875      0.043552      0.210642       845 
   2006JC89    17.85      2.942248      0.030382      0.207792       845 
   2020TV74    17.85      2.895421      0.040119      0.207677       845 
  2011SH341    17.85      2.902600      0.044001      0.205872       845 
  2011UW490    17.85      2.900237      0.035975      0.205834       845 
  2012TD373    17.85      2.883644      0.035302      0.206159       845 
   2020ON40    17.86      2.897657      0.046974      0.206607       845 
  2014HA266    17.87      2.899099      0.046416      0.209219       845 
  2016CF180    17.87      2.917625      0.036036      0.208519       845 
  2018VE144    17.87      2.952485      0.028759      0.203085       845 
   2020UB54    17.88      2.902454      0.037545      0.209458       845 
  2014OX426    17.88      2.889613      0.040294      0.205914       845 
  2016NJ166    17.88      2.893361      0.036229      0.205211       845 
  2016PB220    17.88      2.909182      0.036645      0.208743       845 
  2012US209    17.89      2.913758      0.033276      0.207915       845 
  2014OS425    17.90      2.904197      0.036817      0.207056       845 
  2015BS591    17.90      2.900999      0.034279      0.207811       845 
  2021RB149    17.93      2.910913      0.035737      0.206857       845 
  2016CO121    17.94      2.903012      0.035910      0.208629       845 
  2014JC114    17.98      2.886947      0.035928      0.207962       845 
   2014SP85    17.99      2.924854      0.038194      0.206358       845 
  2014QJ259    17.99      2.912238      0.036736      0.209132       845 
   2021TC34    18.02      2.890211      0.042701      0.208714       845 
  2015RJ324    18.02      2.897064      0.042308      0.208965       845 
   2020QO88    18.04      2.896698      0.042803      0.207277       845 
   2012UY10    18.06      2.895031      0.030876      0.208262       845 
  2016TK181    18.09      2.909340      0.040925      0.208831       845 
