         86     8.76      3.106382      0.180537      0.063407        86 
      19585    14.04      3.093603      0.186892      0.060882        86 
     132991    14.76      3.112921      0.176818      0.056040        86 
     106302    14.83      3.109581      0.179186      0.061403        86 
     157946    14.89      3.111011      0.182149      0.065366        86 
      99988    14.95      3.110315      0.182489      0.071677        86 
      63400    14.96      3.107156      0.171669      0.056704        86 
     146911    15.03      3.113073      0.181202      0.072630        86 
     143516    15.13      3.110658      0.178282      0.061269        86 
     135406    15.44      3.115888      0.176431      0.058538        86 
     155107    15.44      3.102030      0.181105      0.061195        86 
     155869    15.56      3.105706      0.173209      0.056953        86 
     193753    15.67      3.106750      0.180350      0.059512        86 
     320399    15.70      3.106283      0.181920      0.068954        86 
     144513    15.72      3.111365      0.178315      0.061375        86 
     239236    15.79      3.111832      0.178699      0.059687        86 
     270081    15.88      3.102634      0.181353      0.061457        86 
     267822    15.93      3.096569      0.183776      0.055230        86 
     393048    15.93      3.114410      0.177542      0.060069        86 
     306277    15.94      3.115480      0.177495      0.060150        86 
     422563    15.95      3.109629      0.173759      0.059780        86 
     155044    15.96      3.093887      0.183190      0.062864        86 
     239484    15.96      3.118067      0.176498      0.060139        86 
     474951    15.96      3.091545      0.184615      0.063075        86 
     236017    15.99      3.106510      0.185409      0.055395        86 
     297780    16.00      3.106499      0.182167      0.053764        86 
     206870    16.01      3.102670      0.183243      0.059929        86 
     204986    16.02      3.113473      0.178132      0.061002        86 
     198807    16.08      3.096638      0.181858      0.058202        86 
     279154    16.08      3.114969      0.176675      0.059011        86 
     391716    16.10      3.106012      0.182142      0.062147        86 
     382505    16.12      3.112587      0.178107      0.061292        86 
     211453    16.13      3.106275      0.174368      0.053487        86 
     250782    16.14      3.115332      0.176952      0.059196        86 
     276531    16.15      3.101735      0.185676      0.060032        86 
     375640    16.16      3.106367      0.186495      0.056233        86 
     182823    16.19      3.118297      0.177656      0.059708        86 
     252745    16.21      3.111070      0.177551      0.058189        86 
     438195    16.26      3.117126      0.176777      0.058355        86 
     334156    16.28      3.106599      0.183189      0.069232        86 
     149849    16.30      3.117142      0.173261      0.059501        86 
     254236    16.30      3.102712      0.181745      0.061267        86 
     387576    16.30      3.115988      0.177449      0.060315        86 
     321266    16.31      3.098273      0.182409      0.059212        86 
   2006GU27    16.32      3.106251      0.174681      0.063172        86 
     459784    16.34      3.112823      0.177928      0.058435        86 
     257641    16.35      3.110557      0.180796      0.059632        86 
     396016    16.35      3.109795      0.178045      0.061319        86 
     380407    16.37      3.109365      0.181614      0.067850        86 
     383686    16.37      3.102649      0.183946      0.061063        86 
     466226    16.38      3.106944      0.182529      0.058921        86 
     374628    16.39      3.087524      0.180446      0.060289        86 
     235417    16.41      3.106985      0.174974      0.058307        86 
     337756    16.41      3.092611      0.182720      0.060890        86 
     446041    16.41      3.103396      0.187213      0.062032        86 
     260269    16.42      3.109868      0.178381      0.058706        86 
     352044    16.42      3.117632      0.176540      0.058089        86 
     341798    16.43      3.092013      0.185232      0.063103        86 
     408297    16.46      3.107426      0.177776      0.061663        86 
   2014YS58    16.46      3.106404      0.176745      0.055586        86 
     450725    16.47      3.116221      0.176594      0.057810        86 
     308370    16.48      3.106470      0.184860      0.055760        86 
     311410    16.49      3.106143      0.178895      0.062998        86 
     358904    16.49      3.113645      0.178612      0.060785        86 
     377255    16.49      3.115519      0.177909      0.060033        86 
     274907    16.50      3.088188      0.183979      0.063575        86 
     364504    16.50      3.111788      0.183318      0.071536        86 
     407164    16.50      3.099007      0.186172      0.059906        86 
     496390    16.50      3.115210      0.176974      0.057941        86 
     365280    16.51      3.106437      0.186069      0.053740        86 
     472855    16.52      3.093728      0.182702      0.060822        86 
     364475    16.53      3.096030      0.179870      0.059378        86 
     300026    16.54      3.097291      0.183675      0.063503        86 
     305492    16.54      3.106316      0.179902      0.065733        86 
     350763    16.55      3.097149      0.181493      0.057127        86 
     475092    16.55      3.102602      0.181636      0.060210        86 
  2014SL149    16.55      3.106618      0.172709      0.055274        86 
     324750    16.56      3.118752      0.177120      0.059897        86 
     444308    16.57      3.102015      0.181234      0.060981        86 
  2015FV214    16.58      3.103121      0.175537      0.059888        86 
     418591    16.59      3.102744      0.174727      0.057381        86 
     280683    16.60      3.101695      0.183345      0.063225        86 
     423121    16.60      3.098396      0.180821      0.061388        86 
     488918    16.62      3.106393      0.176573      0.062752        86 
     318180    16.63      3.106827      0.173117      0.062093        86 
     357513    16.63      3.110089      0.178962      0.058464        86 
     493160    16.64      3.111548      0.177713      0.057900        86 
     303815    16.66      3.115559      0.176832      0.058979        86 
     327580    16.66      3.110395      0.177906      0.061062        86 
     450724    16.67      3.110630      0.179223      0.062885        86 
     377272    16.68      3.092857      0.184998      0.062904        86 
    2015WV4    16.68      3.098248      0.185980      0.061459        86 
     315130    16.70      3.099659      0.180773      0.059193        86 
     268725    16.71      3.101473      0.182284      0.056295        86 
     443759    16.72      3.109351      0.182675      0.072723        86 
   2012FF85    16.74      3.106349      0.181030      0.064592        86 
     373718    16.75      3.094828      0.180971      0.060752        86 
     446547    16.75      3.114864      0.177254      0.060616        86 
     457997    16.75      3.114002      0.177652      0.061034        86 
     461205    16.75      3.097154      0.181538      0.057978        86 
   2016GP68    16.75      3.106251      0.183758      0.062096        86 
     364507    16.76      3.106472      0.178308      0.062251        86 
     384248    16.76      3.106469      0.180728      0.060314        86 
     406289    16.77      3.114280      0.177233      0.059526        86 
     610631    16.77      3.089852      0.177897      0.059198        86 
     2017KQ    16.78      3.094137      0.184177      0.061785        86 
     344330    16.78      3.095034      0.184169      0.063571        86 
     423378    16.78      3.110081      0.181142      0.060893        86 
     453510    16.78      3.110534      0.178394      0.057629        86 
     181743    16.79      3.103210      0.180971      0.060769        86 
     432546    16.79      3.106135      0.176472      0.056199        86 
     453446    16.79      3.111485      0.178269      0.059896        86 
     584230    16.79      3.115492      0.176741      0.058385        86 
     241048    16.80      3.092613      0.184541      0.063222        86 
     400449    16.80      3.102485      0.178047      0.064917        86 
     527170    16.80      3.105846      0.176748      0.058203        86 
     334642    16.81      3.087514      0.185784      0.062900        86 
     264158    16.82      3.105955      0.179642      0.068932        86 
     472779    16.82      3.093222      0.182393      0.063171        86 
     481498    16.83      3.116421      0.176873      0.058805        86 
     500432    16.83      3.098743      0.180471      0.059638        86 
   2008WV55    16.84      3.095739      0.181055      0.060626        86 
     604538    16.85      3.110219      0.178416      0.059388        86 
  2007BX113    16.87      3.103507      0.182238      0.061427        86 
     602865    16.88      3.100890      0.181065      0.059105        86 
   2009VL43    16.88      3.111871      0.177683      0.059045        86 
  2015BH168    16.88      3.102850      0.181330      0.060752        86 
     527310    16.89      3.093915      0.183244      0.056643        86 
     528087    16.89      3.111769      0.176680      0.059409        86 
  2012VB120    16.89      3.096227      0.180262      0.059409        86 
     604745    16.90      3.100442      0.181968      0.062482        86 
    2016OH6    16.91      3.117809      0.177359      0.059954        86 
     355099    16.92      3.112654      0.177724      0.057839        86 
   2014QW27    16.92      3.111984      0.178117      0.058716        86 
     375618    16.93      3.103321      0.181709      0.072469        86 
     549512    16.93      3.111548      0.172641      0.057661        86 
    2014RG5    16.93      3.106536      0.185604      0.061258        86 
     473817    16.94      3.114371      0.175805      0.058629        86 
   2005TZ68    16.94      3.095112      0.181674      0.059253        86 
   2010LG39    16.94      3.104510      0.180057      0.061510        86 
     445349    16.96      3.110968      0.178028      0.059223        86 
     513838    16.97      3.107022      0.179388      0.059277        86 
  2014SM320    16.98      3.089777      0.179218      0.059601        86 
   2009VH84    17.00      3.101810      0.181973      0.062716        86 
   2017KL36    17.01      3.100965      0.181140      0.059283        86 
     467809    17.02      3.117126      0.176924      0.060177        86 
   2014DA27    17.02      3.106318      0.178707      0.073854        86 
     453487    17.03      3.086104      0.183999      0.063599        86 
     457922    17.03      3.112655      0.179470      0.061159        86 
     507850    17.03      3.100267      0.180147      0.061354        86 
     569103    17.04      3.100251      0.180186      0.060718        86 
  2007UP119    17.04      3.106385      0.181573      0.072184        86 
  2014OP387    17.04      3.100447      0.181472      0.059021        86 
  2015TZ250    17.04      3.101120      0.181262      0.057831        86 
     491158    17.05      3.098448      0.184442      0.063449        86 
   2014RP53    17.05      3.114296      0.177736      0.061093        86 
     515242    17.06      3.114295      0.176976      0.057575        86 
     569560    17.06      3.111059      0.177643      0.059180        86 
   2012UX72    17.06      3.111868      0.175192      0.060410        86 
     564426    17.07      3.083866      0.185244      0.063012        86 
   2009AR56    17.07      3.106847      0.174446      0.054880        86 
     481497    17.08      3.106689      0.179670      0.056303        86 
     578678    17.08      3.087432      0.182771      0.054895        86 
     454656    17.09      3.100264      0.181517      0.057708        86 
  2006UQ105    17.10      3.101466      0.179494      0.063747        86 
  2011SP260    17.10      3.106048      0.188565      0.061077        86 
     314452    17.11      3.109485      0.177370      0.058435        86 
   2008AT13    17.11      3.106464      0.179181      0.056202        86 
  2009WJ241    17.11      3.114212      0.178899      0.061577        86 
  2011UT394    17.11      3.114026      0.177040      0.057947        86 
     352620    17.12      3.106214      0.178373      0.059863        86 
     528057    17.12      3.107252      0.179936      0.057232        86 
  2014SW344    17.12      3.110144      0.178778      0.058668        86 
     575830    17.13      3.106674      0.179536      0.055584        86 
    2006KT4    17.13      3.106045      0.179208      0.056284        86 
     501484    17.14      3.106696      0.176260      0.054453        86 
   2001HW69    17.14      3.112028      0.179488      0.061298        86 
   2005YM80    17.14      3.106444      0.183005      0.061163        86 
  2015XJ294    17.14      3.091887      0.183551      0.061192        86 
  2010OW116    17.15      3.106515      0.180790      0.066890        86 
     570574    17.16      3.114296      0.177272      0.059585        86 
     609067    17.16      3.110881      0.177690      0.058697        86 
   2010OQ70    17.16      3.113640      0.178135      0.060991        86 
     506878    17.17      3.093360      0.182443      0.061518        86 
   2008DD96    17.17      3.109718      0.177350      0.061363        86 
   2008VV20    17.17      3.110755      0.178433      0.058910        86 
   2013QT51    17.17      3.099004      0.180928      0.059220        86 
     490501    17.18      3.109368      0.174794      0.054748        86 
   2013LG39    17.18      3.112410      0.177992      0.060145        86 
     573257    17.19      3.106654      0.179860      0.056351        86 
     616524    17.19      3.118268      0.178020      0.060063        86 
   2012KM17    17.19      3.114217      0.179502      0.061060        86 
  2010TX204    17.19      3.101046      0.181762      0.058636        86 
     485926    17.20      3.110125      0.174770      0.061979        86 
   2007HO32    17.20      3.097610      0.182153      0.062058        86 
   2007UM20    17.20      3.106392      0.181799      0.054424        86 
   2013EN56    17.20      3.091819      0.185315      0.062971        86 
   2016SP29    17.20      3.103308      0.183799      0.056241        86 
  2014WF433    17.20      3.107154      0.178148      0.057722        86 
     604708    17.21      3.119764      0.176878      0.059231        86 
   2012HG38    17.21      3.116300      0.176967      0.059856        86 
   2016PG82    17.21      3.112526      0.183517      0.071490        86 
  2010LF131    17.21      3.099601      0.182441      0.059854        86 
   2016AZ31    17.22      3.101883      0.179754      0.063294        86 
  2014DR166    17.23      3.107302      0.179115      0.057689        86 
  2015VG158    17.23      3.093900      0.181836      0.058963        86 
     485275    17.24      3.106338      0.177904      0.056562        86 
     523279    17.24      3.110908      0.175092      0.056365        86 
     533296    17.24      3.099349      0.182111      0.063344        86 
   2008TH21    17.24      3.106469      0.185516      0.055837        86 
     611612    17.25      3.096889      0.184037      0.051609        86 
  2005EB255    17.25      3.094623      0.183631      0.052285        86 
  2005TH212    17.25      3.106725      0.183682      0.070341        86 
     443343    17.26      3.112708      0.178125      0.060344        86 
    2021DQ6    17.26      3.096214      0.184378      0.062975        86 
  2008CB126    17.26      3.106525      0.176282      0.064533        86 
  2011UH417    17.26      3.111908      0.177357      0.058797        86 
     560181    17.27      3.114264      0.179136      0.060167        86 
     564108    17.27      3.111823      0.177700      0.058256        86 
   2014GF85    17.27      3.084296      0.184392      0.052399        86 
  2011SE261    17.27      3.106793      0.180100      0.061474        86 
  2014UC233    17.27      3.098429      0.182448      0.058063        86 
  2016GP117    17.27      3.102779      0.181703      0.060315        86 
     523891    17.28      3.111388      0.176530      0.064415        86 
   2008WW38    17.28      3.106774      0.182675      0.059296        86 
   2015EU26    17.28      3.085954      0.187673      0.063476        86 
  2007TL403    17.29      3.101448      0.179382      0.060710        86 
  2008YF189    17.30      3.094151      0.183640      0.055361        86 
  2012TS257    17.30      3.106469      0.179284      0.055634        86 
  2015FH267    17.30      3.103369      0.174244      0.057122        86 
   2015XZ57    17.31      3.105590      0.186777      0.063240        86 
  2003SB385    17.31      3.092050      0.186029      0.061989        86 
     597732    17.32      3.099635      0.181351      0.059770        86 
   2006YJ31    17.32      3.097687      0.181798      0.059528        86 
   2011DY60    17.32      3.106551      0.178574      0.057254        86 
  2013TT123    17.32      3.119959      0.177828      0.059306        86 
  2015MX176    17.32      3.112369      0.178088      0.058019        86 
     2006YW    17.34      3.097483      0.180413      0.059976        86 
   2015EF47    17.34      3.102587      0.183180      0.061170        86 
   2015VO61    17.34      3.091863      0.182139      0.060540        86 
  2006WE116    17.34      3.101355      0.181458      0.058869        86 
  2009DC157    17.34      3.106245      0.179215      0.063271        86 
  2012TA136    17.34      3.112427      0.177160      0.065200        86 
  2013TH186    17.34      3.112030      0.176787      0.062139        86 
     362713    17.35      3.106236      0.178772      0.064437        86 
     451809    17.36      3.106150      0.184134      0.063670        86 
     571959    17.36      3.106584      0.180900      0.053207        86 
  2005XC101    17.36      3.085492      0.184243      0.063320        86 
  2012DN103    17.36      3.092911      0.181738      0.058111        86 
     532009    17.37      3.093154      0.181428      0.058870        86 
     559386    17.37      3.101154      0.180520      0.060563        86 
     597806    17.38      3.101431      0.185997      0.062248        86 
   2007CP85    17.38      3.096546      0.183083      0.052652        86 
   2009WW22    17.38      3.106616      0.181312      0.057273        86 
   2016NG75    17.38      3.110396      0.177715      0.060590        86 
   2019JP70    17.38      3.113660      0.179988      0.056579        86 
  2008UZ402    17.38      3.110100      0.178698      0.058511        86 
   2006UE34    17.39      3.106453      0.179062      0.057982        86 
   2017FB50    17.39      3.101788      0.182332      0.061337        86 
   2019JW21    17.39      3.090247      0.184706      0.063603        86 
  2008UE296    17.39      3.105396      0.180263      0.063202        86 
  2011EX111    17.39      3.102162      0.179411      0.059258        86 
   2014JE65    17.40      3.106130      0.179241      0.071819        86 
  2003SS410    17.40      3.112948      0.177514      0.060862        86 
     570704    17.41      3.115639      0.179304      0.059467        86 
  2014ON335    17.41      3.100122      0.183696      0.051902        86 
  2018VP146    17.41      3.118288      0.178413      0.060796        86 
   2014PN11    17.42      3.114316      0.176715      0.058247        86 
   2018FO23    17.42      3.102872      0.183917      0.058838        86 
  2003UG347    17.42      3.115991      0.176123      0.058117        86 
  2010RM146    17.42      3.100236      0.182933      0.063532        86 
   2007FQ58    17.43      3.106376      0.181351      0.067550        86 
   2019JM70    17.43      3.117027      0.174978      0.059685        86 
  2005UK260    17.43      3.106909      0.177363      0.062599        86 
  2011UK472    17.43      3.114250      0.177911      0.058941        86 
  2014EX213    17.43      3.110320      0.179201      0.057214        86 
     531744    17.44      3.099882      0.182560      0.051702        86 
     473522    17.45      3.110408      0.175722      0.058291        86 
   2014UX39    17.45      3.111874      0.178167      0.059020        86 
  2000RN112    17.45      3.118063      0.177070      0.059685        86 
   2005TM31    17.46      3.106480      0.179582      0.058851        86 
   2014OS47    17.46      3.102732      0.184040      0.061321        86 
  2004TY229    17.46      3.105936      0.181655      0.061993        86 
  2006UP389    17.48      3.098295      0.182616      0.059559        86 
   2010MF75    17.49      3.093496      0.180908      0.060874        86 
   2014WC94    17.49      3.112573      0.179972      0.071480        86 
   2015BA67    17.49      3.097843      0.183083      0.051125        86 
  2016SR100    17.49      3.106509      0.177656      0.056284        86 
   2014GR92    17.50      3.101965      0.182482      0.061180        86 
   2014SY30    17.50      3.100093      0.182518      0.060863        86 
   2015UG18    17.50      3.106819      0.179996      0.061466        86 
   2016AW31    17.50      3.100077      0.181959      0.062325        86 
  2015HB214    17.50      3.103634      0.183748      0.061221        86 
  2012TJ104    17.51      3.106331      0.182476      0.069681        86 
  2015TC449    17.51      3.106551      0.179982      0.069680        86 
   2000PJ34    17.52      3.106985      0.178528      0.056362        86 
  2010UY130    17.52      3.106795      0.178971      0.059391        86 
  2013TY222    17.52      3.107704      0.172241      0.056457        86 
  2016TC111    17.52      3.114264      0.179673      0.061091        86 
   2013UU21    17.53      3.104720      0.181601      0.055942        86 
   2014KF23    17.53      3.113448      0.176596      0.060471        86 
   2016SD93    17.53      3.100714      0.180868      0.059236        86 
  2005YV199    17.53      3.085044      0.183781      0.054821        86 
   2003UY38    17.54      3.114215      0.179223      0.059535        86 
   2018SW19    17.54      3.103381      0.181458      0.062424        86 
  2017BP127    17.54      3.096782      0.184388      0.053195        86 
  2001TB248    17.55      3.091767      0.183256      0.051849        86 
  2015PM345    17.55      3.103446      0.181347      0.058871        86 
     510431    17.56      3.115236      0.176356      0.058268        86 
   2010RY84    17.56      3.100793      0.182765      0.060443        86 
   2020BN87    17.56      3.103093      0.182541      0.062853        86 
  2013RE142    17.56      3.114297      0.176331      0.060565        86 
  2008EC190    17.57      3.117948      0.176956      0.059209        86 
  2011UG130    17.57      3.095873      0.184506      0.062935        86 
  2015RB259    17.58      3.096977      0.182634      0.063192        86 
  2014SR139    17.59      3.101322      0.180839      0.057725        86 
   2006CP90    17.60      3.106250      0.182001      0.061010        86 
     572284    17.61      3.097931      0.180590      0.058797        86 
    2016CM7    17.61      3.093973      0.182076      0.060281        86 
   2012SG93    17.61      3.105918      0.179442      0.061114        86 
   2015PV97    17.61      3.112178      0.174860      0.054450        86 
   2016FT25    17.61      3.106421      0.187314      0.063780        86 
   2021EF48    17.61      3.106394      0.186058      0.058991        86 
  2008GW166    17.61      3.093700      0.181774      0.058999        86 
  2010TU230    17.61      3.097289      0.181274      0.058149        86 
   2010NN30    17.62      3.106691      0.178240      0.055661        86 
   2013QY93    17.62      3.115600      0.177597      0.059299        86 
  2005TY202    17.62      3.106416      0.179686      0.065534        86 
    2017HH6    17.63      3.110875      0.184127      0.060783        86 
   2009CY75    17.63      3.111786      0.177999      0.060439        86 
  2011SK230    17.63      3.106347      0.176182      0.056000        86 
  2011UE423    17.63      3.112998      0.173554      0.058645        86 
  2015AH298    17.63      3.095554      0.181642      0.059431        86 
  2016TS126    17.63      3.117590      0.178020      0.059969        86 
   2011QF81    17.64      3.118190      0.177753      0.058072        86 
   2016QG87    17.65      3.106333      0.173973      0.060362        86 
   2004DP89    17.66      3.097245      0.182314      0.056348        86 
   2014TY37    17.66      3.113398      0.175736      0.064495        86 
   2008YX58    17.67      3.092078      0.183889      0.052122        86 
  2009SC179    17.67      3.099604      0.182881      0.059633        86 
  2010HV139    17.67      3.092272      0.181792      0.059002        86 
  2015MD191    17.67      3.102647      0.178068      0.058558        86 
  2015XW461    17.67      3.102005      0.181169      0.057041        86 
   2007FN63    17.68      3.106427      0.180903      0.060084        86 
  2014SB190    17.68      3.117923      0.177237      0.059344        86 
   2020HK25    17.69      3.095683      0.183943      0.052634        86 
  2007VU128    17.69      3.113922      0.175314      0.059035        86 
  2011CX134    17.69      3.096803      0.182801      0.058032        86 
  2014QY454    17.69      3.094899      0.182847      0.060696        86 
  2015BV439    17.69      3.107245      0.179165      0.055194        86 
    2017XZ3    17.70      3.099436      0.180676      0.059337        86 
   2014TK53    17.70      3.089345      0.182545      0.061306        86 
    2010CC5    17.71      3.114252      0.179912      0.061066        86 
   2012CN71    17.71      3.110314      0.177248      0.061376        86 
  2007HR112    17.71      3.102442      0.183401      0.064018        86 
   2000OA73    17.72      3.094144      0.181055      0.058920        86 
   2005RC15    17.72      3.120761      0.177455      0.059524        86 
   2014WP87    17.72      3.114318      0.178040      0.062064        86 
  2009WE181    17.72      3.108571      0.178751      0.058869        86 
  2012UJ114    17.72      3.100611      0.181636      0.058548        86 
  2014OH310    17.72      3.106707      0.185403      0.053170        86 
   2018UW29    17.73      3.100985      0.181469      0.060558        86 
   2009HO64    17.74      3.114218      0.177783      0.058330        86 
  2012XV175    17.74      3.113859      0.177566      0.059035        86 
   2006FS42    17.75      3.112456      0.177275      0.059663        86 
   2011SA78    17.75      3.106146      0.180491      0.062800        86 
   2019GM66    17.75      3.101587      0.181341      0.056644        86 
  2015XZ491    17.75      3.101132      0.182550      0.059799        86 
   2019KO27    17.76      3.090928      0.182571      0.056309        86 
   2021RS24    17.76      3.100834      0.179357      0.057740        86 
   2006UY79    17.77      3.109914      0.176774      0.055154        86 
   2017XD53    17.77      3.099647      0.182429      0.059831        86 
  2010TF231    17.77      3.082286      0.184407      0.062681        86 
  2013PD100    17.78      3.112071      0.177787      0.057269        86 
  2015XE341    17.78      3.087604      0.183853      0.062129        86 
   2012CG70    17.79      3.111870      0.175390      0.058278        86 
  2008VO101    17.80      3.115127      0.178023      0.059003        86 
  2012UF128    17.80      3.094876      0.182429      0.054270        86 
     614522    17.81      3.102586      0.178371      0.054913        86 
  2006TK135    17.81      3.099964      0.183175      0.063425        86 
  2016AD368    17.81      3.108249      0.178378      0.060284        86 
  2016CA399    17.81      3.092621      0.185511      0.063014        86 
   1995UK19    17.82      3.095022      0.184358      0.061997        86 
   2001KO88    17.82      3.099771      0.184549      0.055847        86 
  2015FH444    17.82      3.090784      0.182730      0.052575        86 
  2015RX247    17.82      3.096904      0.181600      0.054980        86 
   2015RW39    17.83      3.121026      0.177634      0.058733        86 
   2021SJ42    17.83      3.098292      0.183406      0.061592        86 
  2017FE211    17.83      3.106848      0.182309      0.053761        86 
  2013WX129    17.84      3.110173      0.178538      0.059404        86 
  2014WA594    17.84      3.112497      0.178435      0.058470        86 
   2008TJ31    17.85      3.099511      0.181837      0.057769        86 
  2011SH133    17.85      3.101915      0.183416      0.063299        86 
  2014JQ112    17.85      3.099936      0.184030      0.063352        86 
   2016AL67    17.86      3.092767      0.183449      0.060849        86 
  2011BF168    17.86      3.087260      0.185008      0.061051        86 
  2021RQ146    17.86      3.098633      0.182579      0.053020        86 
   2010OD43    17.87      3.106517      0.183289      0.064377        86 
  2014JE110    17.87      3.103561      0.180509      0.058843        86 
    2015UQ3    17.88      3.117640      0.178138      0.059900        86 
   2019SO69    17.88      3.100886      0.184035      0.062890        86 
  2014WB282    17.88      3.106346      0.181069      0.060997        86 
   2006CU87    17.89      3.090039      0.184784      0.062051        86 
  2014QA343    17.89      3.107029      0.178742      0.060588        86 
   2018GP15    17.90      3.114972      0.182936      0.071661        86 
  2012UF207    17.90      3.103373      0.181050      0.060068        86 
  2014WV463    17.90      3.112518      0.175160      0.064364        86 
   2004VZ40    17.91      3.103165      0.185051      0.058656        86 
   2019PF34    17.92      3.092096      0.181280      0.057918        86 
  2001QU313    17.93      3.097853      0.181277      0.060071        86 
  2015RT330    17.93      3.121724      0.176602      0.057695        86 
   2020KN42    17.94      3.113469      0.178625      0.058521        86 
  2013WM126    17.94      3.106596      0.179564      0.067572        86 
  2015BQ611    17.94      3.106740      0.180001      0.058505        86 
   2006CZ44    17.95      3.106649      0.179584      0.063246        86 
  2014WN172    17.95      3.090919      0.185379      0.062927        86 
    2019OH7    17.96      3.118198      0.177865      0.059497        86 
   2006EP32    17.97      3.095761      0.181809      0.063443        86 
  2015BK430    17.97      3.113027      0.180126      0.056836        86 
  2015VL212    17.97      3.099386      0.182832      0.059530        86 
  2016AP353    17.97      3.100590      0.182123      0.057091        86 
   2014TE25    17.98      3.086126      0.179565      0.061124        86 
   2019GP89    17.98      3.106511      0.178231      0.062871        86 
   2011EJ89    17.99      3.106352      0.180980      0.061052        86 
   2012GJ52    17.99      3.101564      0.181584      0.053895        86 
   2012WE18    17.99      3.107020      0.176110      0.059415        86 
   2014VN12    18.00      3.100162      0.179714      0.058282        86 
   2009VS85    18.01      3.102708      0.180249      0.063949        86 
  2017FF206    18.01      3.115544      0.182648      0.071290        86 
   2015VK93    18.02      3.101211      0.181169      0.057261        86 
  2008YX128    18.02      3.097329      0.180851      0.060390        86 
  2015DJ291    18.02      3.106709      0.183739      0.052651        86 
  2015PQ105    18.05      3.116825      0.178527      0.057537        86 
  2020HT121    18.06      3.092110      0.183799      0.052193        86 
     2006VQ    18.07      3.103535      0.184075      0.060417        86 
   2021UP88    18.07      3.121848      0.176416      0.058877        86 
   2013BX87    18.08      3.106814      0.180147      0.063006        86 
  2007TX294    18.08      3.111888      0.177572      0.058648        86 
   2016GK91    18.09      3.098465      0.184590      0.057340        86 
  2006QN206    18.09      3.092359      0.181689      0.060616        86 
  2005TL187    18.11      3.111656      0.179455      0.063833        86 
   2021QX25    18.12      3.101783      0.181393      0.057879        86 
  2008UE167    18.12      3.098778      0.179311      0.054966        86 
   2010SA63    18.16      3.100927      0.181799      0.059493        86 
   2015PR78    18.16      3.106529      0.179419      0.062129        86 
  2010UP133    18.16      3.100010      0.181884      0.056286        86 
  2011FF163    18.16      3.098910      0.183991      0.060365        86 
  2015DW305    18.16      3.100644      0.177120      0.059185        86 
  2015RB205    18.16      3.105884      0.178204      0.061955        86 
  2014OO112    18.17      3.092849      0.184443      0.062755        86 
     491112    18.18      3.085297      0.184342      0.052354        86 
   2010DB38    18.18      3.097531      0.180656      0.060303        86 
   2015WW33    18.18      3.085608      0.183123      0.062991        86 
   2021RX65    18.18      3.085414      0.187452      0.062883        86 
   2019AS38    18.23      3.120903      0.177628      0.057786        86 
  2004VB101    18.23      3.109503      0.176539      0.058474        86 
   2020UW43    18.26      3.101082      0.181489      0.058992        86 
  2003SE337    18.26      3.105428      0.182776      0.055750        86 
   2020RD78    18.27      3.117215      0.178938      0.060044        86 
  2013PJ110    18.30      3.094155      0.184421      0.063396        86 
  2014WQ595    18.30      3.118787      0.177238      0.058276        86 
  2015PJ140    18.30      3.105818      0.178615      0.072290        86 
   2015UB18    18.33      3.089413      0.187546      0.062369        86 
  2004BR156    18.35      3.116761      0.177581      0.060931        86 
  2017FN206    18.40      3.098107      0.183739      0.052232        86 
  2015XP293    18.43      3.088761      0.184990      0.061602        86 
   2015QC38    18.50      3.106586      0.179594      0.061726        86 
  2015XH300    18.52      3.099638      0.182737      0.052597        86 
