         87     6.83      3.485298      0.053931      0.171716        87 
       9552    12.10      3.430917      0.057325      0.168958        87 
      11440    12.50      3.402670      0.077735      0.170357        87 
      20664    12.68      3.480823      0.054351      0.171460        87 
      30517    12.79      3.476552      0.054950      0.171626        87 
      25847    12.86      3.505224      0.057261      0.169614        87 
      19689    13.02      3.502141      0.057944      0.169482        87 
      41363    13.02      3.505318      0.059437      0.167756        87 
      45653    13.07      3.482001      0.054649      0.171886        87 
      28912    13.16      3.496444      0.056685      0.172148        87 
      34411    13.20      3.489089      0.051549      0.170237        87 
      38395    13.23      3.505034      0.061052      0.174211        87 
     113317    13.27      3.500176      0.058348      0.175195        87 
     113267    13.34      3.496127      0.066486      0.174954        87 
      52194    13.46      3.487303      0.054182      0.171105        87 
      45536    13.48      3.490196      0.054638      0.171656        87 
      86371    13.52      3.504271      0.060489      0.172986        87 
      60235    13.54      3.496050      0.055983      0.172520        87 
      56341    13.56      3.501914      0.058275      0.173512        87 
      92262    13.56      3.503578      0.056731      0.175989        87 
      67020    13.59      3.499642      0.062073      0.174337        87 
      18959    13.62      3.501967      0.064286      0.171880        87 
      38601    13.70      3.499438      0.064243      0.174392        87 
      61820    13.70      3.499031      0.054821      0.171492        87 
     105203    13.71      3.486818      0.053926      0.170430        87 
      56974    13.75      3.481482      0.053397      0.171675        87 
      94246    13.75      3.493201      0.052447      0.170707        87 
      32394    13.84      3.501189      0.062454      0.174625        87 
     115843    13.87      3.476284      0.049627      0.171821        87 
      95318    13.92      3.499841      0.063405      0.174231        87 
      54622    13.97      3.470193      0.071984      0.169182        87 
     133016    14.02      3.473909      0.055192      0.171204        87 
     117243    14.05      3.539000      0.066300      0.171579        87 
      83118    14.11      3.504531      0.062058      0.172811        87 
     121901    14.13      3.498039      0.057688      0.173987        87 
      94278    14.17      3.433769      0.062131      0.177496        87 
     149776    14.18      3.478865      0.055138      0.172057        87 
     115325    14.20      3.489345      0.056826      0.166270        87 
     181231    14.20      3.493867      0.062735      0.174094        87 
     116498    14.21      3.434084      0.047152      0.173935        87 
     149974    14.21      3.477361      0.054971      0.171392        87 
     153289    14.21      3.503787      0.053966      0.170542        87 
      71724    14.22      3.559238      0.071183      0.172921        87 
     105577    14.24      3.487106      0.056738      0.171700        87 
     155302    14.25      3.484276      0.051013      0.169503        87 
     163010    14.25      3.545224      0.067647      0.172796        87 
     102218    14.31      3.461567      0.037353      0.172502        87 
     160888    14.33      3.478088      0.053606      0.170615        87 
     165991    14.33      3.543192      0.067873      0.171907        87 
     218301    14.33      3.502086      0.061394      0.175032        87 
     165233    14.35      3.540474      0.065455      0.172304        87 
     223479    14.36      3.502677      0.061761      0.174727        87 
     158596    14.37      3.478066      0.059183      0.171394        87 
     128197    14.38      3.414517      0.069017      0.167922        87 
     248141    14.38      3.505106      0.061593      0.172857        87 
     163004    14.39      3.501723      0.062034      0.173149        87 
     119903    14.40      3.502984      0.062864      0.172023        87 
     172973    14.43      3.477609      0.056719      0.171880        87 
     212669    14.45      3.445528      0.045185      0.169053        87 
     163012    14.47      3.482752      0.049292      0.170366        87 
     169429    14.48      3.523834      0.065410      0.172159        87 
     196145    14.48      3.504697      0.069020      0.175765        87 
     184682    14.50      3.470874      0.062272      0.178018        87 
     141307    14.51      3.476801      0.052077      0.171012        87 
     169404    14.51      3.503602      0.062582      0.172405        87 
     247823    14.53      3.505383      0.050789      0.168683        87 
     175101    14.56      3.481120      0.048483      0.169302        87 
     184193    14.56      3.384163      0.069134      0.186993        87 
     135483    14.58      3.427431      0.070866      0.184722        87 
     167625    14.59      3.330899      0.053095      0.171945        87 
     194067    14.59      3.482001      0.056319      0.171651        87 
     141513    14.60      3.502133      0.059934      0.173270        87 
     249338    14.62      3.559495      0.070102      0.172473        87 
     141420    14.64      3.391062      0.054790      0.179605        87 
     181143    14.65      3.503997      0.060047      0.172955        87 
     248799    14.66      3.479907      0.068208      0.177325        87 
     212323    14.67      3.497764      0.065943      0.175414        87 
     129259    14.68      3.484910      0.052457      0.169022        87 
     240505    14.68      3.498104      0.064500      0.175140        87 
     263678    14.71      3.503425      0.066012      0.174618        87 
     220425    14.72      3.387106      0.087773      0.179808        87 
     353628    14.73      3.532113      0.065143      0.171398        87 
     172075    14.74      3.477431      0.045961      0.170607        87 
     213108    14.76      3.470873      0.059449      0.168452        87 
     236678    14.76      3.545904      0.059883      0.172788        87 
     246052    14.76      3.526809      0.067602      0.172520        87 
     209025    14.77      3.460880      0.070636      0.177591        87 
     299379    14.77      3.441554      0.071476      0.177825        87 
     223054    14.78      3.562674      0.067354      0.171845        87 
     185484    14.82      3.477490      0.055388      0.170860        87 
     243014    14.82      3.537246      0.062536      0.172695        87 
     329145    14.83      3.555533      0.067670      0.172273        87 
     154966    14.85      3.547258      0.057599      0.173548        87 
     317980    14.85      3.477264      0.049154      0.169335        87 
     214437    14.87      3.488101      0.068485      0.171702        87 
     303311    14.89      3.499257      0.064379      0.175053        87 
     111461    14.90      3.505097      0.056745      0.171504        87 
     185532    14.90      3.550075      0.064114      0.175312        87 
     247354    14.90      3.500187      0.053057      0.169495        87 
     249428    14.90      3.503411      0.062508      0.172498        87 
     270211    14.90      3.410225      0.057254      0.170453        87 
     371815    14.91      3.556076      0.065761      0.173523        87 
     196163    14.93      3.548234      0.062938      0.170851        87 
     145348    14.94      3.425921      0.031146      0.164174        87 
     280748    14.94      3.558946      0.067634      0.171005        87 
     362926    14.94      3.484841      0.064866      0.175588        87 
     313450    14.96      3.548700      0.067478      0.172980        87 
     170163    14.97      3.505324      0.058572      0.169704        87 
     223466    14.99      3.502850      0.063784      0.174497        87 
     245530    14.99      3.503607      0.054379      0.178132        87 
     362931    14.99      3.493735      0.062408      0.175309        87 
  2006UW182    14.99      3.431036      0.071355      0.180988        87 
     224771    15.00      3.546238      0.057062      0.170831        87 
     270263    15.00      3.450117      0.058992      0.174455        87 
     333624    15.00      3.550381      0.062799      0.170906        87 
     328425    15.01      3.562231      0.071109      0.173006        87 
     207378    15.02      3.532097      0.069635      0.170540        87 
     207636    15.02      3.410036      0.072953      0.174423        87 
     216302    15.03      3.415020      0.042130      0.172326        87 
     260190    15.03      3.553075      0.070341      0.173379        87 
     257403    15.04      3.548597      0.067361      0.170588        87 
     281739    15.04      3.563356      0.073749      0.173608        87 
     270161    15.05      3.556573      0.069279      0.170667        87 
     279500    15.05      3.504213      0.049092      0.171893        87 
     359432    15.06      3.547947      0.064424      0.171135        87 
     253693    15.08      3.556172      0.071693      0.173481        87 
     290163    15.08      3.423330      0.030732      0.168807        87 
     248484    15.09      3.394605      0.074528      0.173339        87 
     268727    15.09      3.482902      0.051267      0.173320        87 
     237822    15.10      3.475255      0.058491      0.173082        87 
     261849    15.10      3.427873      0.056305      0.173975        87 
     175365    15.11      3.477765      0.056322      0.170739        87 
     264906    15.11      3.396892      0.071334      0.180228        87 
     222975    15.12      3.538003      0.057730      0.171763        87 
     165939    15.13      3.438493      0.067782      0.168941        87 
     387460    15.13      3.560914      0.066914      0.170660        87 
     239503    15.14      3.563307      0.066956      0.171997        87 
     279387    15.14      3.550386      0.069434      0.172440        87 
     281870    15.14      3.440360      0.055144      0.176966        87 
     310928    15.14      3.563815      0.069359      0.171927        87 
     241504    15.15      3.504698      0.056226      0.176672        87 
     258907    15.15      3.552833      0.061695      0.171073        87 
     290712    15.16      3.498866      0.068387      0.177092        87 
     322467    15.16      3.543933      0.065942      0.172237        87 
     263423    15.17      3.485787      0.055074      0.171094        87 
     303289    15.17      3.487096      0.066404      0.176523        87 
     407233    15.17      3.552561      0.067681      0.170817        87 
     287047    15.18      3.450400      0.081154      0.177096        87 
  2009WL255    15.18      3.471548      0.058742      0.175487        87 
     321285    15.19      3.470668      0.025462      0.165405        87 
     216212    15.20      3.561774      0.065466      0.171093        87 
   2010VC90    15.20      3.498193      0.038224      0.166367        87 
     439365    15.21      3.504753      0.066204      0.174509        87 
     425359    15.23      3.557061      0.070827      0.172148        87 
     245880    15.24      3.484109      0.053567      0.171734        87 
     401293    15.24      3.556141      0.070360      0.170226        87 
     421735    15.24      3.564551      0.056627      0.172341        87 
   2012QT36    15.24      3.559773      0.064368      0.172597        87 
     296386    15.25      3.500917      0.059999      0.171747        87 
     285018    15.26      3.411379      0.051591      0.173318        87 
     339727    15.26      3.501994      0.058740      0.170148        87 
     360581    15.26      3.466487      0.063565      0.177323        87 
     408607    15.28      3.503569      0.058287      0.174996        87 
     592171    15.28      3.563168      0.064446      0.169873        87 
  2001VN128    15.28      3.477849      0.071572      0.177804        87 
     278447    15.29      3.455679      0.038004      0.160197        87 
     341825    15.29      3.503892      0.058796      0.175321        87 
     367249    15.29      3.412364      0.070608      0.177682        87 
     249311    15.30      3.379193      0.042140      0.182805        87 
     294952    15.30      3.549205      0.067388      0.167615        87 
     317576    15.31      3.430661      0.044613      0.171426        87 
   2008CW47    15.32      3.484293      0.064055      0.186892        87 
     356370    15.34      3.402671      0.035363      0.171367        87 
     356388    15.34      3.461635      0.072650      0.174576        87 
     438969    15.34      3.482090      0.070739      0.167630        87 
     293337    15.35      3.545332      0.065567      0.172436        87 
     301577    15.35      3.487000      0.053756      0.171662        87 
     329085    15.35      3.394687      0.062533      0.172469        87 
     250571    15.36      3.474119      0.072918      0.165641        87 
     369916    15.37      3.417337      0.064128      0.174606        87 
     482226    15.37      3.556583      0.066497      0.171810        87 
     290389    15.38      3.500051      0.060553      0.173212        87 
     323372    15.38      3.394062      0.084349      0.185858        87 
     375133    15.38      3.430999      0.075657      0.166576        87 
     419441    15.38      3.498036      0.062351      0.174110        87 
     268217    15.39      3.460187      0.044201      0.176095        87 
     274559    15.39      3.564465      0.065538      0.172881        87 
     281757    15.39      3.557102      0.066212      0.169902        87 
     336713    15.39      3.498092      0.057650      0.170447        87 
   2010KY19    15.39      3.565713      0.068774      0.173943        87 
     471190    15.40      3.550654      0.067129      0.173664        87 
     279082    15.41      3.449122      0.078578      0.182075        87 
     323328    15.41      3.405784      0.070669      0.182078        87 
     340841    15.41      3.393546      0.060948      0.181998        87 
     396143    15.41      3.394116      0.067328      0.170171        87 
     329370    15.43      3.449120      0.044255      0.164486        87 
   2013GM85    15.43      3.553200      0.063127      0.172009        87 
     353704    15.44      3.407221      0.071648      0.169406        87 
     410675    15.44      3.554981      0.064904      0.172198        87 
     471191    15.44      3.421583      0.069589      0.180617        87 
     279144    15.45      3.543159      0.063361      0.170693        87 
     406780    15.45      3.417799      0.058140      0.173875        87 
     422129    15.45      3.556807      0.062729      0.172204        87 
     280023    15.46      3.402341      0.059840      0.173380        87 
     283165    15.46      3.399249      0.086236      0.177355        87 
     299372    15.47      3.558982      0.067970      0.171222        87 
     330813    15.47      3.543033      0.066767      0.175420        87 
   2016PS49    15.47      3.560800      0.067523      0.170960        87 
     439005    15.49      3.549229      0.074278      0.175412        87 
     315074    15.50      3.482197      0.060332      0.178952        87 
     362536    15.50      3.504222      0.054746      0.176543        87 
     379497    15.50      3.559973      0.068247      0.171774        87 
   2017FN56    15.50      3.466539      0.032845      0.168504        87 
     340806    15.51      3.535033      0.071680      0.173910        87 
     381034    15.51      3.463994      0.037655      0.166236        87 
     411078    15.51      3.401825      0.019689      0.162401        87 
     414383    15.51      3.426081      0.058030      0.184643        87 
     459839    15.51      3.468260      0.038333      0.163071        87 
   2015WX14    15.51      3.459392      0.063351      0.172275        87 
     242947    15.52      3.382059      0.081015      0.171273        87 
     507751    15.52      3.359493      0.016240      0.171809        87 
     278792    15.53      3.459768      0.071051      0.171383        87 
     299345    15.53      3.383335      0.053913      0.172281        87 
     333168    15.53      3.482174      0.053559      0.172561        87 
     355242    15.54      3.482965      0.052606      0.170674        87 
     367061    15.54      3.416298      0.043853      0.171855        87 
     437696    15.54      3.413604      0.044765      0.170309        87 
     455073    15.54      3.423698      0.044098      0.159728        87 
   2017FP56    15.54      3.425048      0.053786      0.167816        87 
     400989    15.55      3.556719      0.058228      0.171845        87 
   2012QS15    15.55      3.434806      0.053850      0.161131        87 
     339665    15.56      3.545294      0.061314      0.170673        87 
     276386    15.57      3.402380      0.070605      0.178396        87 
     267015    15.59      3.421363      0.052843      0.175903        87 
     295318    15.59      3.491277      0.050243      0.172031        87 
     328404    15.59      3.398303      0.058411      0.180717        87 
     420243    15.59      3.484597      0.056611      0.172200        87 
     385060    15.60      3.563004      0.065790      0.172372        87 
     504829    15.60      3.394080      0.015662      0.170483        87 
     343151    15.61      3.418058      0.040776      0.173301        87 
     417955    15.61      3.442215      0.055649      0.166472        87 
     433202    15.61      3.438043      0.049145      0.168593        87 
     312705    15.62      3.391808      0.045173      0.173317        87 
     359454    15.62      3.566875      0.062307      0.168825        87 
     375106    15.62      3.387419      0.053051      0.173335        87 
     483204    15.63      3.553233      0.064306      0.172206        87 
   2014FL20    15.63      3.433559      0.035968      0.163567        87 
     426738    15.64      3.391022      0.040417      0.174814        87 
     550728    15.65      3.566338      0.069672      0.172109        87 
   2008XK20    15.65      3.563195      0.069925      0.171811        87 
   2010CT45    15.65      3.460908      0.031106      0.161982        87 
     315145    15.66      3.342735      0.051421      0.170002        87 
     323021    15.66      3.402388      0.048985      0.175594        87 
     326055    15.66      3.376924      0.055736      0.178203        87 
   2015BW10    15.66      3.470831      0.059394      0.173847        87 
     261672    15.67      3.376212      0.025064      0.177997        87 
     328440    15.67      3.563508      0.071183      0.172857        87 
     460950    15.67      3.565898      0.069691      0.174224        87 
     471898    15.67      3.439410      0.061865      0.172577        87 
   2016AR29    15.67      3.450209      0.036876      0.162773        87 
     361536    15.68      3.446548      0.056479      0.175398        87 
   2010NM88    15.68      3.554980      0.072773      0.172625        87 
   2014JW68    15.68      3.387579      0.080879      0.179012        87 
     482431    15.69      3.414400      0.041400      0.167896        87 
     507209    15.69      3.476745      0.052366      0.168653        87 
   2010MP70    15.69      3.330261      0.047414      0.164554        87 
     408095    15.70      3.504687      0.056578      0.169618        87 
     493078    15.70      3.387320      0.046634      0.174548        87 
   2007JU48    15.70      3.554059      0.058241      0.170468        87 
     293475    15.71      3.459814      0.054520      0.164731        87 
     347323    15.72      3.387393      0.056516      0.180932        87 
     389792    15.72      3.564974      0.071865      0.171990        87 
     522302    15.72      3.465664      0.024646      0.162264        87 
     300922    15.73      3.418003      0.049833      0.165857        87 
     441414    15.73      3.451116      0.061372      0.173090        87 
     475914    15.73      3.403262      0.053429      0.163801        87 
   1998KC43    15.73      3.422443      0.075763      0.182454        87 
   2016BJ67    15.73      3.405461      0.035588      0.169184        87 
     358463    15.74      3.455127      0.053148      0.169612        87 
     396701    15.74      3.404362      0.062909      0.175365        87 
     484642    15.74      3.418982      0.046697      0.168881        87 
     353655    15.75      3.438987      0.043306      0.168565        87 
     520597    15.75      3.563200      0.073925      0.170696        87 
     339834    15.76      3.559626      0.069550      0.174068        87 
   2010JN95    15.76      3.537116      0.070797      0.167196        87 
  2005YL256    15.76      3.457134      0.059577      0.175601        87 
     407260    15.77      3.562635      0.069273      0.170558        87 
     424418    15.77      3.530556      0.060929      0.170638        87 
     582131    15.77      3.394436      0.049476      0.173261        87 
     315030    15.78      3.458921      0.057509      0.173777        87 
     352115    15.78      3.500110      0.061831      0.164800        87 
     466817    15.78      3.539008      0.073101      0.173299        87 
     446158    15.79      3.379229      0.055201      0.175930        87 
     469168    15.79      3.434095      0.057786      0.167669        87 
   2015KO83    15.79      3.371589      0.048977      0.173966        87 
   2016CS13    15.79      3.537266      0.075221      0.173391        87 
  2009UF115    15.79      3.405703      0.047194      0.173548        87 
     354816    15.80      3.427924      0.055046      0.168761        87 
     399982    15.80      3.383903      0.012411      0.173906        87 
     436033    15.80      3.427582      0.068472      0.175555        87 
     594524    15.80      3.561582      0.064957      0.169946        87 
     365313    15.81      3.379662      0.045920      0.174892        87 
     425881    15.81      3.385598      0.031735      0.174663        87 
     455065    15.81      3.400584      0.044623      0.171800        87 
     601487    15.81      3.464185      0.067766      0.167729        87 
   2015TZ10    15.81      3.561474      0.070796      0.168065        87 
     354839    15.82      3.430910      0.054970      0.168284        87 
     415555    15.82      3.369586      0.070811      0.178701        87 
     431646    15.82      3.498895      0.055398      0.166744        87 
     327630    15.83      3.412563      0.064658      0.181988        87 
     340749    15.83      3.523122      0.064515      0.171787        87 
     509954    15.83      3.500577      0.055898      0.176320        87 
   2014XF25    15.83      3.549343      0.073145      0.172169        87 
     387501    15.84      3.451752      0.042874      0.167272        87 
     442594    15.84      3.403551      0.016329      0.169091        87 
     493239    15.84      3.359980      0.035968      0.175919        87 
  2016CS213    15.84      3.545204      0.064142      0.171042        87 
  2017BH131    15.84      3.556451      0.071716      0.169787        87 
     460616    15.85      3.450432      0.031420      0.166084        87 
   2010XC34    15.85      3.374555      0.038495      0.176394        87 
   2014AH58    15.85      3.552688      0.062370      0.171790        87 
     521515    15.86      3.405638      0.071787      0.177984        87 
     567289    15.86      3.552443      0.071524      0.172013        87 
     570062    15.86      3.409917      0.070809      0.167416        87 
     583130    15.86      3.430625      0.047965      0.157626        87 
     373076    15.87      3.459988      0.058739      0.181267        87 
     426786    15.87      3.563400      0.060065      0.170418        87 
     437738    15.87      3.464064      0.052553      0.167494        87 
     503161    15.87      3.422457      0.052479      0.171542        87 
     542226    15.87      3.410349      0.065717      0.168732        87 
     542579    15.87      3.429900      0.034237      0.172489        87 
     561101    15.87      3.490560      0.052744      0.168191        87 
  2014WW389    15.87      3.393631      0.044080      0.168121        87 
     411098    15.88      3.398460      0.039398      0.174512        87 
     426297    15.88      3.451840      0.052718      0.176592        87 
     436681    15.88      3.457590      0.060947      0.176222        87 
     363497    15.90      3.404339      0.053034      0.174050        87 
     392695    15.90      3.553821      0.069520      0.171170        87 
     411586    15.90      3.386649      0.075187      0.179896        87 
     537517    15.90      3.453812      0.031632      0.163561        87 
     404181    15.91      3.499147      0.060052      0.172522        87 
     441835    15.91      3.502931      0.057122      0.169497        87 
  2008EN128    15.91      3.428103      0.033913      0.166140        87 
  2012BW128    15.91      3.564806      0.072330      0.171561        87 
     429883    15.92      3.389757      0.040674      0.163961        87 
     477666    15.92      3.553771      0.064538      0.172339        87 
     493116    15.92      3.387788      0.051374      0.172977        87 
     560560    15.92      3.466665      0.031175      0.166684        87 
  2006UW378    15.92      3.559838      0.063803      0.172879        87 
  2015DS222    15.92      3.457136      0.042591      0.164450        87 
     471459    15.93      3.404544      0.057436      0.175579        87 
   2008EU17    15.93      3.452698      0.026566      0.162527        87 
     393079    15.94      3.392160      0.052286      0.176580        87 
     418002    15.94      3.461299      0.063947      0.176357        87 
     454890    15.94      3.419085      0.044686      0.166322        87 
     464239    15.94      3.434413      0.068864      0.181912        87 
     495009    15.94      3.499335      0.058244      0.172754        87 
     548656    15.94      3.563528      0.067883      0.170709        87 
     568339    15.94      3.561574      0.067270      0.172305        87 
   2014QH19    15.94      3.340028      0.047141      0.179925        87 
     427938    15.95      3.557107      0.056885      0.173295        87 
     451385    15.95      3.402565      0.058370      0.176543        87 
     466869    15.95      3.446911      0.063662      0.178977        87 
   2015TZ96    15.95      3.381801      0.070592      0.172274        87 
     457514    15.96      3.457854      0.054566      0.171914        87 
  2006SQ385    15.96      3.407177      0.064891      0.176761        87 
  2010OF107    15.96      3.500437      0.057321      0.169590        87 
     460566    15.97      3.382152      0.076128      0.171808        87 
     552410    15.97      3.432622      0.072758      0.179856        87 
  2000SY377    15.97      3.470704      0.030101      0.171217        87 
     302423    15.98      3.397521      0.047738      0.175057        87 
  2001DV112    15.98      3.379563      0.027745      0.175355        87 
  2007VQ158    15.98      3.475217      0.049369      0.171316        87 
  2015FF116    15.98      3.559120      0.068791      0.171139        87 
     326059    15.99      3.530404      0.059563      0.170509        87 
     396000    15.99      3.326922      0.070952      0.173700        87 
     346798    16.00      3.386609      0.065404      0.176432        87 
     410683    16.00      3.504598      0.069891      0.171381        87 
     428977    16.00      3.386842      0.062203      0.178940        87 
     477646    16.00      3.397369      0.043356      0.173026        87 
     522924    16.00      3.389505      0.050195      0.178143        87 
     554716    16.00      3.353252      0.060853      0.179690        87 
     566113    16.00      3.399855      0.047707      0.168542        87 
     568283    16.00      3.374846      0.033591      0.177249        87 
     574710    16.00      3.379763      0.053565      0.170995        87 
     576930    16.00      3.363118      0.083178      0.178247        87 
    2009PE6    16.00      3.374852      0.066753      0.184278        87 
   2006WD86    16.00      3.556597      0.062303      0.172394        87 
   2010MV77    16.00      3.543262      0.062414      0.169162        87 
  2005YX294    16.00      3.492660      0.069022      0.180853        87 
  2011UU327    16.00      3.364387      0.052544      0.176968        87 
     502595    16.01      3.415540      0.068084      0.174327        87 
     525170    16.01      3.436956      0.043299      0.165599        87 
     593718    16.01      3.523870      0.068556      0.171688        87 
  2003SN393    16.01      3.333696      0.062985      0.176114        87 
  2014WR212    16.01      3.394329      0.034210      0.167058        87 
     456748    16.02      3.503572      0.058931      0.175972        87 
     487236    16.02      3.464276      0.052255      0.169599        87 
     560614    16.02      3.441180      0.054851      0.164129        87 
     572995    16.02      3.453655      0.066284      0.178974        87 
     343101    16.03      3.378603      0.046875      0.173083        87 
     550799    16.03      3.415747      0.045337      0.173915        87 
     582239    16.03      3.363962      0.049410      0.169720        87 
   2016SJ54    16.03      3.438577      0.061383      0.165979        87 
     465303    16.04      3.394234      0.016922      0.175038        87 
    2014LJ1    16.04      3.451061      0.039290      0.159723        87 
  2005VQ147    16.04      3.434070      0.059270      0.172572        87 
  2010TG136    16.04      3.445205      0.048886      0.164457        87 
     299347    16.05      3.424912      0.062734      0.184458        87 
     513019    16.05      3.405837      0.074550      0.175860        87 
     610813    16.05      3.394014      0.074644      0.176532        87 
   2017OP45    16.05      3.400878      0.059520      0.182960        87 
  2014WQ279    16.05      3.434892      0.042668      0.167702        87 
     597606    16.06      3.372768      0.052445      0.177419        87 
   2011OO73    16.06      3.411866      0.060827      0.169657        87 
   2012ST54    16.06      3.399020      0.052423      0.176010        87 
  2002QQ158    16.06      3.437765      0.063309      0.168881        87 
  2005UN191    16.06      3.379714      0.056329      0.181961        87 
  2013PD113    16.06      3.562122      0.063731      0.169509        87 
     496417    16.07      3.400461      0.049970      0.176586        87 
     566923    16.07      3.557960      0.067310      0.173301        87 
  2003UL429    16.07      3.554012      0.068445      0.171607        87 
  2008SC337    16.07      3.561621      0.064422      0.169649        87 
  2014WV534    16.07      3.490683      0.062018      0.173048        87 
     607396    16.08      3.554902      0.079788      0.173844        87 
   2007VC17    16.08      3.562428      0.057576      0.173687        87 
   2007YS79    16.08      3.360681      0.070882      0.183863        87 
   2011DN36    16.08      3.413124      0.040548      0.170326        87 
  2007EH164    16.08      3.538580      0.063631      0.171845        87 
  2014QV124    16.08      3.556859      0.064090      0.173256        87 
     378050    16.09      3.558865      0.057042      0.170720        87 
     424395    16.09      3.386008      0.047614      0.178244        87 
     445273    16.09      3.430616      0.062017      0.184120        87 
     471880    16.09      3.391491      0.038233      0.174187        87 
     560851    16.09      3.407653      0.072280      0.182535        87 
     570109    16.09      3.396932      0.042942      0.174547        87 
   2014FW10    16.09      3.394136      0.059812      0.175052        87 
     431322    16.10      3.423686      0.047229      0.174626        87 
     467999    16.10      3.394353      0.080177      0.179187        87 
     487285    16.10      3.413210      0.042318      0.168787        87 
     413115    16.11      3.454348      0.066948      0.171334        87 
     433241    16.11      3.386862      0.020291      0.168494        87 
     464912    16.11      3.412414      0.052848      0.172382        87 
     482986    16.11      3.419762      0.040897      0.171037        87 
     492202    16.11      3.353905      0.036903      0.172359        87 
     615552    16.11      3.453734      0.027639      0.166119        87 
  2014SW301    16.11      3.389073      0.015923      0.173265        87 
     513688    16.12      3.353598      0.063388      0.174591        87 
     569037    16.12      3.446833      0.036097      0.163686        87 
     585904    16.12      3.565483      0.068286      0.170214        87 
   2015VJ90    16.12      3.470681      0.049481      0.169332        87 
  2008CC229    16.12      3.557605      0.074777      0.172627        87 
     410668    16.13      3.382634      0.059631      0.177079        87 
  2007HL104    16.13      3.339984      0.063714      0.171737        87 
     325721    16.14      3.442843      0.067348      0.171773        87 
     443099    16.14      3.430950      0.068069      0.176736        87 
     460702    16.14      3.403430      0.084171      0.175882        87 
     540082    16.14      3.404279      0.037689      0.171324        87 
     543383    16.14      3.390599      0.041724      0.170226        87 
     484679    16.15      3.394420      0.034199      0.172051        87 
     572757    16.15      3.533524      0.065295      0.172867        87 
   2013QK25    16.15      3.564214      0.069112      0.172395        87 
  2007VM348    16.15      3.382145      0.055123      0.173751        87 
  2008CQ228    16.15      3.566686      0.064542      0.172264        87 
  2010JA146    16.15      3.402121      0.032998      0.170891        87 
  2012TF246    16.15      3.549761      0.074675      0.171181        87 
  2015XU133    16.15      3.372139      0.078681      0.179109        87 
   2008VB85    16.16      3.564745      0.069521      0.172630        87 
   2010HE29    16.16      3.398649      0.052666      0.175250        87 
   2013DV10    16.16      3.376933      0.064861      0.174240        87 
   2015BS38    16.16      3.423900      0.073951      0.165657        87 
  2006SS346    16.16      3.457710      0.053115      0.172063        87 
  2009HB110    16.16      3.369197      0.055499      0.176402        87 
  2012XL169    16.16      3.467340      0.031348      0.174094        87 
  2016AF120    16.16      3.548673      0.064545      0.172034        87 
     468518    16.17      3.441754      0.046952      0.169453        87 
  2015MM197    16.17      3.428874      0.062721      0.176428        87 
  2016CR117    16.17      3.403056      0.047162      0.163117        87 
     274599    16.18      3.376861      0.054390      0.173495        87 
     425011    16.18      3.459824      0.054500      0.176529        87 
     463358    16.18      3.481508      0.058247      0.172897        87 
     495294    16.18      3.361717      0.078666      0.180800        87 
     518338    16.18      3.397016      0.036638      0.177206        87 
     579210    16.18      3.556799      0.072541      0.172221        87 
   2007DJ40    16.18      3.391553      0.038590      0.171019        87 
   2013SO61    16.18      3.389725      0.075955      0.178917        87 
  2008SC315    16.18      3.504734      0.060491      0.174436        87 
  2014WD161    16.18      3.453257      0.063750      0.175220        87 
     431355    16.19      3.556732      0.065875      0.171420        87 
     507619    16.19      3.387407      0.055862      0.173689        87 
   2014XX51    16.19      3.555429      0.066590      0.170802        87 
  2006SB404    16.19      3.388582      0.069598      0.174710        87 
  2015AD147    16.19      3.453515      0.054930      0.179083        87 
     310086    16.20      3.559750      0.066757      0.170502        87 
     490109    16.20      3.412073      0.065329      0.174772        87 
     593788    16.20      3.560697      0.068042      0.170322        87 
  2005NF132    16.20      3.487049      0.054148      0.164813        87 
  2007RV346    16.20      3.400546      0.043983      0.170374        87 
  2008TY132    16.20      3.393503      0.078798      0.175132        87 
  2008UH359    16.20      3.361921      0.033335      0.164496        87 
  2013CZ253    16.20      3.564996      0.061196      0.169838        87 
  2015AE223    16.20      3.381489      0.042730      0.176721        87 
  2015FT376    16.20      3.350279      0.044656      0.173409        87 
  2016GW157    16.20      3.385063      0.059066      0.168598        87 
     437596    16.21      3.376255      0.061608      0.174157        87 
     523170    16.21      3.449468      0.054703      0.170144        87 
     545151    16.21      3.563601      0.059758      0.170045        87 
     551136    16.21      3.454035      0.028868      0.162687        87 
     571128    16.21      3.373297      0.053022      0.176212        87 
     573778    16.21      3.541479      0.069818      0.170957        87 
     592173    16.21      3.448566      0.037674      0.169391        87 
   2010OA21    16.21      3.435130      0.047727      0.168929        87 
  2006UP372    16.21      3.533203      0.066865      0.172849        87 
  2007UB159    16.21      3.443220      0.031518      0.168704        87 
  2016CV157    16.21      3.441424      0.055636      0.170728        87 
     385957    16.22      3.376449      0.069059      0.175684        87 
     516685    16.22      3.374062      0.039958      0.174166        87 
     522259    16.22      3.433335      0.057829      0.170097        87 
  2010GB133    16.22      3.387223      0.049972      0.172314        87 
  2015BZ148    16.22      3.368323      0.036642      0.178364        87 
     448437    16.23      3.354835      0.020464      0.172625        87 
     464325    16.23      3.419354      0.065793      0.177323        87 
     506598    16.23      3.481690      0.045933      0.171063        87 
     552833    16.23      3.373606      0.031129      0.180411        87 
     560429    16.23      3.380392      0.052153      0.176705        87 
    2004GD6    16.23      3.479769      0.065306      0.171172        87 
   2010MJ81    16.23      3.555887      0.074214      0.174748        87 
   2012TQ83    16.23      3.529103      0.068050      0.171783        87 
   2013TB68    16.23      3.337125      0.060133      0.169076        87 
  2015BB399    16.23      3.442623      0.069606      0.179722        87 
  2016EZ105    16.23      3.367701      0.028159      0.164333        87 
     466824    16.24      3.378032      0.058506      0.173185        87 
     531996    16.24      3.450154      0.064697      0.175384        87 
     548145    16.24      3.348647      0.062392      0.175868        87 
     569668    16.24      3.370127      0.050037      0.176794        87 
   2014VD16    16.24      3.393680      0.036523      0.171221        87 
   2015CX17    16.24      3.348749      0.056140      0.178200        87 
  2008TT222    16.24      3.430010      0.063089      0.171737        87 
  2008WO159    16.24      3.459143      0.055366      0.183347        87 
  2009BB195    16.24      3.356195      0.074429      0.175738        87 
     401958    16.25      3.376410      0.036380      0.174648        87 
     489625    16.25      3.441138      0.049300      0.167585        87 
     489805    16.25      3.368983      0.035526      0.178441        87 
     577266    16.25      3.394153      0.040908      0.163437        87 
   2005VK37    16.25      3.424022      0.057999      0.176453        87 
   2010NX23    16.25      3.391701      0.040506      0.168730        87 
  2005NE132    16.25      3.424506      0.071640      0.188495        87 
  2006SJ404    16.25      3.451234      0.060273      0.170252        87 
  2007TC124    16.25      3.563474      0.073316      0.172730        87 
  2008TV230    16.25      3.501555      0.055062      0.177869        87 
  2012TL241    16.25      3.383997      0.024089      0.168293        87 
  2014SK354    16.25      3.424038      0.052225      0.170101        87 
     352635    16.26      3.394333      0.067670      0.175830        87 
     430957    16.26      3.400616      0.048770      0.172974        87 
     567895    16.26      3.504154      0.068095      0.173470        87 
   2007WP65    16.26      3.346199      0.054606      0.179187        87 
   2008CY55    16.26      3.331236      0.057370      0.182507        87 
   2008XK39    16.26      3.399841      0.042732      0.167414        87 
   2014WD18    16.26      3.560823      0.065009      0.170672        87 
   2014WU64    16.26      3.347492      0.059233      0.181794        87 
  2006SW439    16.26      3.391831      0.074066      0.181588        87 
  2013WD110    16.26      3.424603      0.042452      0.168025        87 
  2014TP105    16.26      3.543370      0.074131      0.171513        87 
  2014WD258    16.26      3.566483      0.064305      0.168717        87 
     430954    16.27      3.453114      0.045090      0.177627        87 
     482965    16.27      3.437103      0.076612      0.172433        87 
     574694    16.27      3.381147      0.059155      0.170794        87 
     574762    16.27      3.386206      0.053694      0.173850        87 
  2009SP123    16.27      3.394800      0.033249      0.170592        87 
  2015XD363    16.27      3.343442      0.051621      0.177873        87 
     512751    16.28      3.371970      0.039977      0.175533        87 
  2011QU113    16.28      3.364908      0.030332      0.164354        87 
  2014OS251    16.28      3.502220      0.048186      0.170825        87 
  2014WE318    16.28      3.452867      0.074314      0.171110        87 
  2015BV607    16.28      3.492711      0.054877      0.170131        87 
     462545    16.29      3.446629      0.055827      0.165243        87 
     465346    16.29      3.334471      0.072549      0.184598        87 
     547244    16.29      3.425152      0.042484      0.173523        87 
     589391    16.29      3.440704      0.077127      0.180146        87 
  2015BE353    16.29      3.475348      0.053292      0.170786        87 
  2015DR105    16.29      3.376597      0.071550      0.176619        87 
  2016AN220    16.29      3.453007      0.059499      0.171696        87 
     566124    16.30      3.394039      0.051359      0.173411        87 
     605983    16.30      3.387354      0.061828      0.181621        87 
   2010GN86    16.30      3.428136      0.063654      0.177005        87 
   2016CQ89    16.30      3.477473      0.058897      0.172761        87 
   2016QG37    16.30      3.386847      0.029355      0.165843        87 
  2007RG328    16.30      3.399239      0.034910      0.167199        87 
     603048    16.31      3.527613      0.071077      0.171291        87 
    2016EL9    16.31      3.355438      0.055262      0.174961        87 
   2010GM14    16.31      3.370705      0.044250      0.174996        87 
   2012CZ59    16.31      3.451375      0.070637      0.174289        87 
  2007TL466    16.31      3.347990      0.065665      0.177146        87 
  2010FG118    16.31      3.406172      0.062601      0.176029        87 
  2016EU283    16.31      3.378106      0.054102      0.180824        87 
     438675    16.32      3.375948      0.046806      0.172186        87 
     540935    16.32      3.467386      0.026940      0.169097        87 
     543388    16.32      3.394191      0.045043      0.166760        87 
     569712    16.32      3.400511      0.032533      0.169318        87 
     579157    16.32      3.522339      0.068742      0.171136        87 
    2015DG9    16.32      3.399739      0.035993      0.166416        87 
   2019SM71    16.32      3.433437      0.052169      0.170525        87 
  2002TY348    16.32      3.413505      0.057485      0.174270        87 
  2005EH272    16.32      3.436188      0.042445      0.158856        87 
  2006SF265    16.32      3.567383      0.056105      0.170716        87 
  2008AB152    16.32      3.347965      0.074173      0.185094        87 
  2005VP142    16.33      3.392158      0.036090      0.170739        87 
  2012TW132    16.33      3.433415      0.034918      0.168565        87 
  2012VV133    16.33      3.418017      0.053853      0.175642        87 
    2017TJ9    16.34      3.421504      0.041637      0.170747        87 
   2014TY95    16.34      3.383692      0.065848      0.173730        87 
  2016AJ270    16.34      3.414724      0.058987      0.175426        87 
     459698    16.35      3.438414      0.040155      0.173755        87 
     526262    16.35      3.375563      0.072890      0.176192        87 
     589379    16.35      3.424303      0.046244      0.166270        87 
   2007XT64    16.35      3.437533      0.045415      0.169694        87 
   2011HA40    16.35      3.421481      0.047295      0.167444        87 
     566115    16.36      3.456328      0.066413      0.171533        87 
   2009QY74    16.36      3.393777      0.069412      0.172643        87 
   2014ML75    16.36      3.485749      0.035045      0.167825        87 
  2007EG201    16.36      3.394350      0.038214      0.171590        87 
  2013CM242    16.36      3.371768      0.043818      0.173734        87 
     549632    16.37      3.389363      0.084751      0.175788        87 
     564803    16.37      3.462086      0.028673      0.167869        87 
   2014XV16    16.37      3.401064      0.042583      0.170115        87 
  2008SH339    16.37      3.383607      0.047047      0.182386        87 
  2009BZ170    16.37      3.406165      0.034578      0.171616        87 
  2012BV160    16.37      3.546287      0.059761      0.172749        87 
  2013CX218    16.37      3.456510      0.024644      0.159521        87 
     518474    16.38      3.430191      0.058576      0.174044        87 
     573734    16.38      3.481343      0.055474      0.171585        87 
     594408    16.38      3.407563      0.037146      0.166987        87 
     602115    16.38      3.445681      0.046321      0.173523        87 
    2010UA2    16.38      3.350716      0.072311      0.176687        87 
   2004YP38    16.38      3.423602      0.068133      0.181730        87 
   2006YE66    16.38      3.402062      0.034135      0.170824        87 
  2006DA206    16.38      3.362418      0.043320      0.173536        87 
  2010XL105    16.38      3.376528      0.020080      0.167798        87 
     554782    16.39      3.552336      0.075860      0.172610        87 
     554859    16.39      3.562946      0.063941      0.170909        87 
  2005VN132    16.39      3.377654      0.045830      0.174295        87 
  2008TY222    16.39      3.396399      0.039392      0.171593        87 
  2009HB114    16.39      3.414448      0.060399      0.174693        87 
  2010UD131    16.39      3.363448      0.052006      0.178346        87 
  2011SB264    16.39      3.565004      0.068869      0.172676        87 
  2016EZ226    16.39      3.381966      0.044908      0.170762        87 
     467820    16.40      3.357959      0.043490      0.181412        87 
     493082    16.40      3.434837      0.052522      0.175092        87 
     616255    16.40      3.347802      0.060291      0.181655        87 
    2008WT6    16.40      3.365625      0.050380      0.174480        87 
   2014XY43    16.40      3.403664      0.056637      0.171622        87 
  2006WP236    16.40      3.388842      0.035408      0.166038        87 
  2008TL123    16.40      3.437664      0.059932      0.172169        87 
  2014WS111    16.40      3.331655      0.040257      0.177659        87 
  2015TC109    16.40      3.445468      0.077691      0.181875        87 
     2010SY    16.41      3.369576      0.042010      0.170369        87 
     575472    16.41      3.523827      0.066263      0.172336        87 
     576044    16.41      3.484348      0.051671      0.171753        87 
   2008BT57    16.41      3.565487      0.072568      0.171588        87 
   2012QO65    16.41      3.411232      0.061347      0.172164        87 
   2013WV38    16.41      3.399925      0.067529      0.181273        87 
   2014WN58    16.41      3.423984      0.044879      0.172046        87 
  2006VY181    16.41      3.450356      0.040954      0.167102        87 
  2010FC141    16.41      3.349069      0.022755      0.163357        87 
  2012TR120    16.41      3.397166      0.060793      0.174463        87 
  2014WP115    16.41      3.391101      0.067411      0.183063        87 
  2016CR139    16.41      3.404577      0.072127      0.176441        87 
     547032    16.42      3.429284      0.031776      0.162146        87 
     601432    16.42      3.337150      0.062589      0.180475        87 
   2000JG95    16.42      3.375319      0.053495      0.182832        87 
   2004SA65    16.42      3.415396      0.052227      0.169618        87 
   2012VS13    16.42      3.358068      0.047489      0.178267        87 
   2014OQ30    16.42      3.470125      0.043845      0.176359        87 
  2001FA248    16.42      3.441214      0.025905      0.162957        87 
  2003SM441    16.42      3.485028      0.057064      0.178307        87 
  2015PO140    16.42      3.357939      0.057434      0.176905        87 
  2015RM341    16.42      3.420689      0.045378      0.168542        87 
     518082    16.43      3.347847      0.055233      0.177320        87 
     546828    16.43      3.382664      0.031748      0.165859        87 
     559816    16.43      3.420922      0.079626      0.177582        87 
     560845    16.43      3.360912      0.061106      0.176995        87 
     592257    16.43      3.482024      0.034965      0.168320        87 
     598421    16.43      3.439185      0.035458      0.169075        87 
   2013BU74    16.43      3.385051      0.071642      0.173354        87 
  2008UR209    16.43      3.566263      0.066445      0.169939        87 
  2010DM113    16.43      3.440494      0.058722      0.178447        87 
  2014OU114    16.43      3.448789      0.062938      0.174218        87 
  2016AR255    16.43      3.420460      0.055188      0.180725        87 
     487286    16.44      3.353718      0.042743      0.173039        87 
     574766    16.44      3.351179      0.042931      0.170769        87 
     582214    16.44      3.432813      0.031103      0.164317        87 
   2014MA99    16.44      3.382515      0.051650      0.178781        87 
   2018RV53    16.44      3.349020      0.072956      0.179834        87 
  2010RN188    16.44      3.389825      0.032121      0.172127        87 
  2010VH266    16.44      3.436221      0.058140      0.166157        87 
  2012XR170    16.44      3.446880      0.074745      0.178569        87 
  2014WT586    16.44      3.439677      0.063509      0.169907        87 
  2016AC228    16.44      3.430021      0.055542      0.175310        87 
     497381    16.45      3.421480      0.043567      0.168187        87 
     570171    16.45      3.387301      0.039962      0.175942        87 
   2020PN62    16.45      3.461752      0.048352      0.173432        87 
   2020YF22    16.45      3.373639      0.043298      0.177183        87 
  2016AX344    16.45      3.564903      0.081246      0.174822        87 
  2016CZ351    16.45      3.563820      0.062646      0.173499        87 
  2018VH135    16.45      3.491866      0.054751      0.171921        87 
     399460    16.46      3.356898      0.069078      0.175979        87 
   2012UK40    16.46      3.424564      0.062383      0.175795        87 
   2014MH88    16.46      3.428105      0.075209      0.180103        87 
   2015PC43    16.46      3.548233      0.069435      0.171115        87 
  2003UN408    16.46      3.362688      0.064718      0.177804        87 
  2014QQ394    16.46      3.337653      0.047163      0.167305        87 
     473184    16.47      3.353662      0.075059      0.176710        87 
     522412    16.47      3.373028      0.044607      0.176334        87 
    2014NT6    16.47      3.434415      0.053153      0.172295        87 
   2010MZ23    16.47      3.566515      0.063977      0.170482        87 
   2013BC91    16.47      3.348321      0.057118      0.178572        87 
   2013VQ41    16.47      3.358018      0.044896      0.184306        87 
   2014WT49    16.47      3.369861      0.039946      0.174201        87 
   2016QW53    16.47      3.364042      0.043599      0.175341        87 
  2001DF119    16.47      3.419118      0.068102      0.179888        87 
  2004TJ199    16.47      3.523843      0.064345      0.170724        87 
  2005UV415    16.47      3.334285      0.061163      0.179587        87 
  2012UG208    16.47      3.433664      0.063385      0.173693        87 
  2013CL176    16.47      3.383955      0.072187      0.177544        87 
     564804    16.48      3.429823      0.063739      0.178602        87 
     592115    16.48      3.378824      0.071064      0.176532        87 
   2004QZ37    16.48      3.484527      0.060634      0.177027        87 
   2006WH50    16.48      3.416962      0.050218      0.171630        87 
   2008HQ76    16.48      3.552951      0.061107      0.173010        87 
   2014YR84    16.48      3.477489      0.051949      0.169257        87 
   2019OX23    16.48      3.555608      0.068185      0.170653        87 
  2003SO421    16.48      3.324451      0.047739      0.176665        87 
  2010LM148    16.48      3.391960      0.045146      0.171889        87 
  2015XR102    16.48      3.382917      0.037401      0.178714        87 
     462116    16.49      3.349116      0.033832      0.167370        87 
     602798    16.49      3.404580      0.044411      0.172618        87 
   2010BM27    16.49      3.366920      0.042458      0.174902        87 
   2017PN40    16.49      3.376141      0.065563      0.179464        87 
   2018AN45    16.49      3.411757      0.056206      0.174930        87 
  2006SF433    16.49      3.401952      0.039961      0.178024        87 
  2008YL181    16.49      3.456104      0.055992      0.172116        87 
  2009SS107    16.49      3.564637      0.061531      0.173582        87 
     451215    16.50      3.345024      0.060698      0.175221        87 
     491634    16.50      3.357264      0.057619      0.172737        87 
     575715    16.50      3.348454      0.047309      0.179817        87 
   2010VA93    16.50      3.399167      0.047100      0.175270        87 
   2013WT93    16.50      3.496731      0.035231      0.165311        87 
  2004TC376    16.50      3.407935      0.039461      0.168709        87 
  2015FP276    16.50      3.382449      0.021244      0.168904        87 
     553507    16.51      3.426091      0.047202      0.168658        87 
     555593    16.51      3.353174      0.023207      0.166683        87 
     568286    16.51      3.377443      0.027201      0.168500        87 
   2013BS52    16.51      3.414251      0.047641      0.170804        87 
   2016BY52    16.51      3.394104      0.065148      0.173340        87 
  2008EV175    16.51      3.350597      0.045774      0.178153        87 
  2012US247    16.51      3.431281      0.058731      0.171901        87 
  2013GQ158    16.51      3.432365      0.043468      0.173470        87 
  2015TX261    16.51      3.366460      0.078802      0.175154        87 
  2016CC352    16.51      3.371553      0.064772      0.180653        87 
  2017FQ164    16.51      3.532182      0.060853      0.171389        87 
   2007BX94    16.52      3.407933      0.040636      0.174831        87 
   2007VN36    16.52      3.427685      0.032937      0.166946        87 
   2008YS59    16.52      3.369235      0.051511      0.175643        87 
   2010GK39    16.52      3.426639      0.073084      0.177294        87 
  2012TZ156    16.52      3.459576      0.044461      0.170225        87 
  2015DB301    16.52      3.353334      0.062653      0.177269        87 
  2015FR460    16.52      3.442333      0.080395      0.177090        87 
    2018WH5    16.53      3.353524      0.056664      0.177896        87 
   2012TA40    16.53      3.426357      0.033169      0.163344        87 
   2013EX37    16.53      3.407215      0.053844      0.170786        87 
   2015AK31    16.53      3.346746      0.067161      0.178783        87 
  2014OY221    16.53      3.389551      0.030713      0.173847        87 
  2015TG451    16.53      3.412564      0.056227      0.173478        87 
   2011UG68    16.54      3.397295      0.053010      0.161623        87 
   2012SO86    16.54      3.422178      0.051838      0.172222        87 
   2013QJ38    16.54      3.380145      0.043279      0.172719        87 
   2014OS79    16.54      3.366894      0.057840      0.176079        87 
  2009DZ153    16.54      3.357263      0.048173      0.173574        87 
  2012UM222    16.54      3.560590      0.068525      0.171975        87 
  2013EE182    16.54      3.411944      0.048373      0.164914        87 
     519451    16.55      3.364053      0.066208      0.166088        87 
     540895    16.55      3.351492      0.047100      0.174309        87 
     588703    16.55      3.421755      0.042129      0.168802        87 
     593611    16.55      3.380341      0.045992      0.180084        87 
    2010YT6    16.55      3.379625      0.053277      0.177699        87 
   2010DE33    16.55      3.416561      0.058042      0.170731        87 
   2019QL54    16.55      3.341549      0.030047      0.174697        87 
   2019XS13    16.55      3.563380      0.062962      0.169325        87 
  2007VJ357    16.55      3.529067      0.069417      0.172923        87 
  2009WK127    16.55      3.405608      0.086246      0.175618        87 
  2010FO131    16.55      3.353956      0.038630      0.177101        87 
  2010MK101    16.55      3.382774      0.058039      0.177908        87 
  2014TL112    16.55      3.418659      0.048086      0.173709        87 
     572492    16.56      3.345931      0.059874      0.172682        87 
     604955    16.56      3.356356      0.058901      0.171160        87 
   2014QC34    16.56      3.410774      0.041558      0.173344        87 
   2017SJ59    16.56      3.394275      0.029285      0.166445        87 
   2019PF45    16.56      3.461850      0.054555      0.164706        87 
  2012FJ110    16.56      3.367360      0.066616      0.180468        87 
  2015PN104    16.56      3.455559      0.028606      0.170497        87 
     556556    16.57      3.553002      0.061673      0.170101        87 
     593787    16.57      3.497968      0.038114      0.167347        87 
     602881    16.57      3.350108      0.051262      0.178020        87 
   2017XY55    16.57      3.394420      0.069025      0.167167        87 
  2009WR196    16.57      3.404566      0.031689      0.162141        87 
     428197    16.58      3.455170      0.044485      0.173643        87 
     521733    16.58      3.368934      0.064971      0.179001        87 
     524763    16.58      3.374102      0.056694      0.166681        87 
   2008CU67    16.58      3.344027      0.073623      0.172448        87 
   2015QL17    16.58      3.361432      0.042301      0.166965        87 
   2015TK66    16.58      3.433667      0.033475      0.176175        87 
   2017XV50    16.58      3.441663      0.064625      0.173230        87 
  2008VP106    16.58      3.526413      0.067893      0.170460        87 
  2015FQ251    16.58      3.435141      0.046861      0.169659        87 
  2017DR141    16.58      3.489617      0.064524      0.183529        87 
     564831    16.59      3.361370      0.073471      0.181995        87 
     581729    16.59      3.366911      0.045742      0.168433        87 
   2007HB10    16.59      3.503207      0.063365      0.172995        87 
   2016PU53    16.59      3.564971      0.064573      0.172407        87 
  2010UL121    16.59      3.377290      0.054600      0.169376        87 
  2010VJ186    16.59      3.387428      0.075281      0.180501        87 
  2014WV328    16.59      3.378124      0.050576      0.177480        87 
  2016CH393    16.59      3.378676      0.050635      0.175680        87 
  2019SE108    16.59      3.426907      0.052814      0.172299        87 
     582183    16.60      3.385605      0.054102      0.168142        87 
   2014JV53    16.60      3.434659      0.039095      0.171459        87 
   2018BD29    16.60      3.527132      0.067061      0.171095        87 
   2019QT72    16.60      3.534651      0.066680      0.170912        87 
  2016QC127    16.60      3.515019      0.059780      0.175871        87 
  2018VJ102    16.60      3.534956      0.064593      0.171953        87 
  2019GH108    16.60      3.476206      0.069168      0.164988        87 
     435434    16.61      3.353687      0.048911      0.179049        87 
  2014WB288    16.61      3.365952      0.067084      0.179253        87 
  2015BU590    16.61      3.449446      0.036835      0.165186        87 
  2018VL152    16.61      3.434143      0.037062      0.160579        87 
  2020OE102    16.61      3.452089      0.060050      0.181892        87 
     557972    16.62      3.396815      0.052009      0.171434        87 
     607575    16.62      3.333343      0.022498      0.165619        87 
   2013FK35    16.62      3.368597      0.017193      0.169309        87 
   2016FA29    16.62      3.376985      0.034464      0.178075        87 
   2018PX55    16.62      3.414901      0.029867      0.165244        87 
   2019TG69    16.62      3.565250      0.068238      0.172622        87 
  2006DW222    16.62      3.385746      0.043372      0.170690        87 
  2015BL262    16.62      3.422671      0.069550      0.173600        87 
     555828    16.63      3.433923      0.046225      0.164327        87 
    2008WL4    16.63      3.346184      0.054237      0.176605        87 
   2008XY63    16.63      3.335561      0.065600      0.183138        87 
   2010GM81    16.63      3.364516      0.062091      0.175647        87 
   2010TW73    16.63      3.427584      0.058660      0.181590        87 
   2013EF22    16.63      3.376656      0.066408      0.169372        87 
   2015BW78    16.63      3.408393      0.051477      0.170933        87 
   2017DY26    16.63      3.432216      0.045438      0.164141        87 
  2013CP236    16.63      3.424250      0.053648      0.162211        87 
  2015PO104    16.63      3.433097      0.035625      0.167148        87 
  2015XZ333    16.63      3.398890      0.065744      0.176245        87 
  2018VM119    16.63      3.453567      0.064912      0.175584        87 
   2008YW88    16.64      3.435503      0.047619      0.176753        87 
   2016PB72    16.64      3.390600      0.048083      0.175666        87 
   2019PN56    16.64      3.353860      0.079750      0.177600        87 
   2019UT19    16.64      3.330806      0.044450      0.171026        87 
   2020PH70    16.64      3.438463      0.052399      0.169687        87 
   2020VU20    16.64      3.363386      0.039596      0.169841        87 
  2002CK231    16.64      3.359063      0.030637      0.168774        87 
  2010GP202    16.64      3.407077      0.045225      0.174935        87 
  2010TL224    16.64      3.341234      0.064725      0.186686        87 
  2014OS157    16.64      3.368743      0.015145      0.174322        87 
  2014SM384    16.64      3.422743      0.071017      0.182980        87 
  2015PU125    16.64      3.478615      0.036489      0.167185        87 
  2015TC410    16.64      3.391540      0.038517      0.173696        87 
  2015XH126    16.64      3.394221      0.061348      0.178784        87 
  2016CD107    16.64      3.377096      0.050486      0.173695        87 
     517890    16.65      3.364814      0.052348      0.171927        87 
   2016GR93    16.65      3.557927      0.070878      0.171599        87 
   2019SE35    16.65      3.356111      0.040712      0.173912        87 
   2019TS79    16.65      3.430626      0.040698      0.163490        87 
  2005NA132    16.65      3.419459      0.072071      0.169545        87 
  2015KQ117    16.65      3.436162      0.068579      0.177104        87 
  2016CQ363    16.65      3.434913      0.058791      0.172662        87 
  2016TV187    16.65      3.404679      0.040844      0.166822        87 
   2009TN53    16.66      3.367184      0.043019      0.166389        87 
   2019KR49    16.66      3.335828      0.067819      0.180166        87 
  2007VA353    16.66      3.370912      0.079980      0.168346        87 
  2010AQ126    16.66      3.391113      0.046050      0.173243        87 
  2010TA234    16.66      3.364250      0.036641      0.166248        87 
  2014HS249    16.66      3.465642      0.040648      0.173911        87 
  2014QP246    16.66      3.390923      0.049079      0.174730        87 
  2016TR187    16.66      3.414120      0.053775      0.163252        87 
  2017OC107    16.66      3.408657      0.056499      0.171790        87 
     473188    16.67      3.351351      0.068899      0.175028        87 
   2017EJ34    16.67      3.416910      0.062311      0.170972        87 
  2007RS349    16.67      3.343918      0.054548      0.168589        87 
  2013EB150    16.67      3.440511      0.066644      0.179076        87 
  2016PH202    16.67      3.500142      0.070133      0.173033        87 
     578162    16.68      3.380858      0.084632      0.174904        87 
   2006AF23    16.68      3.335497      0.072190      0.173156        87 
   2011AL85    16.68      3.449708      0.036501      0.168873        87 
   2018XR28    16.68      3.364844      0.066539      0.174898        87 
   2021TS34    16.68      3.442489      0.050097      0.158487        87 
  2015BN399    16.68      3.364059      0.055081      0.182440        87 
   2006RX80    16.69      3.360196      0.060869      0.175886        87 
  2006WO228    16.69      3.527128      0.077608      0.172932        87 
  2007VK358    16.69      3.394488      0.058706      0.173827        87 
  2013GL164    16.69      3.441353      0.057182      0.169557        87 
   2018KY11    16.70      3.485054      0.048253      0.167575        87 
   2020HH95    16.70      3.559469      0.058913      0.169802        87 
  2002CO329    16.70      3.399856      0.045776      0.172186        87 
  2007TH476    16.70      3.538408      0.062290      0.167325        87 
  2011SO156    16.70      3.394024      0.056403      0.180598        87 
  2013TM232    16.70      3.421690      0.055024      0.175509        87 
  2014SO245    16.70      3.400126      0.050774      0.168797        87 
  2015OH149    16.70      3.366224      0.078265      0.182650        87 
  2016ET324    16.70      3.477770      0.051423      0.172803        87 
  2016GK333    16.70      3.423877      0.037129      0.171484        87 
   2011SK15    16.71      3.393000      0.057197      0.170815        87 
   2013VR51    16.71      3.394032      0.041831      0.175984        87 
   2019TR77    16.71      3.414944      0.066314      0.178781        87 
  2011UV426    16.71      3.429720      0.069234      0.176031        87 
  2014OS421    16.71      3.361129      0.061436      0.184774        87 
  2015DB273    16.71      3.446289      0.065853      0.172099        87 
  2019GQ118    16.71      3.443631      0.064321      0.172674        87 
   2008TL32    16.72      3.353449      0.036342      0.170147        87 
   2008UG83    16.72      3.335288      0.035307      0.171439        87 
   2015KY24    16.72      3.415967      0.067151      0.176900        87 
   2015SP40    16.72      3.353561      0.065059      0.169137        87 
   2019RC84    16.72      3.453361      0.028772      0.169201        87 
   2021RQ40    16.72      3.434025      0.031935      0.169152        87 
  2007VA372    16.72      3.523807      0.070981      0.171003        87 
  2010CV207    16.72      3.564061      0.067115      0.172095        87 
  2015KD192    16.72      3.419746      0.046774      0.172662        87 
  2016EY179    16.72      3.384336      0.041797      0.170109        87 
  2016PT150    16.72      3.413536      0.052331      0.172126        87 
  2020RS130    16.72      3.408919      0.060266      0.178017        87 
     543422    16.73      3.409960      0.017574      0.165625        87 
     574796    16.73      3.346453      0.053102      0.171014        87 
     602824    16.73      3.387369      0.063728      0.176046        87 
     604851    16.73      3.367932      0.058952      0.180617        87 
     606016    16.73      3.402239      0.048822      0.167929        87 
   2004QO36    16.73      3.433660      0.054346      0.170017        87 
   2011RZ27    16.73      3.436217      0.045148      0.172396        87 
   2015QE26    16.73      3.367910      0.061076      0.172029        87 
   2018PK42    16.73      3.408211      0.070431      0.178396        87 
   2019QR79    16.73      3.408190      0.052287      0.174635        87 
  2003FF138    16.73      3.425643      0.062026      0.170848        87 
  2005JE169    16.73      3.353448      0.076173      0.178117        87 
  2009SR181    16.73      3.409390      0.044874      0.170643        87 
  2014EY177    16.73      3.400022      0.047669      0.174559        87 
  2015DZ256    16.73      3.405612      0.044218      0.169435        87 
  2015RW112    16.73      3.459822      0.065834      0.174830        87 
  2016EX321    16.73      3.357820      0.041976      0.179525        87 
  2016UQ276    16.73      3.333492      0.047453      0.179038        87 
     557237    16.74      3.438407      0.052418      0.174952        87 
     604944    16.74      3.422940      0.052273      0.172542        87 
   2011AP29    16.74      3.401911      0.040696      0.168730        87 
   2013JB56    16.74      3.414405      0.055001      0.173064        87 
   2016WX35    16.74      3.341636      0.059394      0.177556        87 
   2017HV25    16.74      3.367374      0.049027      0.178689        87 
  2005NR118    16.74      3.350691      0.065990      0.177895        87 
  2006SK455    16.74      3.376044      0.052549      0.177848        87 
  2015XD482    16.74      3.426574      0.072306      0.190392        87 
     566235    16.75      3.378816      0.066070      0.173353        87 
   2006OH40    16.75      3.433298      0.066391      0.174669        87 
   2008CF56    16.75      3.483836      0.052871      0.173438        87 
   2016GF43    16.75      3.403723      0.072541      0.168411        87 
  2008TH227    16.75      3.417883      0.070321      0.186453        87 
  2012TP366    16.75      3.356923      0.046905      0.173889        87 
  2014OC459    16.75      3.343645      0.043995      0.174722        87 
  2015AB131    16.75      3.347240      0.045125      0.175774        87 
  2016EB263    16.75      3.367308      0.041025      0.167820        87 
  2016PM152    16.75      3.369756      0.057498      0.179286        87 
  2016PU200    16.75      3.432623      0.060793      0.171885        87 
     461152    16.76      3.357216      0.072141      0.171736        87 
     600633    16.76      3.341505      0.056639      0.178757        87 
   2008WG57    16.76      3.447194      0.064573      0.180791        87 
   2014RT87    16.76      3.427569      0.042817      0.169362        87 
  2007VK121    16.76      3.435278      0.079017      0.176443        87 
  2014WC585    16.76      3.376790      0.082827      0.172657        87 
  2015FV285    16.76      3.403859      0.075052      0.176697        87 
  2015PR253    16.76      3.414862      0.075049      0.168542        87 
  2015RQ341    16.76      3.341738      0.063350      0.175964        87 
  2015XD444    16.76      3.372564      0.088512      0.177625        87 
  2017SP249    16.76      3.419186      0.041487      0.172720        87 
   2008QP52    16.77      3.461643      0.056285      0.178101        87 
   2014SS35    16.77      3.374876      0.047705      0.171898        87 
  2004RV364    16.77      3.429991      0.072640      0.181395        87 
  2009UX177    16.77      3.423099      0.066051      0.173280        87 
  2015FK322    16.77      3.356411      0.054700      0.172707        87 
  2015HV133    16.77      3.417806      0.050966      0.173695        87 
  2015MZ180    16.77      3.423705      0.055959      0.175681        87 
  2016AN142    16.77      3.371218      0.053236      0.171376        87 
   2017MG25    16.78      3.401970      0.036436      0.166423        87 
     574607    16.79      3.433363      0.051777      0.169902        87 
     588649    16.79      3.419379      0.048077      0.166136        87 
     589313    16.79      3.357930      0.065312      0.173000        87 
   2011BU41    16.79      3.326473      0.082225      0.176475        87 
   2015JF24    16.79      3.412890      0.051782      0.170438        87 
   2020KU29    16.79      3.445830      0.069611      0.174686        87 
  2001TB129    16.79      3.379705      0.042936      0.172074        87 
  2008TO227    16.79      3.394158      0.052393      0.172182        87 
  2014OL325    16.79      3.418105      0.039106      0.169334        87 
  2016BR132    16.79      3.420426      0.037019      0.161058        87 
  2017SN224    16.79      3.328371      0.056427      0.176976        87 
  2019GC100    16.79      3.453648      0.059941      0.181082        87 
     599334    16.80      3.333840      0.068980      0.175860        87 
   2020SX72    16.80      3.347480      0.019451      0.166624        87 
  2007RZ375    16.80      3.387491      0.086120      0.179190        87 
  2014UD272    16.80      3.355923      0.054981      0.174202        87 
  2015OZ122    16.80      3.409603      0.047909      0.169850        87 
  2015XC482    16.80      3.334843      0.058349      0.183791        87 
  2016TZ195    16.80      3.419500      0.061513      0.175529        87 
  2017FD193    16.80      3.373768      0.030455      0.160924        87 
   2018QE12    16.81      3.333446      0.055329      0.174785        87 
  2009UM187    16.81      3.424577      0.050009      0.171473        87 
  2015BT402    16.81      3.339701      0.051147      0.172702        87 
     582192    16.82      3.330287      0.049983      0.178485        87 
   2015QH33    16.82      3.421476      0.064939      0.178039        87 
   2017SS54    16.83      3.359163      0.053661      0.178515        87 
   2020SP75    16.83      3.489700      0.067327      0.180766        87 
   2021RX84    16.83      3.353597      0.067722      0.174674        87 
  2015PU197    16.83      3.471126      0.064577      0.183633        87 
  2016AE140    16.83      3.338659      0.061288      0.182371        87 
  2016CF351    16.83      3.439487      0.070066      0.172848        87 
   2018PC67    16.84      3.419098      0.038244      0.172375        87 
  2006QX179    16.84      3.402902      0.050300      0.170375        87 
  2006SS438    16.84      3.378037      0.046508      0.183088        87 
  2016AB316    16.84      3.394372      0.037519      0.165803        87 
  2016PJ151    16.84      3.427228      0.073558      0.177781        87 
  2019SJ126    16.84      3.402064      0.046176      0.164663        87 
  2019UA126    16.84      3.427243      0.047630      0.171380        87 
   2014SD38    16.85      3.529393      0.064327      0.172750        87 
   2019LS17    16.85      3.562124      0.061962      0.171811        87 
   2019UJ17    16.85      3.361547      0.045434      0.170141        87 
   2021KL14    16.85      3.370052      0.019607      0.173994        87 
  2007RK369    16.85      3.337137      0.054380      0.176352        87 
  2008UP417    16.85      3.418879      0.074464      0.169621        87 
  2009US188    16.85      3.422020      0.042993      0.162843        87 
  2014HL126    16.85      3.383065      0.041578      0.173559        87 
  2014SY190    16.85      3.328959      0.054335      0.179439        87 
  2015RC217    16.85      3.430509      0.061175      0.176579        87 
  2016NG121    16.85      3.477381      0.074884      0.176723        87 
  2019UA104    16.85      3.424373      0.067285      0.176346        87 
    2021DO6    16.86      3.325843      0.079098      0.180752        87 
   2019TY51    16.86      3.434793      0.074191      0.175645        87 
  2015VA201    16.86      3.439063      0.049857      0.167057        87 
  2016PJ130    16.86      3.410846      0.073129      0.181705        87 
  2016UK120    16.86      3.389492      0.044491      0.171167        87 
  2018VU116    16.86      3.339536      0.076386      0.178744        87 
   2012PK53    16.87      3.442916      0.037792      0.168536        87 
   2012PV52    16.87      3.335517      0.054379      0.172025        87 
  2008SB347    16.87      3.386549      0.049018      0.171378        87 
  2014QJ531    16.87      3.384945      0.072535      0.178551        87 
  2014QL550    16.87      3.403947      0.063694      0.175050        87 
  2017QU122    16.87      3.358783      0.045894      0.171906        87 
   2013BR94    16.88      3.339363      0.051037      0.167210        87 
   2014UP61    16.88      3.359453      0.029240      0.166967        87 
   2020QN46    16.88      3.417653      0.061865      0.173250        87 
  2008RX171    16.88      3.413530      0.046943      0.167995        87 
  2015TZ274    16.88      3.363517      0.048114      0.173461        87 
  2017UO139    16.88      3.422216      0.065643      0.174867        87 
  2020RH120    16.88      3.432430      0.076362      0.180824        87 
     552757    16.89      3.376712      0.086119      0.177948        87 
   2015BH81    16.89      3.404166      0.084457      0.182556        87 
   2017SR94    16.89      3.426859      0.056907      0.179158        87 
   2019MF13    16.89      3.422407      0.060870      0.164204        87 
   2019UY69    16.89      3.452686      0.062858      0.172505        87 
  2020OR105    16.89      3.393379      0.065910      0.174225        87 
     555228    16.90      3.438661      0.050078      0.175261        87 
     568159    16.90      3.346450      0.070221      0.185103        87 
   2013DW19    16.90      3.329632      0.064060      0.171288        87 
   2015JG24    16.90      3.326369      0.043153      0.174092        87 
   2016FX99    16.90      3.419392      0.045204      0.175643        87 
   2019SY82    16.90      3.331364      0.043778      0.177518        87 
  2016AC300    16.90      3.399777      0.065489      0.168690        87 
  2016EP102    16.90      3.365199      0.056191      0.175356        87 
  2019SG184    16.90      3.374326      0.017493      0.174498        87 
   2008QC52    16.91      3.383977      0.033668      0.166151        87 
   2021QO61    16.91      3.390028      0.050889      0.172485        87 
  2008TQ234    16.91      3.408085      0.056645      0.173840        87 
  2009UP164    16.91      3.367805      0.078652      0.173846        87 
  2014WG458    16.91      3.411476      0.035166      0.168512        87 
  2016CP374    16.91      3.441072      0.063031      0.174298        87 
  2016NB143    16.91      3.349363      0.057103      0.179098        87 
  2016PA129    16.91      3.405239      0.083196      0.183418        87 
     566139    16.92      3.344796      0.050846      0.179797        87 
   2013FA36    16.92      3.353278      0.057263      0.179461        87 
   2013VO70    16.92      3.535550      0.066448      0.172002        87 
   2017XG74    16.92      3.416153      0.061612      0.178598        87 
   2019PA70    16.92      3.395394      0.065807      0.177556        87 
   2019QQ39    16.92      3.340159      0.066106      0.177261        87 
   2019RO33    16.92      3.464150      0.067475      0.173253        87 
  2014WV198    16.92      3.331304      0.079309      0.183026        87 
  2014WY326    16.92      3.379462      0.060124      0.180455        87 
  2015BA396    16.92      3.329405      0.041554      0.170960        87 
  2015BG415    16.92      3.411807      0.063764      0.175165        87 
   2004SO65    16.93      3.412018      0.040232      0.171784        87 
   2009DU26    16.93      3.340941      0.034295      0.170259        87 
   2016PM46    16.93      3.443902      0.037666      0.163799        87 
  2006RD108    16.93      3.441808      0.064260      0.173793        87 
  2014TS105    16.93      3.353312      0.044534      0.171427        87 
  2015TD391    16.93      3.350953      0.036022      0.170312        87 
  2015XM179    16.93      3.399778      0.043846      0.168848        87 
  2016TF170    16.93      3.432876      0.078871      0.178190        87 
  2017BA205    16.93      3.330682      0.079268      0.179398        87 
   2006BC16    16.94      3.444299      0.069533      0.169740        87 
   2017WE87    16.94      3.397509      0.049754      0.173554        87 
  2015HY247    16.94      3.397692      0.046002      0.172855        87 
  2015XU286    16.94      3.372116      0.049313      0.172206        87 
   2014PO95    16.95      3.369045      0.049417      0.173807        87 
   2015QF24    16.95      3.334106      0.054274      0.174601        87 
   2020BF71    16.95      3.432807      0.071596      0.176174        87 
  2008UR183    16.95      3.363135      0.026184      0.168314        87 
   2013VA49    16.96      3.392301      0.074540      0.178057        87 
   2015SJ51    16.96      3.450207      0.078002      0.179978        87 
   2015SV52    16.96      3.367155      0.056540      0.175158        87 
   2019PQ64    16.96      3.453887      0.084689      0.176973        87 
   2020RT54    16.96      3.399997      0.071688      0.171719        87 
  2008SZ202    16.96      3.367364      0.056954      0.172781        87 
  2015RL231    16.96      3.353610      0.051071      0.168290        87 
  2016GD316    16.96      3.349883      0.050589      0.173342        87 
   2019NF61    16.97      3.393652      0.069923      0.180437        87 
   2020SF33    16.97      3.451446      0.036128      0.172538        87 
  2005EA310    16.97      3.376617      0.050569      0.172855        87 
  2015DU274    16.97      3.345056      0.071386      0.184709        87 
  2011SU305    16.98      3.373263      0.056352      0.170406        87 
  2015TX436    16.98      3.361770      0.063563      0.178876        87 
  2016EF334    16.98      3.538871      0.065957      0.173061        87 
   2019QC36    16.99      3.337023      0.048297      0.180627        87 
    2012UL3    17.00      3.379773      0.039725      0.169342        87 
   2015XC77    17.00      3.357725      0.031696      0.167319        87 
   2020OH36    17.00      3.441253      0.052833      0.168818        87 
   2021TR67    17.00      3.426792      0.073063      0.172707        87 
  2013TJ117    17.00      3.367720      0.045445      0.170880        87 
  2017SV207    17.00      3.430274      0.055064      0.173085        87 
   2019WB22    17.01      3.345775      0.039953      0.175501        87 
  2010RZ194    17.01      3.432742      0.050119      0.160185        87 
  2014SA386    17.01      3.322760      0.043743      0.175453        87 
  2019GK132    17.01      3.453942      0.056180      0.172481        87 
   2013NK57    17.02      3.421024      0.035894      0.168059        87 
   2014YM71    17.02      3.417726      0.066405      0.175387        87 
   2019LE29    17.02      3.378165      0.031526      0.173940        87 
   2019UV68    17.02      3.419990      0.080592      0.176041        87 
   2020RP57    17.02      3.453695      0.068273      0.174718        87 
  2015XQ466    17.02      3.368913      0.059888      0.174595        87 
     568546    17.03      3.372114      0.046335      0.169834        87 
   2013PV22    17.03      3.341317      0.061365      0.177219        87 
   2017PZ68    17.03      3.425030      0.071458      0.177046        87 
   2018BX33    17.03      3.337155      0.065769      0.176660        87 
   2008VJ11    17.04      3.322611      0.055978      0.171098        87 
  2007VC351    17.04      3.334104      0.041243      0.177599        87 
  2010TU215    17.04      3.325833      0.036541      0.171343        87 
  2012UG247    17.04      3.386630      0.064088      0.169727        87 
  2015BS280    17.04      3.416255      0.052557      0.176095        87 
  2021GM118    17.04      3.463978      0.055213      0.175792        87 
  2021TC111    17.04      3.398048      0.057561      0.167994        87 
   2018AZ10    17.05      3.562091      0.074604      0.172285        87 
  2011EM108    17.05      3.356447      0.049029      0.175522        87 
  2013RY120    17.05      3.352602      0.071386      0.176464        87 
  2014WW582    17.05      3.368131      0.064561      0.170897        87 
  2017OY110    17.05      3.436142      0.063531      0.176846        87 
  2019JG107    17.05      3.381310      0.020208      0.174200        87 
   2021TN87    17.06      3.387798      0.060944      0.177221        87 
  2009UH189    17.06      3.372106      0.044504      0.172646        87 
  2014HL263    17.06      3.410622      0.065081      0.172786        87 
  2012BZ181    17.07      3.348760      0.059547      0.174422        87 
   2015UM10    17.08      3.353850      0.061390      0.181156        87 
  2011UF372    17.08      3.349325      0.052437      0.175085        87 
  2014SN386    17.08      3.399366      0.038531      0.171765        87 
  2015VZ212    17.08      3.381352      0.023803      0.176563        87 
   2015KM65    17.09      3.373906      0.038584      0.173285        87 
   2016FZ84    17.09      3.405183      0.073501      0.183901        87 
  2013RS164    17.09      3.397955      0.039871      0.170078        87 
  2019GT117    17.09      3.365229      0.039394      0.177637        87 
  2014QE532    17.10      3.402454      0.086531      0.180539        87 
  2019SX189    17.10      3.446485      0.049651      0.173951        87 
   2015RK78    17.11      3.332718      0.018612      0.169671        87 
   2016CK98    17.11      3.449450      0.050248      0.168247        87 
   2019PO48    17.11      3.380239      0.081842      0.169120        87 
   2021DK11    17.11      3.367663      0.048259      0.171197        87 
  2021PF101    17.11      3.376975      0.048296      0.169715        87 
   2014WL50    17.12      3.405173      0.052041      0.175797        87 
   2020RK83    17.12      3.411535      0.054004      0.172248        87 
  2015RD230    17.12      3.359963      0.024260      0.166667        87 
  2016CF113    17.12      3.383923      0.035686      0.165939        87 
  2021RU185    17.12      3.441379      0.072416      0.175894        87 
  2013RZ144    17.13      3.427253      0.052030      0.171678        87 
  2015OR106    17.13      3.342123      0.067021      0.182383        87 
  2021GS171    17.13      3.386562      0.046868      0.162741        87 
   2020BH92    17.14      3.376064      0.043048      0.180388        87 
  2019SU149    17.14      3.332251      0.049139      0.170222        87 
  2021GP119    17.14      3.424555      0.068571      0.175254        87 
   2019SQ88    17.15      3.339971      0.031662      0.170870        87 
  2015RX158    17.15      3.325107      0.047212      0.163948        87 
   2014QD95    17.16      3.381246      0.043598      0.177281        87 
  2009VH131    17.16      3.393973      0.064602      0.171989        87 
  2016BE117    17.16      3.383321      0.057789      0.173455        87 
   2020OV68    17.17      3.374599      0.053864      0.169601        87 
   2022AC13    17.17      3.384116      0.062573      0.175728        87 
  2016CS235    17.17      3.394313      0.048954      0.176626        87 
   2013UW40    17.18      3.389303      0.050346      0.173692        87 
  2006RU103    17.18      3.419106      0.040655      0.168897        87 
  2010RX121    17.18      3.419459      0.070231      0.171587        87 
  2014QE566    17.18      3.422388      0.073772      0.168053        87 
  2015VJ208    17.18      3.377196      0.064803      0.181312        87 
   2015UO24    17.19      3.383063      0.045219      0.169573        87 
  2014QH532    17.19      3.419401      0.082728      0.173649        87 
  2015BS129    17.20      3.411431      0.066626      0.177815        87 
  2014QL569    17.21      3.409883      0.077138      0.182857        87 
  2014QQ530    17.21      3.415620      0.075281      0.180554        87 
   2020QB85    17.22      3.480605      0.054303      0.174140        87 
    2020UD9    17.23      3.333368      0.075836      0.183795        87 
   2016GZ20    17.23      3.337209      0.053537      0.176482        87 
   2019VG29    17.23      3.347014      0.040713      0.173768        87 
  2011SA306    17.23      3.330916      0.059912      0.172989        87 
  2016GL276    17.23      3.366626      0.042678      0.175101        87 
   2017YN28    17.24      3.396725      0.052171      0.167435        87 
   2019KW25    17.24      3.369536      0.037456      0.168750        87 
   2021FL43    17.24      3.354003      0.042932      0.170763        87 
  2015RB348    17.24      3.337833      0.054186      0.171747        87 
   2020SE69    17.25      3.412210      0.034299      0.162366        87 
   2019PM45    17.26      3.353512      0.049303      0.177012        87 
   2021VD64    17.27      3.353793      0.040383      0.165619        87 
  2013QX104    17.27      3.407491      0.050164      0.167035        87 
  2015RS345    17.27      3.367670      0.050237      0.182700        87 
  2013AF167    17.29      3.372791      0.028285      0.171838        87 
  2019SA134    17.29      3.419118      0.037579      0.168435        87 
  2019SS153    17.29      3.391225      0.083151      0.173659        87 
  2014HG248    17.30      3.354952      0.023231      0.166848        87 
  2015TU133    17.30      3.399843      0.069644      0.175598        87 
  2021RQ114    17.30      3.353902      0.055442      0.173404        87 
   2019TC41    17.32      3.333526      0.048388      0.170858        87 
   2021UG81    17.32      3.439188      0.045937      0.172502        87 
  2021GR168    17.33      3.344839      0.061849      0.172570        87 
   2015SH54    17.34      3.340106      0.020272      0.168909        87 
   2020UM50    17.35      3.374594      0.058983      0.172917        87 
   2015XC95    17.36      3.396807      0.061725      0.173747        87 
  2021TG137    17.36      3.415989      0.056773      0.177087        87 
   2020QD89    17.37      3.348719      0.076355      0.173678        87 
  2005EC299    17.37      3.469951      0.074126      0.171746        87 
  2019SJ108    17.39      3.334218      0.035760      0.172978        87 
  2007TK484    17.41      3.353325      0.032553      0.167091        87 
  2013HK150    17.41      3.325006      0.056331      0.175939        87 
  2015RH133    17.42      3.368950      0.042669      0.167008        87 
   2021UQ88    17.46      3.354312      0.050744      0.171909        87 
   2021TK63    17.47      3.363364      0.037924      0.173494        87 
  2015RG363    17.50      3.359766      0.066423      0.176168        87 
  2019SW170    17.50      3.340694      0.070256      0.185802        87 
   2021VT53    17.56      3.431688      0.079048      0.180458        87 
  2021TA143    17.56      3.368082      0.064432      0.175986        87 
   2020PZ82    17.57      3.419333      0.039274      0.169788        87 
  2015VL208    17.59      3.353523      0.053999      0.170920        87 
