         89     6.71      2.551597      0.124203      0.287318        89 
     159782    15.32      2.549131      0.128111      0.289021        89 
     131198    15.38      2.545583      0.133859      0.287615        89 
      86671    15.59      2.541090      0.132186      0.288577        89 
      81483    15.64      2.544280      0.127382      0.288489        89 
     108077    15.67      2.532705      0.121689      0.285621        89 
     242057    15.84      2.548529      0.127819      0.288872        89 
     276094    16.08      2.539065      0.129245      0.290239        89 
     307489    16.12      2.545384      0.126361      0.288332        89 
     283775    16.18      2.543513      0.128223      0.288480        89 
     304978    16.21      2.554509      0.121923      0.287599        89 
     288178    16.29      2.548158      0.123137      0.287544        89 
     333982    16.29      2.543636      0.127882      0.288641        89 
     372491    16.30      2.544986      0.126165      0.288256        89 
     342556    16.31      2.561927      0.117627      0.283956        89 
     276460    16.33      2.540001      0.131308      0.289456        89 
  2003UO341    16.36      2.544580      0.130670      0.290196        89 
     470770    16.40      2.554982      0.123886      0.287751        89 
     475363    16.42      2.547021      0.125861      0.288146        89 
   2014FS76    16.42      2.552469      0.126616      0.288291        89 
     356082    16.45      2.543021      0.128679      0.288839        89 
   2006AM19    16.47      2.557302      0.123335      0.287686        89 
     302908    16.48      2.552183      0.127578      0.287911        89 
     369282    16.48      2.546878      0.137509      0.288777        89 
     370097    16.50      2.548050      0.129338      0.288883        89 
   2005QR32    16.52      2.541090      0.131393      0.288195        89 
     389471    16.55      2.563030      0.119188      0.287172        89 
  2004XV151    16.57      2.555696      0.114793      0.287735        89 
     333295    16.59      2.547622      0.123750      0.287631        89 
  2010FK107    16.59      2.543096      0.128044      0.288737        89 
   2002NC21    16.60      2.541924      0.136105      0.289419        89 
     386378    16.63      2.579780      0.105785      0.288556        89 
     449112    16.63      2.551997      0.121893      0.288362        89 
     391188    16.65      2.546150      0.123773      0.288866        89 
     539952    16.66      2.546456      0.129901      0.289442        89 
     531268    16.67      2.570304      0.112079      0.290665        89 
   2004NS19    16.67      2.545817      0.130555      0.289451        89 
     234695    16.69      2.550994      0.126162      0.287947        89 
     304127    16.69      2.543634      0.127344      0.288573        89 
     335061    16.69      2.559743      0.117252      0.289345        89 
     577690    16.69      2.553903      0.117731      0.288975        89 
     400391    16.70      2.559797      0.115349      0.287892        89 
     409993    16.70      2.572160      0.112036      0.288523        89 
     369879    16.71      2.570465      0.111749      0.288283        89 
   2016VO15    16.72      2.542041      0.129144      0.287971        89 
     520820    16.73      2.577090      0.108253      0.288587        89 
     576319    16.73      2.561921      0.113563      0.287704        89 
    2015TH6    16.73      2.551724      0.126871      0.288229        89 
   2015PH53    16.73      2.541235      0.130447      0.288306        89 
     456446    16.74      2.556984      0.123500      0.287314        89 
     333556    16.75      2.546022      0.119535      0.291000        89 
     607749    16.75      2.559798      0.115403      0.289521        89 
     269968    16.76      2.585089      0.115174      0.289131        89 
     454165    16.76      2.556985      0.125903      0.286322        89 
     439744    16.77      2.565463      0.114808      0.288655        89 
     551189    16.77      2.551588      0.127460      0.288513        89 
     451099    16.78      2.598431      0.100637      0.290086        89 
   1999TB84    16.78      2.556642      0.122560      0.287867        89 
     373560    16.82      2.537221      0.113804      0.284899        89 
  2005YF234    16.82      2.557903      0.114486      0.287902        89 
   2016FA12    16.83      2.549477      0.125671      0.287745        89 
     462299    16.84      2.571654      0.108086      0.287386        89 
     520887    16.84      2.547995      0.127837      0.288926        89 
     479698    16.85      2.568388      0.112666      0.286909        89 
     216425    16.86      2.560469      0.118243      0.287902        89 
     432775    16.86      2.541946      0.129093      0.288465        89 
     381815    16.87      2.563047      0.114800      0.288511        89 
     417627    16.87      2.549586      0.124729      0.288643        89 
    2002MF4    16.87      2.544980      0.123388      0.287752        89 
   2016BS85    16.88      2.562325      0.116048      0.288712        89 
     535727    16.89      2.557582      0.117028      0.288745        89 
     517673    16.91      2.557288      0.124326      0.288145        89 
     522549    16.91      2.534636      0.115795      0.288665        89 
     523267    16.91      2.568391      0.114167      0.288837        89 
     561657    16.91      2.544512      0.135651      0.289353        89 
     355316    16.93      2.548013      0.123229      0.288722        89 
     388171    16.95      2.553032      0.120868      0.288392        89 
     592973    16.95      2.546277      0.127867      0.288511        89 
     469118    16.97      2.551039      0.118903      0.288127        89 
   2007CT27    16.98      2.565036      0.114907      0.288775        89 
   2012XT69    16.99      2.569150      0.112687      0.288708        89 
     375289    17.01      2.550225      0.125312      0.287756        89 
     518944    17.01      2.538360      0.141045      0.292040        89 
     567102    17.02      2.541380      0.131873      0.288650        89 
     434369    17.03      2.551288      0.117168      0.289131        89 
   2005KL15    17.03      2.556854      0.125787      0.287895        89 
     565448    17.04      2.543217      0.123021      0.287969        89 
     598381    17.04      2.546564      0.120523      0.287939        89 
     600818    17.04      2.546529      0.131669      0.288566        89 
     489246    17.05      2.544323      0.129173      0.288744        89 
     565862    17.05      2.561059      0.121400      0.287766        89 
     577680    17.05      2.557656      0.123076      0.288559        89 
     606007    17.05      2.553352      0.118221      0.289135        89 
     575037    17.06      2.555913      0.115920      0.287615        89 
     542620    17.07      2.547296      0.124726      0.288255        89 
     467303    17.09      2.567046      0.119836      0.287894        89 
    2008NY2    17.10      2.546873      0.124724      0.287688        89 
     343703    17.11      2.553016      0.128171      0.288765        89 
     609001    17.11      2.560220      0.114772      0.289412        89 
  2012TT286    17.11      2.554922      0.117344      0.288479        89 
  2014WZ488    17.11      2.550975      0.130357      0.288685        89 
     477871    17.12      2.555836      0.119806      0.289892        89 
     591510    17.15      2.550310      0.121114      0.287876        89 
   2017WE44    17.15      2.566317      0.118704      0.287202        89 
  2016AC268    17.15      2.587539      0.104109      0.287901        89 
   2013JE33    17.16      2.592562      0.106149      0.287332        89 
     444774    17.17      2.555564      0.124322      0.288349        89 
     548749    17.17      2.573189      0.109838      0.288512        89 
     554428    17.17      2.555363      0.116715      0.288496        89 
  2014WJ575    17.17      2.547047      0.121809      0.287705        89 
  2017DH105    17.17      2.560479      0.115081      0.287801        89 
     381847    17.18      2.550003      0.126985      0.288172        89 
     465692    17.18      2.579677      0.107606      0.288998        89 
     475966    17.18      2.571144      0.112998      0.289239        89 
     339145    17.19      2.546803      0.135178      0.289642        89 
     463531    17.19      2.552436      0.124808      0.287957        89 
     474614    17.19      2.551835      0.116411      0.288798        89 
   2008DH69    17.19      2.567285      0.114632      0.289052        89 
   2015EQ74    17.19      2.535315      0.115212      0.285636        89 
     493107    17.20      2.558591      0.121750      0.288368        89 
    2009LQ7    17.20      2.560179      0.122647      0.287396        89 
    2015QZ5    17.20      2.576083      0.111245      0.288063        89 
     395384    17.21      2.570486      0.111805      0.288421        89 
     409844    17.22      2.548330      0.129205      0.288223        89 
   2011RG11    17.22      2.557624      0.122249      0.286911        89 
   2018VG31    17.22      2.540527      0.128694      0.288533        89 
  2002RU127    17.22      2.560169      0.121320      0.287921        89 
     317452    17.23      2.534985      0.143933      0.291455        89 
     405958    17.23      2.569413      0.112833      0.288737        89 
     565962    17.23      2.542391      0.129902      0.289533        89 
  2015FA289    17.23      2.580464      0.109756      0.287754        89 
  2016AX276    17.23      2.551662      0.119660      0.289601        89 
   2014QD15    17.24      2.550996      0.126799      0.288371        89 
  2005GB116    17.24      2.535782      0.108220      0.284566        89 
     292711    17.25      2.551979      0.118390      0.289354        89 
     411296    17.25      2.538481      0.126640      0.290176        89 
     456359    17.25      2.557826      0.114499      0.287869        89 
     552821    17.25      2.544413      0.130696      0.288454        89 
   2012UU46    17.25      2.552129      0.130623      0.288780        89 
  2006KO102    17.25      2.540793      0.127604      0.288944        89 
  2013CP111    17.25      2.557438      0.123883      0.287012        89 
     377688    17.27      2.555779      0.117659      0.289171        89 
     466564    17.27      2.541208      0.126922      0.288117        89 
     562162    17.29      2.555781      0.124718      0.287390        89 
     580064    17.29      2.565671      0.115236      0.288742        89 
   2014PX43    17.29      2.550397      0.125471      0.288165        89 
   2016TZ51    17.29      2.566435      0.113774      0.288493        89 
   2019CE13    17.29      2.544411      0.126641      0.288310        89 
  2015FH186    17.29      2.551949      0.118300      0.289591        89 
   2012RL19    17.30      2.601427      0.098744      0.287520        89 
  2008WB153    17.30      2.543468      0.125806      0.288065        89 
  2013SL103    17.30      2.561283      0.117670      0.289233        89 
  2015DA160    17.31      2.546519      0.120262      0.290883        89 
     394500    17.32      2.553543      0.126976      0.288253        89 
     483118    17.32      2.568528      0.112515      0.288586        89 
     512403    17.32      2.559459      0.123274      0.287741        89 
     528197    17.32      2.597976      0.104691      0.287049        89 
     560491    17.32      2.555272      0.116236      0.287963        89 
  2015DO252    17.32      2.559158      0.124299      0.288234        89 
     485467    17.33      2.547650      0.118642      0.290052        89 
   2015OK55    17.33      2.548964      0.131377      0.289980        89 
  2015TQ232    17.33      2.553193      0.123167      0.286805        89 
     398372    17.34      2.581035      0.108031      0.289867        89 
    2015HW3    17.34      2.542844      0.127958      0.288778        89 
     490365    17.35      2.572612      0.111413      0.288937        89 
     526628    17.35      2.555753      0.114071      0.287687        89 
     601924    17.36      2.558454      0.123138      0.287782        89 
    2016YE2    17.36      2.559735      0.114551      0.287528        89 
   2020MQ27    17.36      2.549980      0.118379      0.287841        89 
     557013    17.37      2.539803      0.123398      0.289218        89 
   2004JH37    17.38      2.541528      0.127812      0.288980        89 
   2010DF40    17.38      2.546561      0.133330      0.288670        89 
   2011PT19    17.38      2.546934      0.123674      0.287975        89 
     560843    17.39      2.542764      0.119544      0.287336        89 
     583073    17.39      2.558008      0.122495      0.287670        89 
     583228    17.39      2.550985      0.128065      0.288352        89 
  2006SC438    17.39      2.549409      0.127894      0.288945        89 
  2014WN309    17.39      2.549586      0.131396      0.288789        89 
     459776    17.41      2.542352      0.126958      0.288490        89 
     497983    17.41      2.583201      0.108957      0.288224        89 
   1996TY42    17.41      2.543592      0.120499      0.288198        89 
   2007JA26    17.41      2.545846      0.128343      0.288512        89 
  2003UY352    17.41      2.567877      0.114372      0.288472        89 
  2015FW323    17.41      2.550471      0.128641      0.288325        89 
  2015KC197    17.41      2.573513      0.110169      0.288602        89 
  2017FO104    17.41      2.563648      0.114480      0.288403        89 
     491956    17.42      2.535398      0.107365      0.286018        89 
   2015MU94    17.42      2.546535      0.131010      0.288585        89 
     506803    17.43      2.574508      0.110415      0.288914        89 
     568101    17.43      2.572627      0.109804      0.288440        89 
     584897    17.43      2.553684      0.123453      0.287483        89 
   2014XO41    17.43      2.541091      0.132350      0.289093        89 
  2016CM295    17.43      2.560620      0.122206      0.288203        89 
  2002CM321    17.44      2.579402      0.109206      0.289519        89 
  2003WS213    17.44      2.550462      0.126991      0.288417        89 
     508643    17.45      2.538385      0.129785      0.288600        89 
     541732    17.45      2.542111      0.126235      0.288216        89 
   2007RC87    17.45      2.567490      0.116486      0.289311        89 
   2013NP28    17.45      2.563654      0.115327      0.288570        89 
     370945    17.46      2.555409      0.122308      0.288212        89 
     517700    17.46      2.564779      0.115524      0.288508        89 
   2007MQ13    17.46      2.582725      0.110280      0.287648        89 
     524437    17.47      2.548856      0.114231      0.288099        89 
     580389    17.47      2.542556      0.130462      0.289391        89 
     582627    17.48      2.563654      0.120030      0.287681        89 
     595024    17.48      2.563877      0.115588      0.289062        89 
   2012VH15    17.48      2.563923      0.117412      0.289232        89 
   2014WW55    17.48      2.578144      0.109937      0.289579        89 
  2014WS338    17.48      2.566992      0.117350      0.287886        89 
  2016AL252    17.48      2.550723      0.118163      0.289422        89 
  2016CE182    17.48      2.563632      0.117139      0.288833        89 
  2016GZ270    17.48      2.562290      0.122149      0.287892        89 
     548369    17.49      2.551810      0.123627      0.286612        89 
     603471    17.49      2.548712      0.128435      0.288187        89 
  2015BU266    17.49      2.547102      0.123837      0.288939        89 
  2016CF345    17.49      2.560681      0.121763      0.287506        89 
  2017SY220    17.49      2.556648      0.130943      0.288494        89 
     542645    17.50      2.550516      0.127104      0.288229        89 
     573020    17.50      2.576368      0.110695      0.289502        89 
  2011SK283    17.50      2.564957      0.112397      0.287992        89 
     474615    17.51      2.572344      0.112571      0.291142        89 
     580017    17.51      2.565228      0.119308      0.287845        89 
  2011BR199    17.51      2.575088      0.110709      0.288782        89 
     481037    17.53      2.556330      0.128766      0.288665        89 
   2015OQ98    17.53      2.543005      0.123877      0.289155        89 
   2018BN24    17.53      2.554060      0.115783      0.288694        89 
  2014HD203    17.53      2.563064      0.123349      0.286936        89 
     580618    17.54      2.552902      0.126023      0.287320        89 
    2003KC8    17.54      2.567122      0.113892      0.288782        89 
   2016LN92    17.54      2.551799      0.121099      0.287385        89 
  2006KG151    17.54      2.568202      0.114280      0.288821        89 
     412500    17.55      2.548192      0.126421      0.288295        89 
     499755    17.55      2.546206      0.122894      0.287269        89 
    2018WL3    17.55      2.541120      0.124744      0.287909        89 
   2011WT99    17.55      2.557951      0.117176      0.289145        89 
  2015FX420    17.55      2.564378      0.115253      0.288759        89 
     359203    17.56      2.548948      0.130216      0.288199        89 
     556393    17.56      2.566709      0.114245      0.288606        89 
     601922    17.56      2.559237      0.122361      0.288042        89 
    2011XX6    17.56      2.536018      0.110574      0.286183        89 
   2014PL87    17.56      2.554937      0.124095      0.288268        89 
   2016SX88    17.56      2.548083      0.123469      0.288563        89 
  2014WL131    17.56      2.562991      0.113031      0.288054        89 
   2004YP41    17.57      2.558383      0.120697      0.287772        89 
   2014MX73    17.57      2.551408      0.129505      0.288796        89 
   2015FQ67    17.57      2.565814      0.122926      0.287616        89 
   2017AP30    17.57      2.549341      0.129013      0.288546        89 
   2018ML22    17.57      2.579464      0.107923      0.289173        89 
   2021RV24    17.57      2.561838      0.121950      0.290498        89 
  2001OL115    17.57      2.547715      0.120955      0.288152        89 
  2001VX134    17.57      2.550025      0.121965      0.288892        89 
  2002RY292    17.57      2.561524      0.121108      0.287521        89 
  2014WA344    17.57      2.574597      0.110066      0.288962        89 
     539192    17.58      2.548327      0.129544      0.288946        89 
     541694    17.58      2.563629      0.120313      0.287340        89 
     613956    17.58      2.555747      0.124030      0.287421        89 
   2002FQ43    17.58      2.560550      0.116483      0.286931        89 
   2002NB83    17.58      2.545814      0.116578      0.289929        89 
   2011BK13    17.58      2.549256      0.116756      0.289445        89 
   2015YL13    17.59      2.540204      0.129173      0.288674        89 
   2016QN84    17.59      2.559697      0.123865      0.287193        89 
   2019JW39    17.59      2.545982      0.122955      0.288241        89 
   2020BZ18    17.59      2.534257      0.109089      0.283616        89 
     484316    17.60      2.563102      0.123375      0.287518        89 
     580204    17.60      2.559731      0.123653      0.288400        89 
   2008XS31    17.60      2.552087      0.116851      0.288645        89 
   2014AQ66    17.60      2.559809      0.124172      0.287226        89 
   2014NR91    17.60      2.549945      0.132089      0.288086        89 
   2018AF62    17.60      2.556963      0.116880      0.288276        89 
   2021VT31    17.60      2.562968      0.113938      0.287938        89 
  2014HA227    17.60      2.553908      0.116670      0.288165        89 
     556954    17.61      2.582597      0.113444      0.290399        89 
     565596    17.61      2.556554      0.125065      0.287737        89 
   2013LF22    17.61      2.550877      0.129397      0.288807        89 
   2014RD51    17.61      2.598832      0.100912      0.288323        89 
  2014US252    17.61      2.553636      0.125713      0.287589        89 
   2010XC19    17.62      2.533810      0.112529      0.284644        89 
   2017XU73    17.62      2.556093      0.127820      0.287965        89 
     572476    17.63      2.548625      0.116175      0.288894        89 
   2008VA34    17.63      2.573197      0.111219      0.288623        89 
   2015SK54    17.63      2.543824      0.129414      0.289782        89 
  2014WO490    17.63      2.537197      0.118245      0.285570        89 
  2016GM271    17.63      2.539251      0.128284      0.289932        89 
  2021PR132    17.63      2.551634      0.128478      0.288214        89 
     505786    17.64      2.582132      0.108194      0.290121        89 
     534659    17.64      2.540588      0.121418      0.287943        89 
     551496    17.64      2.552784      0.129045      0.287826        89 
     611768    17.64      2.539605      0.128081      0.287807        89 
   2017AQ31    17.64      2.552123      0.115992      0.288993        89 
  2014QN571    17.64      2.543883      0.125310      0.288248        89 
  2015AD251    17.64      2.554972      0.118825      0.289334        89 
  2015DT291    17.64      2.598436      0.105071      0.287574        89 
     553866    17.65      2.552490      0.117856      0.289353        89 
     580536    17.65      2.561368      0.112985      0.287647        89 
     590630    17.65      2.560301      0.121289      0.287402        89 
   2016SF89    17.65      2.566101      0.116716      0.289122        89 
  2009WA285    17.65      2.555528      0.130632      0.289022        89 
  2010VC249    17.65      2.567820      0.119379      0.287861        89 
   2012RY14    17.66      2.551626      0.114673      0.288343        89 
   2014PD43    17.66      2.572542      0.111810      0.289018        89 
  1999TV321    17.66      2.555747      0.114720      0.288178        89 
  2007RJ256    17.66      2.549934      0.114184      0.288439        89 
  2014QN516    17.66      2.583275      0.108826      0.287984        89 
     557992    17.67      2.539749      0.126699      0.289253        89 
     580097    17.67      2.545923      0.123614      0.287784        89 
   2016CE34    17.67      2.548246      0.122249      0.287673        89 
  2017BP113    17.67      2.556200      0.123853      0.287449        89 
     593188    17.68      2.547080      0.130444      0.288163        89 
     601927    17.68      2.562501      0.121069      0.286703        89 
  2015DG223    17.68      2.544480      0.126377      0.288863        89 
     615144    17.69      2.549708      0.123223      0.287961        89 
    2015RR7    17.69      2.561847      0.113821      0.287945        89 
   2016PL70    17.69      2.564079      0.115455      0.288545        89 
  2014SZ218    17.69      2.591400      0.112887      0.288349        89 
  2021GG169    17.69      2.545646      0.129901      0.289654        89 
    2020PQ8    17.70      2.562282      0.124036      0.287571        89 
   2017HN61    17.70      2.563153      0.115997      0.288955        89 
   2019QT32    17.70      2.551117      0.129213      0.288419        89 
  2015FV415    17.70      2.558895      0.113433      0.287404        89 
     409929    17.71      2.560638      0.121658      0.287276        89 
     516228    17.71      2.553205      0.124616      0.288473        89 
     567094    17.71      2.537949      0.123983      0.287853        89 
   2015CL37    17.71      2.556513      0.122686      0.287482        89 
   2021LD35    17.71      2.560509      0.112775      0.287255        89 
  2007RJ295    17.71      2.607790      0.098688      0.287934        89 
  2014WT561    17.71      2.563968      0.123814      0.288166        89 
  2016AS247    17.71      2.533338      0.113752      0.285229        89 
     613489    17.72      2.563633      0.116181      0.289141        89 
    2017AZ7    17.72      2.545270      0.125735      0.288383        89 
  2015FB352    17.72      2.558694      0.122744      0.287284        89 
  2015FB391    17.72      2.561049      0.119728      0.286097        89 
  2016PG245    17.72      2.542046      0.123094      0.287982        89 
     489382    17.73      2.550986      0.130435      0.289345        89 
     565641    17.73      2.551865      0.129266      0.288644        89 
     589270    17.73      2.551250      0.116315      0.288338        89 
   2016NK55    17.73      2.552703      0.118519      0.289379        89 
   2017DT63    17.73      2.548543      0.127731      0.288566        89 
  2016TW118    17.73      2.532242      0.143567      0.294824        89 
     539163    17.74      2.551689      0.115895      0.288842        89 
     595997    17.74      2.557897      0.120981      0.287561        89 
   2002QR10    17.74      2.539836      0.126984      0.287854        89 
   2006QM93    17.74      2.549877      0.128901      0.289045        89 
  2017ON121    17.74      2.563473      0.120890      0.287860        89 
     576181    17.75      2.568134      0.119463      0.287204        89 
   2018YT15    17.75      2.557875      0.115240      0.288200        89 
   2021GL92    17.75      2.547962      0.128775      0.288189        89 
  2006HG161    17.75      2.549305      0.125887      0.287941        89 
    2017AO1    17.76      2.579295      0.108760      0.289337        89 
   2009XS26    17.76      2.558677      0.114210      0.287868        89 
   2014JT27    17.76      2.555575      0.121018      0.287695        89 
  2015FG369    17.76      2.575775      0.109569      0.288679        89 
  2015TO394    17.76      2.565850      0.114066      0.288306        89 
    2015KA5    17.77      2.572722      0.110983      0.288327        89 
   2019LQ20    17.77      2.584433      0.104561      0.290887        89 
   2021TL96    17.77      2.563092      0.113476      0.287744        89 
  2014WU156    17.77      2.563901      0.115706      0.288930        89 
  2016AU304    17.77      2.545545      0.128479      0.288895        89 
  2017BF130    17.77      2.548989      0.129170      0.289120        89 
   2004DN84    17.78      2.555914      0.122228      0.288446        89 
   2007VJ19    17.78      2.555716      0.115876      0.287844        89 
   2015XG81    17.78      2.578668      0.111173      0.290189        89 
  2006SS454    17.78      2.579183      0.107675      0.289062        89 
  2016GU304    17.78      2.566959      0.116090      0.289010        89 
  2016PS121    17.78      2.571037      0.111172      0.288579        89 
   2010TW20    17.79      2.583823      0.109287      0.288106        89 
  2004TC165    17.79      2.567626      0.120494      0.287524        89 
  2005GM132    17.79      2.550513      0.117499      0.288784        89 
  2010VJ125    17.79      2.548076      0.116870      0.289938        89 
  2014OU152    17.79      2.566781      0.114907      0.288828        89 
  2015AU295    17.79      2.561074      0.124704      0.288511        89 
  2016CS101    17.79      2.564137      0.120931      0.286961        89 
     579715    17.80      2.575447      0.110269      0.289136        89 
   2012TA95    17.80      2.556192      0.117108      0.288490        89 
  2006UW373    17.80      2.542609      0.122081      0.287911        89 
  2012UV186    17.80      2.550308      0.122827      0.287048        89 
  2014WP388    17.80      2.528107      0.121952      0.286714        89 
     568593    17.81      2.546568      0.121169      0.287446        89 
     603506    17.81      2.559836      0.122288      0.287934        89 
     612637    17.81      2.561396      0.123524      0.286764        89 
   2006KS13    17.81      2.547266      0.122876      0.288428        89 
   2013YM73    17.81      2.554201      0.116563      0.288099        89 
   2020QV24    17.81      2.550972      0.130416      0.289029        89 
   2021UC43    17.81      2.583593      0.110561      0.287577        89 
  2015TS150    17.81      2.555096      0.117407      0.288787        89 
  2017BL106    17.81      2.575019      0.111923      0.289110        89 
     485517    17.82      2.567203      0.114463      0.288845        89 
   2014PQ89    17.82      2.566569      0.118984      0.287412        89 
   2017AS41    17.82      2.552623      0.128879      0.288698        89 
  2006KN150    17.82      2.575297      0.111473      0.288894        89 
  2010GU204    17.82      2.596557      0.104313      0.287600        89 
  2011FV161    17.82      2.555417      0.123823      0.287785        89 
  2013WK118    17.82      2.594320      0.104944      0.287546        89 
  2014SW219    17.82      2.582436      0.109450      0.290250        89 
  2015AV293    17.82      2.555375      0.116968      0.289165        89 
  2016AT293    17.82      2.550710      0.130434      0.289272        89 
    2016RB8    17.83      2.549954      0.117345      0.289459        89 
   2013AB27    17.83      2.602352      0.100031      0.287436        89 
   2020QO43    17.83      2.559714      0.121327      0.288008        89 
  2015FQ125    17.83      2.550480      0.115914      0.288293        89 
   2016BM64    17.84      2.543181      0.122278      0.288443        89 
   2016RP76    17.84      2.568012      0.120629      0.287017        89 
   2016XN30    17.84      2.549683      0.115352      0.288962        89 
   2018BK17    17.84      2.570842      0.111844      0.288710        89 
   2019AQ29    17.84      2.542566      0.120823      0.287610        89 
  2007VZ362    17.84      2.548598      0.120923      0.287398        89 
  2013EN158    17.84      2.536148      0.115133      0.285598        89 
  2015KK207    17.84      2.552963      0.117053      0.288545        89 
  2015RW187    17.84      2.558073      0.116081      0.288644        89 
  2015TG296    17.84      2.561276      0.123698      0.287262        89 
     580103    17.85      2.585744      0.105515      0.287297        89 
    2013MU3    17.85      2.547302      0.121280      0.287555        89 
   2005YY24    17.85      2.580478      0.107187      0.288031        89 
   2008VJ93    17.85      2.564273      0.122860      0.286950        89 
   2017CG47    17.85      2.546728      0.124337      0.288762        89 
  2008AA129    17.85      2.544636      0.116099      0.289736        89 
  2008EE195    17.85      2.550983      0.125242      0.287563        89 
  2010DP112    17.85      2.555046      0.128084      0.288395        89 
  2012TC335    17.85      2.577913      0.115303      0.291281        89 
  2017SP304    17.85      2.586326      0.110518      0.291380        89 
  2021TJ136    17.85      2.556865      0.115271      0.288228        89 
     589455    17.86      2.588740      0.108962      0.287778        89 
     610675    17.86      2.546208      0.126739      0.288794        89 
   2007VX32    17.86      2.537033      0.116133      0.285700        89 
   2015EW79    17.86      2.565485      0.119944      0.287641        89 
   2019QZ20    17.86      2.555199      0.121632      0.290300        89 
   2019RU83    17.86      2.553698      0.117014      0.288847        89 
  2003WD178    17.86      2.559113      0.121772      0.287667        89 
  2008RU139    17.86      2.543232      0.114856      0.289571        89 
  2013TF227    17.86      2.551268      0.119089      0.289683        89 
  2015FV372    17.86      2.557758      0.125524      0.288727        89 
  2015KC179    17.86      2.560845      0.121604      0.286970        89 
  2015PE321    17.86      2.552963      0.121014      0.290443        89 
  2017DT138    17.86      2.554965      0.129246      0.288511        89 
     2015WX    17.87      2.550689      0.117235      0.288864        89 
     536893    17.87      2.572001      0.111555      0.288584        89 
     562740    17.87      2.562318      0.125572      0.287490        89 
     597534    17.87      2.585003      0.111310      0.287903        89 
   2011WV75    17.87      2.542754      0.122206      0.288090        89 
   2012QO35    17.87      2.539471      0.125968      0.288109        89 
   2014BR80    17.87      2.575537      0.112035      0.289340        89 
   2014JQ91    17.87      2.559777      0.122264      0.287795        89 
  2002PS173    17.87      2.539763      0.129773      0.289637        89 
  2011UT428    17.87      2.566264      0.121305      0.287397        89 
  2014ON236    17.87      2.540719      0.120566      0.288599        89 
  2014WF584    17.87      2.552089      0.128348      0.288226        89 
  2015BX227    17.87      2.571806      0.114171      0.289375        89 
  2015XG135    17.87      2.583532      0.107422      0.289738        89 
     435150    17.88      2.552087      0.114746      0.288415        89 
     487744    17.88      2.538712      0.127605      0.288625        89 
    2016SE8    17.88      2.545454      0.123631      0.287484        89 
    2021KJ6    17.88      2.554316      0.116677      0.288988        89 
   2008SJ23    17.88      2.546664      0.124843      0.287871        89 
   2009XQ15    17.88      2.546234      0.124092      0.287816        89 
   2017VH36    17.88      2.559713      0.115841      0.288149        89 
  2006UM245    17.88      2.580029      0.109315      0.288444        89 
  2015DF277    17.88      2.559811      0.121542      0.286286        89 
   2006SR10    17.89      2.577149      0.109686      0.288984        89 
   2017UB35    17.89      2.555302      0.127199      0.288150        89 
  2005QY204    17.89      2.554241      0.117841      0.289068        89 
  2015DZ251    17.89      2.540684      0.131582      0.288378        89 
  2016GA300    17.89      2.577579      0.107649      0.288557        89 
  2016GX295    17.89      2.586229      0.105318      0.288547        89 
  2016NZ117    17.89      2.561834      0.119455      0.286516        89 
     487666    17.90      2.552705      0.127463      0.288361        89 
     497986    17.90      2.565957      0.120750      0.287501        89 
    2018WQ7    17.90      2.540425      0.122884      0.288538        89 
   2011SP59    17.90      2.542103      0.126443      0.289439        89 
   2013JJ78    17.90      2.541555      0.121646      0.288512        89 
   2014PT94    17.90      2.547696      0.122057      0.287681        89 
   2016OB12    17.90      2.549349      0.117966      0.289792        89 
   2019AX31    17.90      2.557820      0.123340      0.288138        89 
   2020UZ23    17.90      2.571888      0.117931      0.290872        89 
  2010RG193    17.90      2.562672      0.118229      0.286033        89 
  2015BU227    17.90      2.588676      0.106127      0.288048        89 
  2015FP448    17.90      2.563629      0.113896      0.288253        89 
  2015XW474    17.90      2.565087      0.113127      0.287751        89 
   2014JK89    17.91      2.549806      0.120350      0.287575        89 
   2014NS76    17.91      2.540370      0.125999      0.288522        89 
   2017NO20    17.91      2.574438      0.110828      0.288807        89 
   2018MZ24    17.91      2.559614      0.120270      0.290044        89 
   2018PK72    17.91      2.548525      0.120317      0.290598        89 
   2020OB45    17.91      2.577129      0.110871      0.289393        89 
   2020RT53    17.91      2.544265      0.121626      0.287621        89 
  2015TH394    17.91      2.585683      0.103589      0.288081        89 
  2016NR125    17.91      2.551811      0.123133      0.288168        89 
  2017BN190    17.91      2.575260      0.114027      0.289841        89 
  2020HA136    17.91      2.533992      0.123417      0.288705        89 
   2009HH38    17.92      2.545901      0.122863      0.288436        89 
   2014GW55    17.92      2.556138      0.128654      0.287796        89 
   2016XC31    17.92      2.566400      0.114872      0.288751        89 
   2016XZ30    17.92      2.548947      0.127425      0.288385        89 
   2019UE63    17.92      2.556360      0.114951      0.288375        89 
  2005SU202    17.92      2.555730      0.123849      0.288231        89 
  2006WX146    17.92      2.551029      0.122171      0.286248        89 
  2014KA117    17.92      2.557331      0.122001      0.287893        89 
  2015BJ242    17.92      2.574601      0.110775      0.288995        89 
  2015TW227    17.92      2.553670      0.116968      0.288331        89 
     583329    17.93      2.530171      0.117228      0.286629        89 
   2014JD85    17.93      2.542822      0.121692      0.287459        89 
   2014JM95    17.93      2.561223      0.121414      0.287730        89 
   2017YZ38    17.93      2.552249      0.129534      0.289368        89 
   2018CT18    17.93      2.553327      0.116860      0.288617        89 
   2018MB10    17.93      2.550643      0.124883      0.288198        89 
   2021RW18    17.93      2.557767      0.114006      0.287763        89 
  2015XA480    17.93      2.567956      0.124320      0.287029        89 
  2017BS189    17.93      2.544315      0.121247      0.288425        89 
     534664    17.94      2.564268      0.111497      0.287585        89 
     540344    17.94      2.553692      0.124244      0.288215        89 
   2014TR31    17.94      2.564080      0.120343      0.287047        89 
   2016CF17    17.94      2.580617      0.113459      0.291299        89 
   2016JR53    17.94      2.546624      0.115444      0.289680        89 
  2007BW114    17.94      2.572128      0.109859      0.288185        89 
  2009WX288    17.94      2.560826      0.127867      0.287393        89 
  2015XK471    17.94      2.543859      0.118630      0.289525        89 
  2016CE102    17.94      2.570288      0.113174      0.288938        89 
     521344    17.95      2.559789      0.114648      0.287738        89 
     532110    17.95      2.549899      0.116068      0.288755        89 
     583383    17.95      2.548014      0.129745      0.289261        89 
   2008TY99    17.95      2.564235      0.112337      0.287500        89 
   2012TN18    17.95      2.548798      0.118650      0.289935        89 
   2015FT10    17.95      2.547881      0.128086      0.288702        89 
   2019MP17    17.95      2.555161      0.120161      0.287480        89 
  2014SZ360    17.95      2.544322      0.131423      0.289900        89 
     540112    17.96      2.550304      0.115219      0.288555        89 
     578576    17.96      2.553323      0.126473      0.287681        89 
   2015PU42    17.96      2.562018      0.121111      0.286288        89 
   2016JD53    17.96      2.563612      0.122657      0.287025        89 
   2021JR14    17.96      2.550156      0.124863      0.287923        89 
  2008EZ196    17.96      2.579913      0.110550      0.289786        89 
  2015TP388    17.96      2.568009      0.102873      0.289359        89 
  2020RL117    17.96      2.538948      0.111402      0.284658        89 
   2008EV31    17.97      2.571717      0.112146      0.289102        89 
   2013FC22    17.97      2.575194      0.111597      0.289216        89 
  2014QC426    17.97      2.581862      0.108124      0.289939        89 
  2015DL106    17.97      2.593115      0.100477      0.288525        89 
  2016AG342    17.97      2.550233      0.114636      0.287843        89 
  2016PS132    17.97      2.563473      0.111699      0.287629        89 
    2014PJ5    17.98      2.550951      0.133224      0.288524        89 
   2017GJ21    17.98      2.539242      0.127586      0.288259        89 
  2015TH372    17.98      2.584926      0.107976      0.287919        89 
     539195    17.99      2.543434      0.119560      0.287964        89 
     610194    17.99      2.560383      0.122327      0.287459        89 
   2003GK65    17.99      2.550204      0.119233      0.289504        89 
   2016LQ96    17.99      2.551908      0.117786      0.289109        89 
   2017MP17    17.99      2.569264      0.113390      0.288795        89 
   2017QV18    17.99      2.561575      0.120446      0.287744        89 
   2019KN20    17.99      2.546914      0.123320      0.288389        89 
   2020LD11    17.99      2.577703      0.103193      0.288918        89 
  2006UE366    17.99      2.548472      0.120827      0.287745        89 
  2011WK167    17.99      2.546017      0.119297      0.288084        89 
  2014WX103    17.99      2.577970      0.107799      0.288970        89 
   2006UP30    18.00      2.558647      0.122616      0.287765        89 
   2007EC84    18.00      2.562566      0.123375      0.287420        89 
   2012XW81    18.00      2.568570      0.111136      0.287460        89 
   2014XC51    18.00      2.549832      0.114044      0.288309        89 
   2017AC31    18.00      2.569658      0.114218      0.288960        89 
   2017EK37    18.00      2.563800      0.122442      0.288118        89 
   2019AE97    18.00      2.558190      0.123360      0.288160        89 
   2021GZ98    18.00      2.547438      0.131309      0.288359        89 
  2016TN154    18.00      2.550926      0.128913      0.288517        89 
    2017SZ5    18.01      2.549838      0.130940      0.289491        89 
   2013NH62    18.01      2.569948      0.110041      0.287996        89 
   2014HX26    18.01      2.578717      0.113097      0.290040        89 
   2014RZ89    18.01      2.562653      0.122176      0.287162        89 
  2013GV144    18.01      2.596727      0.105597      0.287302        89 
  2014QU498    18.01      2.532664      0.144510      0.291341        89 
  2017SH198    18.01      2.539528      0.123504      0.287578        89 
     461941    18.02      2.545673      0.121278      0.288126        89 
     505427    18.02      2.547595      0.124627      0.288080        89 
   2009EZ34    18.02      2.533987      0.115916      0.286036        89 
   2014KR29    18.02      2.575115      0.110251      0.288969        89 
   2014RV88    18.02      2.594908      0.105395      0.287989        89 
  2010DR111    18.02      2.562752      0.124131      0.288240        89 
  2014UJ125    18.02      2.540685      0.125443      0.288262        89 
  2015TW118    18.02      2.569769      0.111262      0.288372        89 
  2016AJ367    18.02      2.564419      0.116732      0.289219        89 
  2016NF118    18.02      2.561960      0.112617      0.287759        89 
  2017SU272    18.02      2.544592      0.125390      0.288457        89 
  2019SB134    18.02      2.595313      0.104826      0.287351        89 
     531492    18.03      2.549523      0.119955      0.288099        89 
     569472    18.03      2.552452      0.115230      0.288190        89 
    2013WM1    18.03      2.553919      0.114728      0.288072        89 
   2014MR84    18.03      2.542026      0.121957      0.287887        89 
   2017OJ29    18.03      2.561760      0.121343      0.288082        89 
   2019CU22    18.03      2.558943      0.125393      0.287419        89 
  2010RD194    18.03      2.546263      0.130129      0.289137        89 
  2010VV157    18.03      2.574232      0.104053      0.288975        89 
  2013WU140    18.03      2.533301      0.114743      0.284875        89 
  2014OY354    18.03      2.585442      0.107010      0.287656        89 
  2016QH109    18.03      2.566301      0.120098      0.288512        89 
   2013FN31    18.04      2.589402      0.110209      0.287313        89 
   2013MG13    18.04      2.551813      0.130193      0.288679        89 
   2015TG30    18.04      2.542041      0.121320      0.287813        89 
   2016VP45    18.04      2.549009      0.119157      0.289642        89 
   2016YU28    18.04      2.551021      0.124127      0.288326        89 
  2008SO320    18.04      2.572680      0.110997      0.288479        89 
  2013WQ122    18.04      2.562729      0.125765      0.288025        89 
  2015DK258    18.04      2.559258      0.122504      0.287184        89 
  2016CV103    18.04      2.547507      0.120798      0.287818        89 
  2017UV114    18.04      2.544110      0.126072      0.287586        89 
  2021TQ114    18.04      2.562528      0.120532      0.287947        89 
    2019XS9    18.05      2.543286      0.119661      0.287856        89 
    2020GG4    18.05      2.563197      0.115969      0.289096        89 
   2011AT40    18.05      2.528524      0.123616      0.288058        89 
   2017GT20    18.05      2.555181      0.120109      0.289621        89 
  2014KD142    18.05      2.565280      0.121635      0.286263        89 
  2015ME174    18.05      2.562505      0.122279      0.287279        89 
  2015XJ110    18.05      2.561792      0.116625      0.288413        89 
   2014JG95    18.06      2.562044      0.122608      0.287616        89 
   2017ND25    18.06      2.578809      0.110386      0.289626        89 
  2006SM118    18.06      2.563244      0.119163      0.287140        89 
  2016CK285    18.06      2.537669      0.119078      0.287381        89 
   2012KS55    18.07      2.563593      0.119072      0.286364        89 
   2012TN29    18.07      2.558290      0.112960      0.287673        89 
   2014JJ49    18.07      2.565573      0.110779      0.287556        89 
   2017VB59    18.07      2.541132      0.121917      0.288957        89 
   2018FF39    18.07      2.556164      0.124452      0.287943        89 
   2019GK37    18.07      2.560200      0.115134      0.288533        89 
  2014DK175    18.07      2.565278      0.124364      0.287350        89 
  2014WZ191    18.07      2.567288      0.112584      0.288392        89 
  2015AC193    18.07      2.595756      0.109957      0.288141        89 
  2015XO456    18.07      2.560898      0.119726      0.289822        89 
  2016EC103    18.07      2.554840      0.128726      0.288524        89 
  2016PC180    18.07      2.551388      0.129563      0.288640        89 
  2016TQ195    18.07      2.555202      0.114134      0.287646        89 
  2019UJ114    18.07      2.547513      0.129280      0.288694        89 
     554144    18.08      2.536236      0.109357      0.284064        89 
   2015FO55    18.08      2.559873      0.122312      0.287025        89 
   2016RM58    18.08      2.545959      0.116379      0.290249        89 
  2015VK206    18.08      2.538220      0.116935      0.286889        89 
  2016TH149    18.08      2.547275      0.121494      0.287610        89 
   2012FP92    18.09      2.564269      0.109013      0.288728        89 
   2014MH71    18.09      2.564817      0.114116      0.287870        89 
   2016VA48    18.09      2.568519      0.120311      0.287498        89 
  2011HR112    18.09      2.549923      0.129643      0.288622        89 
  2014OL120    18.09      2.540041      0.123734      0.287422        89 
  2015DF306    18.09      2.549795      0.123754      0.288211        89 
  2017BN171    18.09      2.542395      0.122869      0.288462        89 
  2019JK114    18.09      2.553001      0.128651      0.288675        89 
     581474    18.10      2.573203      0.112145      0.288992        89 
   2001HY69    18.10      2.554135      0.128059      0.288079        89 
   2017GL20    18.10      2.562572      0.121270      0.288158        89 
   2020FN25    18.10      2.569999      0.113881      0.289023        89 
  2007TH395    18.10      2.538816      0.121242      0.288551        89 
  2014WZ552    18.10      2.548186      0.121954      0.287657        89 
  2015TV400    18.10      2.551920      0.130210      0.289577        89 
  2015XB257    18.10      2.595366      0.104074      0.287718        89 
  2016QG129    18.10      2.563419      0.122638      0.288117        89 
  2016TC189    18.10      2.562684      0.120354      0.287464        89 
  2017FO193    18.10      2.556588      0.122888      0.287745        89 
  2017QF126    18.10      2.576235      0.109732      0.289156        89 
  2017RR136    18.10      2.546205      0.135830      0.289593        89 
  2021RU148    18.10      2.547308      0.119271      0.287417        89 
   2013ST55    18.11      2.550667      0.121452      0.287401        89 
   2019MF10    18.11      2.570206      0.116598      0.288412        89 
   2020BN79    18.11      2.560712      0.123657      0.288816        89 
   2021JF14    18.11      2.539047      0.124202      0.287507        89 
  2015DG174    18.11      2.570800      0.113229      0.288888        89 
  2015KV102    18.11      2.549117      0.119360      0.287982        89 
  2015RM343    18.11      2.568294      0.111326      0.288145        89 
     423985    18.12      2.548435      0.116098      0.288989        89 
   2009JR11    18.12      2.565060      0.121854      0.287262        89 
   2015KC12    18.12      2.585379      0.111952      0.291997        89 
   2016EP65    18.12      2.560822      0.113709      0.287919        89 
   2020JA23    18.12      2.555828      0.116407      0.287979        89 
  2014EA254    18.12      2.554384      0.126010      0.287710        89 
  2014OQ289    18.12      2.553285      0.114975      0.287641        89 
     419665    18.13      2.560880      0.115421      0.287750        89 
   2018AW37    18.13      2.537415      0.108142      0.285003        89 
   2021UQ90    18.13      2.545464      0.115609      0.289139        89 
  2016PT196    18.13      2.542259      0.123653      0.289056        89 
  2016SV113    18.13      2.540548      0.114391      0.290659        89 
  2021RO110    18.13      2.559758      0.125473      0.287833        89 
    2019LC9    18.14      2.554144      0.129013      0.288332        89 
   2014AZ63    18.14      2.561082      0.120137      0.287513        89 
   2016VE37    18.14      2.542870      0.123255      0.288065        89 
   2017WK83    18.14      2.556219      0.123524      0.288393        89 
   2018TQ36    18.14      2.579378      0.110273      0.289793        89 
   2018XT35    18.14      2.554750      0.130101      0.288884        89 
   2020QK17    18.14      2.546738      0.129419      0.287412        89 
   2020TG77    18.14      2.550983      0.132380      0.289763        89 
  2004TP378    18.14      2.547479      0.125502      0.288411        89 
  2013YX157    18.14      2.551297      0.129357      0.288529        89 
  2014HB116    18.14      2.559718      0.124353      0.287914        89 
  2015DE274    18.14      2.563986      0.122665      0.287238        89 
  2016NY161    18.14      2.565337      0.119405      0.287857        89 
  2021RE176    18.14      2.547094      0.124418      0.288220        89 
   2015RE60    18.15      2.556429      0.115445      0.287874        89 
   2022BT40    18.15      2.546884      0.133231      0.288845        89 
  2014SJ399    18.15      2.553292      0.116034      0.287939        89 
  2015AT300    18.15      2.552628      0.118587      0.289456        89 
  2016AY345    18.15      2.566310      0.121192      0.286888        89 
  2017RL137    18.15      2.548898      0.117147      0.289129        89 
  2021RQ183    18.15      2.567027      0.122467      0.287860        89 
   2012KC31    18.16      2.555566      0.126914      0.287897        89 
   2016VJ61    18.16      2.551928      0.117870      0.289241        89 
   2019KU46    18.16      2.577003      0.110978      0.289594        89 
   2019UW34    18.16      2.559109      0.122423      0.287716        89 
  1999TR338    18.16      2.539889      0.122661      0.288985        89 
  2007HL112    18.16      2.551056      0.120024      0.290084        89 
  2016TO189    18.16      2.549540      0.122522      0.287582        89 
    2020LP5    18.17      2.531227      0.112533      0.285469        89 
   2012BX81    18.17      2.555565      0.114945      0.287985        89 
   2015UK94    18.17      2.549907      0.118995      0.287111        89 
   2016BE86    18.17      2.555148      0.114778      0.287448        89 
  2015BZ582    18.17      2.554659      0.116169      0.288508        89 
  2015FF434    18.17      2.559740      0.119326      0.288375        89 
  2016UE257    18.17      2.587448      0.114438      0.289007        89 
     576595    18.18      2.575357      0.111405      0.289322        89 
   2008OA28    18.18      2.547665      0.123638      0.289027        89 
   2013VE38    18.18      2.546319      0.117174      0.290041        89 
   2014LW10    18.18      2.567481      0.120425      0.287393        89 
   2014TZ20    18.18      2.542699      0.132042      0.288694        89 
   2017SA95    18.18      2.581029      0.112194      0.290806        89 
   2021SV20    18.18      2.558956      0.124695      0.287392        89 
  2016PJ247    18.18      2.552505      0.120216      0.290028        89 
  2017BE174    18.18      2.546459      0.129997      0.289482        89 
  2017SA224    18.18      2.540591      0.128188      0.288384        89 
  2018VL143    18.18      2.542174      0.130533      0.289444        89 
   2006UE72    18.19      2.563242      0.122580      0.289101        89 
  2007TG469    18.19      2.553353      0.122917      0.286932        89 
  2008SX188    18.19      2.563129      0.119419      0.285959        89 
  2016EB208    18.19      2.568029      0.114764      0.288728        89 
   2006SF83    18.20      2.548427      0.122087      0.289119        89 
   2021KY14    18.20      2.556866      0.125846      0.287870        89 
   2022AY31    18.20      2.555321      0.111780      0.287130        89 
  2014QK253    18.20      2.560515      0.123100      0.287591        89 
   2014PY41    18.21      2.549070      0.131828      0.289845        89 
   2016NZ93    18.21      2.545233      0.122858      0.287207        89 
   2017AR32    18.21      2.544067      0.124865      0.288208        89 
   2017DE19    18.21      2.590111      0.106726      0.287289        89 
   2019NR15    18.21      2.552637      0.116374      0.288182        89 
  2013WR122    18.21      2.571119      0.112379      0.289060        89 
  2014KT148    18.21      2.540517      0.122654      0.288757        89 
  2016AA287    18.21      2.538263      0.122308      0.287042        89 
  2016NK164    18.21      2.544195      0.118349      0.287188        89 
  2021GJ132    18.21      2.537013      0.112157      0.287211        89 
     582918    18.22      2.541997      0.121018      0.287509        89 
   2003TE62    18.22      2.550324      0.120778      0.288861        89 
   2013CM12    18.22      2.550507      0.126807      0.287781        89 
   2015XT51    18.22      2.550550      0.118917      0.289778        89 
  2004TY387    18.22      2.564762      0.121625      0.288358        89 
  2009SC291    18.22      2.565553      0.123609      0.288233        89 
  2015TS129    18.22      2.562702      0.115397      0.288662        89 
     541623    18.23      2.543092      0.124844      0.288421        89 
    2014NU1    18.23      2.573996      0.113203      0.289331        89 
   2003UE30    18.23      2.555953      0.123222      0.287838        89 
   2007CL68    18.23      2.547076      0.123871      0.287976        89 
   2015MQ10    18.23      2.551801      0.113883      0.287222        89 
   2015WF29    18.23      2.566594      0.120490      0.288029        89 
   2016OO11    18.23      2.537080      0.122761      0.287804        89 
   2019PY68    18.23      2.545327      0.123777      0.288146        89 
   2019TM80    18.23      2.570641      0.118185      0.287511        89 
  2001QT144    18.23      2.543569      0.112471      0.288859        89 
  2006BP113    18.23      2.545683      0.121370      0.287986        89 
  2007VB182    18.23      2.550292      0.128298      0.288479        89 
  2013CH141    18.23      2.532530      0.114857      0.285392        89 
  2015HH229    18.23      2.568836      0.114411      0.288934        89 
  2016AM361    18.23      2.562180      0.118137      0.287523        89 
  2017UC168    18.23      2.553214      0.125643      0.287610        89 
    2015VV8    18.24      2.575376      0.110360      0.289332        89 
    2020JG5    18.24      2.549971      0.131284      0.288700        89 
   2014QA97    18.24      2.559731      0.117149      0.288639        89 
   2020SC38    18.24      2.568494      0.121426      0.287263        89 
   2021RG28    18.24      2.566579      0.119804      0.289135        89 
  2011FO114    18.24      2.585554      0.107806      0.287850        89 
  2015PG209    18.24      2.585978      0.103310      0.287562        89 
  2017RK103    18.24      2.552658      0.129186      0.288650        89 
   2012FO95    18.25      2.540182      0.126686      0.288672        89 
   2015NP30    18.25      2.572728      0.113598      0.289114        89 
   2019AZ60    18.25      2.589274      0.108141      0.287318        89 
   2019JR83    18.25      2.558006      0.124057      0.288401        89 
   2021PL42    18.25      2.580653      0.110456      0.290008        89 
   2021PY32    18.25      2.535481      0.142614      0.293232        89 
  2012UV222    18.25      2.552834      0.117623      0.289398        89 
  2013WZ136    18.25      2.548742      0.119607      0.288917        89 
  2016AL212    18.25      2.567683      0.108762      0.288816        89 
  2016CA358    18.25      2.554951      0.112384      0.287107        89 
  2016NG126    18.25      2.571698      0.113219      0.289341        89 
  2017UQ122    18.25      2.555405      0.120713      0.288142        89 
  2017UZ162    18.25      2.560748      0.121527      0.286752        89 
  2018VC151    18.25      2.556604      0.113474      0.287677        89 
   2012KB64    18.26      2.586625      0.102425      0.289623        89 
   2012XH42    18.26      2.541758      0.121479      0.288003        89 
  2015TM308    18.26      2.553723      0.116426      0.288419        89 
  2017SW247    18.26      2.568884      0.119942      0.289028        89 
   2017WF72    18.27      2.565377      0.105539      0.288995        89 
   2017WT79    18.27      2.555535      0.117909      0.289136        89 
  2008UQ408    18.27      2.561635      0.116618      0.288981        89 
  2013AX141    18.27      2.562205      0.112677      0.287570        89 
  2014UD106    18.27      2.551719      0.122410      0.288215        89 
  2014WU614    18.27      2.539484      0.132864      0.289004        89 
  2016AE214    18.27      2.548980      0.129686      0.289493        89 
   2013QX32    18.28      2.561325      0.115792      0.288736        89 
   2016JD44    18.28      2.564099      0.121986      0.286920        89 
   2020OA40    18.28      2.562519      0.115895      0.288263        89 
   2021GB70    18.28      2.558654      0.122776      0.287581        89 
  2012VJ121    18.28      2.563835      0.122124      0.287247        89 
  2017SB277    18.28      2.573064      0.116342      0.290378        89 
   2020GU21    18.29      2.577694      0.110307      0.289501        89 
  2011UO226    18.29      2.561069      0.115483      0.288651        89 
  2012BX107    18.29      2.545241      0.121021      0.287494        89 
  2015TN305    18.29      2.558942      0.112065      0.287033        89 
  2015TP406    18.29      2.569926      0.112763      0.288348        89 
  2016GG309    18.29      2.541157      0.128791      0.288390        89 
  2016TK140    18.29      2.561018      0.119494      0.288079        89 
    2018MB9    18.30      2.582759      0.109606      0.288019        89 
    2021LM7    18.30      2.536993      0.108535      0.284850        89 
   2015PO21    18.30      2.579087      0.108388      0.289125        89 
   2015VF44    18.30      2.601827      0.103240      0.287322        89 
   2020HB82    18.30      2.570635      0.120356      0.287581        89 
   2021PZ86    18.30      2.542976      0.115044      0.290069        89 
  2014TN112    18.30      2.556766      0.112984      0.286997        89 
  2015DZ306    18.30      2.578231      0.109262      0.287690        89 
    2017LA3    18.31      2.561621      0.125468      0.288030        89 
   2015WY35    18.31      2.569183      0.114782      0.289442        89 
   2017WG37    18.31      2.562989      0.115383      0.288894        89 
  2005SF296    18.31      2.528633      0.143986      0.291256        89 
  2005UZ537    18.31      2.582080      0.108726      0.287255        89 
  2012UU218    18.31      2.554674      0.113247      0.287760        89 
  2015BV320    18.31      2.546628      0.118895      0.290037        89 
  2016PH238    18.31      2.554743      0.115267      0.288249        89 
   2011SG42    18.32      2.562420      0.121196      0.287973        89 
   2017PF46    18.32      2.583897      0.107286      0.290139        89 
  2011UL444    18.32      2.543370      0.126460      0.287877        89 
  2015RX124    18.32      2.555086      0.117175      0.288591        89 
  2016NC117    18.32      2.565314      0.121648      0.287239        89 
  2019SR183    18.32      2.542262      0.129992      0.289341        89 
    2016UH8    18.33      2.568379      0.106569      0.289691        89 
   2014GU79    18.33      2.572071      0.106265      0.289585        89 
   2016JF40    18.33      2.550592      0.117833      0.289841        89 
   2017WZ78    18.33      2.548432      0.115803      0.288639        89 
  2017OD127    18.33      2.552673      0.117500      0.288653        89 
  2021PJ113    18.33      2.558906      0.124710      0.288959        89 
   2015TP63    18.34      2.552044      0.126982      0.288430        89 
   2017RY26    18.34      2.559484      0.120806      0.286809        89 
   2018LE33    18.34      2.571169      0.122071      0.286764        89 
   2018SY19    18.34      2.569992      0.121602      0.287121        89 
   2020HK68    18.34      2.578362      0.111926      0.290379        89 
  2011UK445    18.34      2.591514      0.101640      0.288560        89 
  2014WX194    18.34      2.545870      0.115367      0.289359        89 
  2015BA585    18.34      2.541900      0.121614      0.287837        89 
  2015XA136    18.34      2.559733      0.123939      0.287832        89 
  2017RU132    18.34      2.554110      0.112569      0.288668        89 
  2017SB284    18.34      2.556955      0.124074      0.287741        89 
  2017SC280    18.34      2.545010      0.121780      0.287536        89 
   2014YY71    18.35      2.551651      0.115984      0.288492        89 
   2015UB69    18.35      2.561361      0.113195      0.287517        89 
   2020FL14    18.35      2.542931      0.133756      0.289594        89 
  2019GH109    18.35      2.554324      0.127020      0.288807        89 
  2020HC115    18.35      2.539465      0.115989      0.288244        89 
    2021BB5    18.36      2.528992      0.111091      0.285625        89 
   2012UE47    18.36      2.553201      0.116908      0.289220        89 
   2015XQ24    18.36      2.545813      0.117533      0.289363        89 
   2018AS35    18.36      2.556980      0.112184      0.287376        89 
   2019GH83    18.36      2.549543      0.130958      0.287579        89 
   2020JM41    18.36      2.542851      0.123606      0.288050        89 
   2022EB18    18.36      2.568521      0.105443      0.289457        89 
  2004RK241    18.36      2.542324      0.127096      0.288427        89 
  2010RQ201    18.36      2.551032      0.115129      0.287762        89 
  2014EY106    18.36      2.577975      0.113284      0.290542        89 
  2014TP100    18.36      2.534562      0.145118      0.291928        89 
  2016BN126    18.36      2.551808      0.114332      0.288197        89 
  2016NO141    18.36      2.584613      0.109328      0.289653        89 
   2016PT97    18.37      2.567020      0.119613      0.287484        89 
  2006SD187    18.37      2.547020      0.124049      0.287813        89 
  2012TJ257    18.37      2.576559      0.101135      0.288976        89 
  2016EY303    18.37      2.557377      0.124411      0.287149        89 
  2016NQ126    18.37      2.538428      0.117036      0.286443        89 
  2016TS143    18.37      2.576093      0.117342      0.291445        89 
  2018VV141    18.37      2.558716      0.123236      0.286969        89 
   2011KZ53    18.38      2.535186      0.124385      0.288052        89 
   2015LA50    18.38      2.547598      0.116089      0.289533        89 
   2016WQ68    18.38      2.546060      0.124119      0.289019        89 
   2016YU29    18.38      2.550997      0.125705      0.288739        89 
   2017UO77    18.38      2.554854      0.116029      0.287861        89 
   2020HG74    18.38      2.579393      0.108930      0.289615        89 
  2005TX113    18.38      2.552997      0.128512      0.287961        89 
  2008WF114    18.38      2.567066      0.112774      0.288239        89 
  2014EV255    18.38      2.561722      0.121002      0.288716        89 
  2016GS322    18.38      2.542207      0.119179      0.289380        89 
  2016PN137    18.38      2.541777      0.123714      0.288219        89 
  2016TT142    18.38      2.580342      0.109189      0.289765        89 
  2017QA132    18.38      2.544331      0.124982      0.287844        89 
  2021TH137    18.38      2.575305      0.112650      0.289650        89 
   2017KQ10    18.39      2.566544      0.121961      0.288729        89 
   2019OV30    18.39      2.554904      0.115220      0.288142        89 
   2021UJ34    18.39      2.545366      0.118470      0.287821        89 
  2015PP249    18.39      2.540046      0.131791      0.289728        89 
  2015TV406    18.39      2.568362      0.116263      0.288106        89 
    2021LS4    18.40      2.586173      0.109927      0.288350        89 
   2009CT70    18.40      2.536302      0.127041      0.287940        89 
   2012JB73    18.40      2.547021      0.119605      0.290677        89 
   2021UR35    18.40      2.549071      0.129289      0.288785        89 
  2005TY220    18.40      2.549905      0.114783      0.287972        89 
  2007VU130    18.40      2.570760      0.117450      0.287970        89 
  2014EV172    18.40      2.552500      0.118155      0.287671        89 
  2015BU449    18.40      2.543944      0.115621      0.290090        89 
  2016AN258    18.40      2.556405      0.114152      0.287810        89 
  2016PA207    18.40      2.566228      0.115238      0.289094        89 
   2014GE76    18.41      2.540187      0.132858      0.289098        89 
   2015GB70    18.41      2.554740      0.111551      0.287017        89 
  2014TU119    18.41      2.569628      0.113083      0.288884        89 
  2020HP109    18.41      2.581238      0.115167      0.290313        89 
  2021TJ137    18.41      2.554382      0.116615      0.289001        89 
   2007AZ37    18.42      2.550087      0.128798      0.288809        89 
   2011WN20    18.42      2.545365      0.124410      0.287929        89 
   2019YE18    18.42      2.566867      0.123779      0.286542        89 
   2020HK79    18.42      2.562897      0.119691      0.288397        89 
  2008TH153    18.42      2.566007      0.114702      0.288277        89 
  2012UO206    18.42      2.561519      0.124795      0.287940        89 
  2014OA408    18.42      2.551657      0.115874      0.288131        89 
    2021KE6    18.43      2.541245      0.124095      0.287932        89 
   2018VL47    18.43      2.542198      0.123803      0.289218        89 
  2014QH552    18.43      2.585050      0.105988      0.289630        89 
  2015BR612    18.43      2.585910      0.103006      0.287758        89 
  2015TR400    18.43      2.547501      0.130421      0.289164        89 
  2015XM290    18.43      2.556405      0.126962      0.288132        89 
   2015RD53    18.44      2.550660      0.125695      0.287575        89 
   2015SJ35    18.44      2.560509      0.112536      0.287578        89 
   2019NR65    18.44      2.546678      0.124233      0.287789        89 
  2014SO376    18.44      2.582744      0.105166      0.289314        89 
  2015FF449    18.44      2.541910      0.122524      0.288189        89 
  2015HL245    18.44      2.555027      0.112459      0.286730        89 
  2017BW174    18.44      2.541801      0.123856      0.288152        89 
  2021PP130    18.44      2.536321      0.135690      0.291301        89 
     2011VR    18.45      2.555391      0.113263      0.287417        89 
   2017TQ43    18.45      2.544007      0.123960      0.288005        89 
   2020HR73    18.45      2.539486      0.112804      0.288307        89 
   2021GA91    18.45      2.552406      0.118114      0.289482        89 
  2016AE359    18.45      2.554936      0.113722      0.287046        89 
   2013UJ24    18.46      2.545225      0.117161      0.289996        89 
   2021SS12    18.46      2.531031      0.115101      0.287761        89 
  2006SP357    18.46      2.557656      0.122433      0.287672        89 
  2015AH141    18.46      2.551003      0.125526      0.287540        89 
  2017SP279    18.46      2.580028      0.109462      0.289499        89 
   2016LP16    18.47      2.545854      0.114786      0.289643        89 
   2016LP79    18.47      2.578579      0.110942      0.288375        89 
   2020KK23    18.47      2.570451      0.120508      0.287860        89 
   2021VQ28    18.47      2.564892      0.118367      0.287800        89 
  2002RD265    18.47      2.541835      0.116652      0.291206        89 
  2010TZ122    18.47      2.559704      0.115207      0.288131        89 
  2019GM139    18.47      2.588590      0.105013      0.290844        89 
   2013QA52    18.48      2.531729      0.142938      0.291384        89 
   2016SV87    18.48      2.546469      0.124349      0.288688        89 
   2017TY36    18.48      2.567965      0.108707      0.289203        89 
   2020YW15    18.48      2.559776      0.118387      0.289102        89 
  2015KP230    18.48      2.552969      0.123364      0.288023        89 
  2019GL137    18.48      2.564341      0.120760      0.286507        89 
  2021PN135    18.48      2.572426      0.101668      0.290763        89 
   2013PS88    18.49      2.572276      0.112379      0.288617        89 
  2014DD187    18.49      2.554040      0.131396      0.289187        89 
  2015RQ290    18.49      2.541812      0.122033      0.287577        89 
   2015EW78    18.50      2.545443      0.121166      0.288421        89 
   2017QK37    18.50      2.561416      0.111807      0.286805        89 
   2021UJ65    18.50      2.551843      0.117655      0.289107        89 
  2014OF426    18.50      2.556187      0.115802      0.288224        89 
  2015TC110    18.50      2.548878      0.123110      0.287894        89 
   2014OU23    18.51      2.541192      0.130643      0.289352        89 
   2022BW30    18.51      2.538534      0.110297      0.284422        89 
  2011WJ172    18.51      2.541225      0.131431      0.290295        89 
  2012BN101    18.51      2.539016      0.120643      0.288277        89 
  2016BJ132    18.51      2.540999      0.124921      0.287477        89 
  2017UA163    18.51      2.579615      0.105648      0.288311        89 
   2013UN25    18.52      2.544509      0.119616      0.287717        89 
   2014OL12    18.52      2.572506      0.110678      0.288502        89 
   2015NS30    18.52      2.557938      0.114922      0.288243        89 
  2014QU333    18.52      2.540982      0.123328      0.287863        89 
  2015XQ251    18.52      2.575328      0.120483      0.287368        89 
  2016AZ299    18.52      2.569949      0.120405      0.286876        89 
  2017BN176    18.52      2.546983      0.119864      0.290780        89 
     613239    18.53      2.539451      0.119948      0.287744        89 
   2013US25    18.53      2.553796      0.113646      0.287506        89 
   2021LQ20    18.53      2.543007      0.121376      0.287988        89 
  2007UU154    18.53      2.563903      0.122582      0.287607        89 
  2016UH260    18.53      2.552729      0.124828      0.287958        89 
  2019GE109    18.53      2.605228      0.103578      0.289078        89 
   2021FG16    18.54      2.556566      0.123926      0.287459        89 
  2014QV105    18.54      2.578501      0.109699      0.289190        89 
  2016NB131    18.54      2.534877      0.108731      0.284614        89 
  2016TO150    18.54      2.549837      0.130390      0.289552        89 
  2017RM137    18.54      2.538928      0.126710      0.289828        89 
   2012PY55    18.55      2.539494      0.118003      0.287810        89 
   2017MX18    18.55      2.546938      0.119702      0.288324        89 
   2021TS75    18.55      2.538123      0.120008      0.287391        89 
  2008UA326    18.55      2.546867      0.119288      0.287865        89 
  2016AE346    18.55      2.559843      0.122751      0.287167        89 
  2017QC107    18.55      2.559705      0.122845      0.287140        89 
  2021GU144    18.55      2.542816      0.115808      0.290236        89 
  2014QC392    18.56      2.544432      0.116168      0.290160        89 
  2015OO121    18.56      2.575978      0.116225      0.288093        89 
   2018QZ14    18.57      2.538376      0.120004      0.286967        89 
   2021LP21    18.57      2.547307      0.124852      0.288480        89 
  2015XB321    18.57      2.571732      0.121712      0.287501        89 
  2016EX253    18.57      2.566030      0.122960      0.286326        89 
  2019GV129    18.57      2.569139      0.119015      0.287153        89 
   2017RG54    18.58      2.522861      0.124843      0.288431        89 
   2017VA57    18.58      2.561008      0.123460      0.287519        89 
  2014WJ210    18.58      2.546777      0.124165      0.288160        89 
  2016CE377    18.58      2.556386      0.115102      0.287588        89 
   2017HS41    18.59      2.553333      0.125451      0.288297        89 
   2018AM10    18.59      2.554145      0.123192      0.287756        89 
   2020QU52    18.59      2.571768      0.119221      0.287207        89 
   2020TT73    18.59      2.549923      0.123295      0.288752        89 
  2015FY371    18.59      2.561936      0.121679      0.287106        89 
  2016AF234    18.59      2.549252      0.129359      0.289079        89 
  2016AH254    18.59      2.539759      0.138053      0.291304        89 
  2020HO148    18.59      2.557137      0.123902      0.287862        89 
   2014HE79    18.60      2.554158      0.120757      0.287631        89 
   2015OT98    18.60      2.540087      0.120382      0.288617        89 
  2015OP124    18.60      2.554571      0.118732      0.289574        89 
   2015RY79    18.61      2.546691      0.117606      0.289645        89 
   2016VR46    18.61      2.556760      0.118559      0.289575        89 
   2020VG14    18.61      2.564727      0.122689      0.287442        89 
   2021VE42    18.61      2.550555      0.113487      0.287330        89 
  2015XG235    18.61      2.554986      0.116141      0.288047        89 
  2015XK470    18.61      2.569397      0.122163      0.287549        89 
   2013QA19    18.62      2.567203      0.113166      0.288595        89 
   2016NT51    18.62      2.533189      0.116774      0.284801        89 
   2020HN32    18.62      2.552301      0.115094      0.288445        89 
   2021PO59    18.62      2.562239      0.122808      0.287634        89 
  2008WC160    18.62      2.554357      0.129529      0.288188        89 
  2013TR180    18.62      2.559659      0.126529      0.287818        89 
  2014QZ282    18.62      2.540607      0.123759      0.288592        89 
  2015TA440    18.62      2.567178      0.115320      0.289031        89 
  2017QW130    18.62      2.562360      0.119164      0.288459        89 
   1999TU51    18.63      2.544590      0.117964      0.291333        89 
  2011SX305    18.63      2.537931      0.109682      0.285458        89 
  2014WA557    18.63      2.558167      0.122914      0.287413        89 
  2016PO201    18.63      2.548618      0.116881      0.289636        89 
   2013VQ50    18.64      2.563626      0.120984      0.286691        89 
   2015XD24    18.64      2.554838      0.113585      0.287545        89 
  2012TG253    18.64      2.549813      0.113965      0.288367        89 
  2013TA124    18.64      2.558282      0.120660      0.286720        89 
  2015TK461    18.64      2.551021      0.131088      0.289200        89 
  2016PQ162    18.64      2.564891      0.117275      0.287662        89 
   2016LY80    18.65      2.579869      0.113624      0.290811        89 
  2015TP459    18.65      2.553454      0.129100      0.287859        89 
  2016CS357    18.65      2.584034      0.106532      0.289952        89 
  2016EZ106    18.65      2.548191      0.130555      0.289200        89 
   2017SS52    18.66      2.581182      0.107137      0.288946        89 
   2020BD79    18.66      2.574335      0.112249      0.289719        89 
   2020BQ35    18.66      2.541751      0.122819      0.288601        89 
   2021SZ42    18.66      2.543546      0.124183      0.288524        89 
  2015VR190    18.66      2.538823      0.125273      0.287497        89 
  2016CG354    18.66      2.551973      0.121823      0.287625        89 
  2017QP131    18.66      2.568198      0.113507      0.288631        89 
   2011UE97    18.67      2.555472      0.114157      0.287142        89 
  2017SD279    18.67      2.551248      0.117815      0.289564        89 
   2013BU35    18.68      2.536904      0.136522      0.290192        89 
   2017HD30    18.68      2.554470      0.114842      0.288240        89 
  2017SA187    18.68      2.560865      0.114072      0.287823        89 
   2021QJ80    18.69      2.583393      0.113996      0.288915        89 
  2017SZ151    18.69      2.558381      0.127798      0.289231        89 
   2017XF84    18.70      2.544761      0.120789      0.287572        89 
   2017YJ58    18.70      2.547019      0.121131      0.287833        89 
  2015VC180    18.70      2.555850      0.114638      0.287530        89 
   2016LG17    18.72      2.561578      0.125876      0.287086        89 
   2016RM69    18.72      2.569158      0.121633      0.287378        89 
  2012TK370    18.72      2.558082      0.123333      0.288019        89 
  2015TE280    18.72      2.548268      0.115485      0.288359        89 
  2015TY406    18.73      2.562555      0.122132      0.288302        89 
  2017RW100    18.73      2.533961      0.116241      0.286466        89 
   2016UU38    18.74      2.546207      0.115792      0.289114        89 
  2016QO116    18.74      2.551749      0.115284      0.288327        89 
   2015OT36    18.75      2.571201      0.109958      0.287848        89 
   2017HY79    18.75      2.565041      0.109012      0.289261        89 
   2020OB48    18.75      2.555779      0.114863      0.287930        89 
  2015OS120    18.75      2.583506      0.105954      0.289592        89 
  2015XK433    18.75      2.540033      0.127901      0.287894        89 
   2018AS45    18.77      2.543155      0.116264      0.290628        89 
  2014OL426    18.77      2.541660      0.115812      0.291171        89 
  2008CO249    18.78      2.538819      0.116955      0.289677        89 
  2013RF114    18.78      2.540453      0.123293      0.288635        89 
   2011PJ20    18.79      2.537837      0.120862      0.287543        89 
   2016SJ88    18.79      2.563406      0.121584      0.286941        89 
   2018BS20    18.79      2.530056      0.117060      0.285272        89 
   2020QZ75    18.79      2.558893      0.119232      0.287904        89 
  2017QO112    18.79      2.543189      0.117875      0.291008        89 
  2017RO135    18.80      2.551025      0.116435      0.288260        89 
   2020TQ64    18.81      2.556404      0.129151      0.288997        89 
  2014HU253    18.81      2.550921      0.123545      0.287650        89 
    2016CJ1    18.82      2.548875      0.121620      0.287469        89 
   2020BM36    18.82      2.528934      0.115756      0.285345        89 
  2017SZ281    18.82      2.565458      0.122657      0.287500        89 
   2015TC90    18.83      2.552083      0.129860      0.288102        89 
  2007TN465    18.83      2.547085      0.120763      0.287640        89 
  2011SQ335    18.83      2.550239      0.119409      0.287550        89 
  2015RG194    18.83      2.536743      0.112269      0.287047        89 
  2015XG434    18.83      2.559622      0.132350      0.288861        89 
  2017OC139    18.83      2.589921      0.110573      0.289103        89 
   2005VM45    18.84      2.550195      0.130515      0.290013        89 
  2016TD147    18.84      2.541805      0.112553      0.289859        89 
   2017UX74    18.85      2.548016      0.113717      0.288128        89 
  2008TQ223    18.85      2.540740      0.111867      0.289483        89 
  2015XE478    18.85      2.547090      0.121822      0.288502        89 
  2015PS177    18.86      2.550244      0.115664      0.288695        89 
   2013UN27    18.87      2.540411      0.114491      0.290950        89 
   2016SR87    18.87      2.552405      0.130428      0.289065        89 
   2017VB57    18.87      2.549574      0.127385      0.289537        89 
  2016PG165    18.87      2.548700      0.115497      0.288545        89 
   2013SB40    18.88      2.551411      0.119248      0.289343        89 
   2021RP24    18.88      2.550518      0.125163      0.288425        89 
  2010RC122    18.88      2.558929      0.124761      0.287428        89 
  2019SC148    18.88      2.560077      0.123626      0.287755        89 
   2019YO29    18.89      2.542138      0.131762      0.289013        89 
  2008UT103    18.89      2.548465      0.124891      0.288601        89 
  2015HB246    18.89      2.537412      0.126419      0.288756        89 
   2016RW65    18.90      2.546963      0.117869      0.290269        89 
   2020SR69    18.90      2.561318      0.123657      0.287015        89 
  2016BZ114    18.90      2.550159      0.128097      0.287744        89 
   2014PF21    18.91      2.547086      0.114938      0.289390        89 
   2017NU19    18.91      2.569647      0.112647      0.288219        89 
   2021UR24    18.91      2.550674      0.115942      0.288432        89 
  2008RL155    18.91      2.535615      0.144478      0.293451        89 
  2017RG104    18.91      2.547983      0.115870      0.288581        89 
   2017KM42    18.92      2.554158      0.118319      0.289304        89 
  2012UT232    18.92      2.540289      0.138921      0.291984        89 
  2014HJ241    18.92      2.566439      0.110866      0.287625        89 
  2014QN263    18.92      2.537898      0.116166      0.289980        89 
  2014SC385    18.92      2.545206      0.114277      0.288997        89 
   2020OG93    18.93      2.539692      0.137713      0.290768        89 
  2015MZ158    18.93      2.548931      0.113270      0.288268        89 
  2017SB282    18.94      2.576169      0.104766      0.289161        89 
  2014SK398    18.95      2.560732      0.115950      0.288713        89 
  2017SO268    18.95      2.537426      0.114138      0.292519        89 
  2021TG117    18.95      2.562495      0.112845      0.287107        89 
  2014OK274    18.96      2.539544      0.114180      0.287228        89 
  2017SH292    18.96      2.583748      0.110422      0.288091        89 
   2014SZ55    18.97      2.542740      0.119844      0.288889        89 
  2015ON122    18.97      2.546472      0.118178      0.286757        89 
  2016PU169    18.97      2.552264      0.131244      0.289056        89 
  2016TG165    18.97      2.550975      0.123412      0.288431        89 
    2013RJ7    18.98      2.556697      0.125236      0.287891        89 
   2015SV35    18.98      2.566488      0.109763      0.287297        89 
   2017UU62    18.98      2.551369      0.115194      0.288245        89 
  2011UQ170    18.98      2.549389      0.113156      0.287275        89 
   2016SW89    18.99      2.547541      0.114272      0.288103        89 
   2014SJ33    19.00      2.542393      0.113663      0.289843        89 
  2017UY172    19.00      2.578492      0.108533      0.288789        89 
   2017NL18    19.01      2.553533      0.112778      0.287582        89 
   2019RW57    19.03      2.534682      0.114043      0.285981        89 
  2011BZ203    19.03      2.569051      0.118663      0.289173        89 
  2016TG177    19.03      2.567126      0.121173      0.286630        89 
  2017SD280    19.04      2.572528      0.120266      0.286800        89 
  2017UF183    19.06      2.559813      0.120800      0.287071        89 
  2016TB168    19.07      2.575909      0.107258      0.288103        89 
  2017RG137    19.09      2.558914      0.126907      0.287768        89 
   2021VV15    19.10      2.575773      0.110145      0.289152        89 
   2017VH56    19.11      2.570782      0.113318      0.288703        89 
  2017UW184    19.11      2.579662      0.107305      0.289152        89 
  2015RF128    19.12      2.557349      0.113702      0.289002        89 
   2013UR49    19.13      2.566348      0.125609      0.289103        89 
    2017QG8    19.18      2.560170      0.131321      0.288191        89 
  2015KX231    19.18      2.536871      0.130126      0.289885        89 
   2014SO59    19.21      2.542507      0.122559      0.288192        89 
   2019YU21    19.21      2.567228      0.123245      0.287266        89 
  2016FE100    19.21      2.559161      0.113904      0.287323        89 
   2020RC98    19.24      2.566670      0.123679      0.287696        89 
   2021RR93    19.28      2.538313      0.130835      0.290119        89 
   2013PL55    19.32      2.556508      0.130296      0.288073        89 
  2015ME161    19.32      2.544006      0.123094      0.288598        89 
  2021PN123    19.33      2.568929      0.123662      0.288243        89 
   2021QD29    19.35      2.560879      0.127274      0.288791        89 
  2016PM203    19.38      2.549901      0.118796      0.290005        89 
  2015TK406    19.50      2.562242      0.119719      0.289990        89 
   2017RO11    19.66      2.539870      0.121679      0.288832        89 
   2017RM47    19.69      2.553420      0.118030      0.287105        89 
  2012TQ370    19.71      2.541708      0.120512      0.287859        89 
