        909     8.76      3.542945      0.050177      0.308471       909 
      60042    12.77      3.558424      0.047289      0.307851       909 
      42313    13.31      3.551690      0.048477      0.309445       909 
     102698    13.39      3.523125      0.042919      0.308661       909 
     116516    13.74      3.557002      0.056927      0.309771       909 
      85036    13.97      3.538545      0.049970      0.309420       909 
     114552    13.99      3.562115      0.044626      0.308826       909 
     242481    14.09      3.558122      0.043661      0.308618       909 
     194790    14.14      3.562760      0.043647      0.307525       909 
     231870    14.32      3.550919      0.049328      0.309529       909 
     226573    14.52      3.560254      0.042691      0.309221       909 
     247400    14.60      3.547581      0.049331      0.308525       909 
     292408    14.61      3.544899      0.058166      0.310090       909 
     301563    14.62      3.554982      0.052208      0.309308       909 
     308576    14.64      3.566887      0.044869      0.308697       909 
     230133    14.65      3.558810      0.043319      0.308573       909 
     316604    14.71      3.544296      0.046120      0.310170       909 
     239735    14.82      3.548905      0.049969      0.307990       909 
     297025    14.83      3.554125      0.051669      0.308677       909 
     365409    14.89      3.557358      0.047891      0.308618       909 
     459736    14.90      3.563388      0.045544      0.307722       909 
     269139    14.94      3.548172      0.057739      0.304675       909 
     404588    14.94      3.524027      0.052218      0.309175       909 
     246778    14.96      3.524198      0.048653      0.306461       909 
     443656    14.99      3.528490      0.052698      0.309373       909 
     488352    15.07      3.565028      0.053825      0.308775       909 
   2013PU72    15.10      3.529872      0.052435      0.308576       909 
     552712    15.11      3.561172      0.050295      0.306999       909 
     395282    15.12      3.566428      0.045551      0.306495       909 
     242942    15.17      3.546397      0.044812      0.309030       909 
     308077    15.17      3.563421      0.043317      0.309719       909 
     310163    15.18      3.532294      0.047265      0.306995       909 
     537103    15.20      3.565571      0.047189      0.308332       909 
     516069    15.21      3.562680      0.053863      0.308432       909 
     301568    15.26      3.552768      0.046844      0.309374       909 
     454593    15.32      3.551173      0.050361      0.308837       909 
     512792    15.34      3.558926      0.049854      0.308064       909 
   2018UP10    15.37      3.563564      0.046673      0.309254       909 
     442500    15.41      3.542602      0.049167      0.308707       909 
     389546    15.42      3.528945      0.047540      0.307022       909 
     483238    15.42      3.536518      0.045547      0.308812       909 
     554521    15.46      3.563569      0.047493      0.308432       909 
  2001DA117    15.46      3.561628      0.048452      0.309382       909 
  2016CS212    15.48      3.561677      0.050414      0.308814       909 
     547240    15.50      3.554779      0.048626      0.309229       909 
   2002DX21    15.54      3.569005      0.034532      0.307923       909 
  2005YD101    15.66      3.549465      0.047650      0.308940       909 
  2009WU294    15.70      3.556912      0.043788      0.309087       909 
     547366    15.73      3.562725      0.055358      0.308221       909 
  2014WM545    15.74      3.562113      0.050399      0.308224       909 
     469563    15.80      3.560822      0.048537      0.309119       909 
   2010BP58    15.87      3.557127      0.050276      0.308975       909 
  2015HM107    15.88      3.537770      0.049047      0.309168       909 
  2007BX112    15.91      3.558255      0.046564      0.308300       909 
     507185    15.93      3.531172      0.047290      0.307959       909 
   2015HL26    15.93      3.524206      0.050353      0.310063       909 
    2006QX8    15.94      3.555714      0.050223      0.310009       909 
   2000JM91    15.96      3.554657      0.049680      0.308028       909 
  2014WG545    15.98      3.545247      0.052516      0.310652       909 
   2015DE62    16.03      3.524337      0.045257      0.306342       909 
  2010BK108    16.05      3.559518      0.050684      0.308847       909 
   2010LB86    16.08      3.560054      0.050956      0.308954       909 
     548718    16.16      3.533796      0.042871      0.307337       909 
  2007TV483    16.17      3.563662      0.050538      0.308740       909 
  2015AN234    16.17      3.563160      0.052519      0.308341       909 
     446587    16.18      3.554984      0.051460      0.308762       909 
   2010KM72    16.18      3.560572      0.041011      0.308978       909 
  2014QA392    16.18      3.522833      0.053060      0.308658       909 
  2010CT233    16.21      3.559905      0.046158      0.309011       909 
  2015BM577    16.21      3.560029      0.048996      0.308513       909 
  2016CY359    16.21      3.531773      0.050380      0.310388       909 
  2007UE110    16.22      3.525981      0.053661      0.309282       909 
     503206    16.24      3.534166      0.055249      0.311918       909 
   2018VM93    16.24      3.562811      0.050336      0.307738       909 
     601744    16.28      3.562751      0.048397      0.307884       909 
  2005UE551    16.28      3.522156      0.052017      0.309505       909 
  2010KC132    16.29      3.559154      0.049526      0.307953       909 
  2008UL397    16.30      3.547284      0.052627      0.309541       909 
   2015CA79    16.34      3.560679      0.053079      0.309849       909 
   2010AT86    16.35      3.555412      0.046697      0.308828       909 
   2015XX48    16.36      3.568704      0.050022      0.307489       909 
   2007YH90    16.37      3.550766      0.037769      0.307709       909 
   2012UN42    16.39      3.524210      0.058385      0.311868       909 
   2020QX54    16.43      3.550505      0.045028      0.309311       909 
   2019SR59    16.45      3.530378      0.043717      0.306056       909 
   2012QS34    16.48      3.529404      0.046169      0.308453       909 
   2022GM13    16.49      3.541418      0.052252      0.306742       909 
  2014WU375    16.52      3.529402      0.049709      0.310345       909 
   2018SB22    16.53      3.540891      0.049242      0.310805       909 
   2019UP66    16.53      3.565310      0.056535      0.307932       909 
  2010NT128    16.57      3.539977      0.048717      0.310265       909 
   2019AN89    16.64      3.559234      0.052674      0.309004       909 
  2015DD276    16.64      3.524196      0.044071      0.306011       909 
  2013TR225    16.68      3.554549      0.062456      0.311951       909 
  2012TT343    16.71      3.564989      0.048135      0.310219       909 
  2008SS358    16.80      3.549683      0.036748      0.308254       909 
  2016EC290    16.95      3.564776      0.048557      0.310624       909 
