        968    10.22      2.867268      0.165757      0.212821       918 
        918    10.64      2.865841      0.158739      0.213616       918 
       1067    10.77      2.870949      0.157719      0.206390       918 
       4224    11.34      2.916181      0.161718      0.207139       918 
       5358    11.56      2.857309      0.159288      0.210409       918 
       3787    11.57      2.850449      0.161355      0.211379       918 
       4119    11.68      2.884165      0.163197      0.212443       918 
       7485    12.01      2.861712      0.160392      0.211823       918 
       4566    12.23      2.835456      0.161969      0.210390       918 
      42299    13.01      2.852150      0.156346      0.212423       918 
      17596    13.07      2.860709      0.152722      0.211386       918 
      49624    13.14      2.866317      0.152462      0.210588       918 
      21529    13.20      2.880966      0.166283      0.209156       918 
      30449    13.26      2.836136      0.163761      0.213228       918 
      53466    13.35      2.864276      0.165913      0.211954       918 
      51216    13.39      2.868496      0.159086      0.214785       918 
      23988    13.45      2.858183      0.155677      0.211278       918 
      62112    13.71      2.900407      0.150605      0.212468       918 
      63078    13.74      2.887933      0.152640      0.210186       918 
      34536    13.76      2.852293      0.155337      0.208781       918 
      12676    13.88      2.893732      0.168013      0.210403       918 
     115517    13.91      2.857359      0.153385      0.212570       918 
      36494    13.92      2.863251      0.158351      0.208861       918 
      46232    13.92      2.882562      0.147724      0.209150       918 
      83678    14.18      2.883462      0.156270      0.210947       918 
      26056    14.24      2.865873      0.154981      0.204329       918 
      74489    14.26      2.836663      0.157227      0.204384       918 
      86026    14.53      2.873954      0.154087      0.209234       918 
     115966    14.57      2.889849      0.171647      0.216503       918 
     123396    14.63      2.851747      0.163989      0.212062       918 
     156657    14.76      2.891643      0.144203      0.212848       918 
     128580    14.77      2.942566      0.158443      0.208032       918 
     126937    14.86      2.840573      0.165228      0.208090       918 
      66021    14.93      2.908365      0.152960      0.210689       918 
     134808    14.97      2.844611      0.164098      0.211478       918 
     169944    15.00      2.915717      0.158058      0.209469       918 
     164769    15.01      2.851569      0.161011      0.211439       918 
     123504    15.06      2.889942      0.157735      0.212432       918 
     161679    15.11      2.885253      0.163472      0.209081       918 
     146869    15.14      2.889130      0.160973      0.211317       918 
     231791    15.21      2.889799      0.157428      0.215382       918 
     223809    15.22      2.838121      0.159192      0.209229       918 
     105715    15.24      2.842272      0.159054      0.206985       918 
     127444    15.25      2.879179      0.156628      0.210740       918 
     191350    15.28      2.944533      0.157420      0.209263       918 
     338325    15.34      2.902705      0.160661      0.212267       918 
     190463    15.36      2.887929      0.157724      0.208094       918 
     154586    15.51      2.839353      0.163041      0.204754       918 
     211415    15.51      2.899850      0.155071      0.208622       918 
     244952    15.60      2.901920      0.156614      0.203945       918 
     222144    15.64      2.866314      0.161265      0.207962       918 
     209857    15.66      2.863959      0.158212      0.210416       918 
     285516    15.75      2.845601      0.165015      0.205914       918 
     300728    15.77      2.858231      0.155833      0.210242       918 
     244502    15.80      2.842878      0.163667      0.203654       918 
     214022    15.82      2.868518      0.160967      0.209719       918 
     222883    15.85      2.877464      0.157061      0.203394       918 
     249508    15.86      2.843595      0.165555      0.209234       918 
     372739    15.98      2.901687      0.161713      0.208844       918 
     304384    16.00      2.875562      0.144459      0.210975       918 
     353797    16.01      2.833866      0.157259      0.207388       918 
     373390    16.04      2.850248      0.166742      0.203656       918 
     261041    16.12      2.897044      0.153041      0.210365       918 
     565539    16.21      2.849271      0.161438      0.211355       918 
     363623    16.22      2.897300      0.171087      0.220221       918 
     289558    16.24      2.879980      0.142843      0.212167       918 
     265358    16.26      2.894385      0.170351      0.220814       918 
     399024    16.31      2.921771      0.155498      0.210688       918 
     488745    16.34      2.877762      0.143671      0.215755       918 
     554161    16.38      2.927775      0.157693      0.207083       918 
     263972    16.41      2.900370      0.154293      0.208677       918 
   2006EM43    16.45      2.872688      0.157275      0.219575       918 
     303661    16.52      2.879213      0.141592      0.215677       918 
     488618    16.56      2.869941      0.153793      0.208388       918 
     443494    16.62      2.858241      0.159446      0.207189       918 
     483754    16.64      2.897261      0.169321      0.224511       918 
     431204    16.65      2.889308      0.171127      0.214194       918 
     570341    16.65      2.849426      0.161501      0.211333       918 
     386740    16.71      2.883766      0.158287      0.205925       918 
     349187    16.73      2.858983      0.164098      0.213444       918 
     384548    16.74      2.868213      0.155847      0.210318       918 
     532766    16.75      2.901169      0.158432      0.208956       918 
     595879    16.75      2.866605      0.162094      0.207535       918 
     614309    16.75      2.889542      0.160334      0.211062       918 
  2007TH329    16.82      2.863162      0.153353      0.212329       918 
     467879    16.83      2.862622      0.158889      0.210996       918 
   2016LN75    16.88      2.919879      0.161096      0.205432       918 
  2014WZ430    16.91      2.850009      0.160688      0.211695       918 
     496248    16.95      2.886734      0.141778      0.209572       918 
     483613    16.96      2.867045      0.164760      0.215288       918 
     607550    16.96      2.847942      0.161594      0.211300       918 
     364999    17.00      2.879420      0.166296      0.210562       918 
   2007GD62    17.01      2.860966      0.154106      0.202339       918 
     537586    17.02      2.865065      0.159721      0.207697       918 
   2014QV21    17.10      2.888266      0.161877      0.205994       918 
     450718    17.12      2.915945      0.161254      0.207038       918 
     557209    17.13      2.861927      0.152054      0.200852       918 
   2015BJ73    17.14      2.864166      0.155310      0.207274       918 
     576485    17.15      2.901603      0.166353      0.210559       918 
     581396    17.15      2.887610      0.174130      0.218531       918 
     541227    17.16      2.865705      0.158193      0.217720       918 
   2005XN65    17.17      2.877896      0.157773      0.200069       918 
   2010WA11    17.19      2.890730      0.146920      0.212016       918 
     554633    17.24      2.870161      0.162146      0.208021       918 
   2015XU51    17.37      2.896852      0.156385      0.207450       918 
  2015KM146    17.41      2.869530      0.145606      0.213298       918 
     508449    17.42      2.897122      0.164168      0.210472       918 
  2007VJ313    17.44      2.860041      0.157470      0.206725       918 
   2008UC71    17.46      2.909735      0.161395      0.208819       918 
     563247    17.51      2.903193      0.169213      0.210450       918 
   2016VV58    17.51      2.884079      0.149385      0.210205       918 
  2011US132    17.51      2.891994      0.162346      0.209591       918 
  2016UE249    17.51      2.875017      0.144939      0.214308       918 
    2012GS8    17.52      2.871435      0.155670      0.211130       918 
  2016AY296    17.55      2.847455      0.161703      0.211279       918 
   2013PR91    17.56      2.836250      0.164450      0.207820       918 
   2013QM33    17.59      2.889709      0.149341      0.211311       918 
  2007VC210    17.59      2.878771      0.158952      0.206651       918 
   2003NU14    17.62      2.861318      0.155188      0.208900       918 
    2020EQ1    17.64      2.894296      0.159789      0.208912       918 
     537294    17.65      2.841945      0.155787      0.202226       918 
  2007VS344    17.67      2.847291      0.155603      0.210707       918 
  2012UB108    17.67      2.863126      0.161340      0.208226       918 
  2016QA136    17.69      2.892635      0.156561      0.206173       918 
   2015XX92    17.70      2.934804      0.159369      0.204916       918 
   2019AH72    17.79      2.839515      0.161819      0.207883       918 
   2022BL17    17.79      2.889453      0.144845      0.210325       918 
  2016TH185    17.79      2.896714      0.167932      0.221513       918 
   2017OY69    17.80      2.891332      0.168168      0.213659       918 
  2015KA232    17.80      2.872247      0.159669      0.220585       918 
   2018BA33    17.81      2.875700      0.161106      0.211273       918 
   2020BG36    17.83      2.849153      0.161848      0.209045       918 
  2016CO334    17.84      2.855826      0.162055      0.211926       918 
  2021PX112    17.84      2.848413      0.160605      0.209697       918 
    2013SK8    17.86      2.931220      0.161105      0.207636       918 
   2006KO84    17.88      2.931043      0.155728      0.208219       918 
   2021NT18    17.89      2.845496      0.157516      0.210124       918 
  2014OE122    17.91      2.891478      0.167618      0.223297       918 
  2014WR254    17.91      2.902259      0.175395      0.220522       918 
  2016PD218    17.91      2.884083      0.153704      0.209991       918 
  2020RY127    17.91      2.848458      0.161804      0.211320       918 
  2016CN175    17.93      2.910121      0.159380      0.210053       918 
   2016DM41    17.95      2.869559      0.166459      0.211544       918 
   2015HV85    17.97      2.886150      0.163327      0.210613       918 
  2014QW506    17.97      2.901848      0.177821      0.220264       918 
   2019TM17    17.99      2.842779      0.158655      0.212074       918 
  2003WT211    17.99      2.853023      0.162249      0.211138       918 
  2015US101    17.99      2.848462      0.161010      0.211605       918 
  2016AP362    18.07      2.861736      0.158540      0.208827       918 
   2014EG75    18.09      2.861852      0.161905      0.210771       918 
  2006VD146    18.10      2.848030      0.161068      0.211282       918 
   2017AM52    18.12      2.847183      0.159871      0.211256       918 
  2006DZ123    18.14      2.889707      0.169605      0.224121       918 
   2019RM54    18.17      2.852337      0.161922      0.207957       918 
  2017BB202    18.17      2.879903      0.160241      0.205487       918 
   2015VU10    18.24      2.938145      0.158174      0.206572       918 
  2014SM244    18.25      2.836389      0.161181      0.211106       918 
   2015XF43    18.28      2.929148      0.154162      0.208451       918 
  2010RD211    18.32      2.895370      0.174159      0.219222       918 
