       9506    13.03      2.993270      0.066577      0.153663      9506 
      17159    13.16      2.986190      0.063057      0.151189      9506 
      17768    13.37      2.996111      0.068680      0.153071      9506 
      20666    13.48      2.988397      0.067769      0.153237      9506 
      30408    13.52      2.994418      0.064922      0.151282      9506 
      33749    13.53      2.985111      0.063468      0.149072      9506 
      33731    13.55      2.983926      0.062792      0.151311      9506 
      13038    13.56      2.983341      0.064489      0.150090      9506 
      52004    13.61      2.982028      0.066111      0.152449      9506 
      29888    13.74      2.999902      0.060463      0.149974      9506 
      47851    13.84      2.990163      0.061628      0.151066      9506 
      45318    13.91      2.993044      0.067200      0.152667      9506 
      40688    13.92      2.982748      0.064151      0.152117      9506 
      57385    13.99      2.998484      0.069042      0.153108      9506 
      55083    14.02      2.990590      0.061320      0.151495      9506 
      42371    14.03      2.992698      0.064061      0.152307      9506 
      38300    14.04      2.989770      0.062732      0.149658      9506 
     104160    14.04      2.992801      0.062794      0.151519      9506 
      47082    14.07      2.982697      0.066751      0.153458      9506 
      42096    14.09      2.989127      0.067087      0.151016      9506 
      43206    14.16      2.990164      0.064543      0.150102      9506 
      76553    14.17      2.993431      0.062658      0.151188      9506 
      12203    14.19      2.981615      0.067011      0.152399      9506 
      34531    14.20      2.994412      0.065132      0.152702      9506 
      41137    14.20      2.993506      0.060965      0.152651      9506 
      55923    14.21      2.999180      0.061517      0.149701      9506 
      32809    14.22      2.993111      0.064004      0.150277      9506 
      42314    14.23      2.988611      0.067438      0.151546      9506 
      29711    14.26      2.982228      0.062836      0.151005      9506 
      82005    14.26      2.996870      0.073425      0.155395      9506 
      55925    14.32      2.992686      0.065534      0.153073      9506 
      30627    14.33      2.985655      0.064544      0.152021      9506 
      42087    14.37      2.996899      0.065910      0.151233      9506 
     126981    14.43      2.985865      0.065052      0.152477      9506 
      78830    14.44      2.986029      0.064266      0.152660      9506 
     157849    14.44      2.991368      0.066620      0.151449      9506 
      46495    14.48      2.987967      0.061841      0.152906      9506 
      34558    14.57      2.978439      0.063920      0.151595      9506 
      69921    14.59      2.985975      0.064535      0.151829      9506 
      62724    14.63      2.996824      0.064107      0.154298      9506 
     121643    14.63      3.000041      0.069902      0.152447      9506 
      78575    14.64      2.988248      0.065835      0.150297      9506 
      91683    14.65      2.999130      0.063113      0.151118      9506 
      68540    14.66      3.000564      0.063716      0.151179      9506 
      81979    14.66      3.000532      0.063129      0.151023      9506 
     105897    14.68      2.999380      0.068054      0.152884      9506 
      57845    14.69      2.995651      0.072279      0.154885      9506 
      72808    14.70      2.977402      0.062539      0.151192      9506 
      73635    14.70      2.985843      0.064637      0.152155      9506 
      61802    14.71      3.000985      0.065375      0.151174      9506 
     140672    14.71      3.001729      0.063745      0.151640      9506 
      86282    14.72      2.989892      0.068330      0.153071      9506 
     104280    14.72      2.994233      0.064553      0.152552      9506 
      62817    14.77      2.988638      0.062562      0.150457      9506 
     104944    14.79      2.987136      0.069932      0.152656      9506 
     140011    14.82      2.988726      0.060208      0.150291      9506 
     189875    14.82      2.995328      0.062803      0.152875      9506 
     141009    14.84      2.988577      0.068387      0.154883      9506 
     109270    14.86      2.984729      0.065226      0.151234      9506 
     163578    14.86      2.999871      0.072878      0.154550      9506 
     106141    14.88      2.986860      0.070897      0.152322      9506 
     166643    14.89      2.996070      0.064085      0.151735      9506 
     115591    14.90      2.995590      0.062027      0.151555      9506 
     128034    14.91      2.995650      0.064210      0.150751      9506 
     166640    14.91      2.983871      0.065211      0.152059      9506 
     163422    14.92      3.000056      0.066868      0.149913      9506 
     140342    14.93      2.998724      0.064109      0.151454      9506 
     128241    14.95      2.997000      0.064881      0.152828      9506 
     141067    14.95      2.976401      0.064325      0.151451      9506 
     104126    14.96      2.977748      0.064000      0.152693      9506 
     146849    14.98      3.003133      0.070991      0.152085      9506 
     114013    14.99      2.998735      0.072499      0.153599      9506 
     156608    14.99      2.986124      0.063669      0.150191      9506 
     170541    14.99      2.991994      0.064105      0.152404      9506 
     167960    15.00      2.996156      0.059510      0.150843      9506 
     217717    15.00      2.999316      0.074519      0.155940      9506 
     104690    15.01      2.974241      0.063015      0.152157      9506 
      84432    15.02      2.981292      0.065755      0.151275      9506 
     140792    15.02      3.003909      0.068335      0.151446      9506 
     189933    15.03      2.995905      0.063376      0.151814      9506 
     201327    15.03      2.985337      0.068043      0.151883      9506 
     141256    15.04      2.995271      0.068146      0.150647      9506 
     109842    15.06      2.990664      0.064132      0.149024      9506 
     135168    15.06      2.998134      0.060743      0.152269      9506 
     140371    15.07      2.998892      0.071430      0.151554      9506 
     105416    15.09      3.002821      0.066039      0.151205      9506 
     164145    15.09      3.002585      0.070052      0.154166      9506 
     255312    15.09      2.993183      0.067023      0.150507      9506 
     134997    15.11      2.993749      0.066657      0.151021      9506 
     201697    15.13      2.983456      0.063952      0.151169      9506 
     103586    15.14      2.998370      0.066346      0.151646      9506 
     199746    15.14      2.984650      0.066354      0.150884      9506 
     164167    15.15      2.991904      0.065501      0.151004      9506 
     223872    15.16      3.002238      0.067019      0.151714      9506 
     218409    15.18      2.990749      0.064840      0.151281      9506 
     116213    15.19      3.000867      0.061667      0.152455      9506 
     164390    15.19      3.000476      0.066355      0.149794      9506 
     154888    15.23      2.994188      0.065395      0.151263      9506 
     104040    15.24      2.984841      0.062285      0.152470      9506 
     310330    15.26      2.981118      0.068316      0.151518      9506 
      76132    15.27      3.002361      0.069242      0.155815      9506 
     149092    15.29      2.994592      0.062727      0.150940      9506 
     182763    15.29      2.997759      0.068858      0.149934      9506 
     195861    15.29      2.984306      0.067811      0.154361      9506 
     148380    15.32      2.998083      0.067073      0.152342      9506 
     244612    15.34      2.986630      0.066651      0.153900      9506 
     159102    15.35      2.987049      0.068402      0.154054      9506 
     161884    15.35      3.000330      0.066489      0.151543      9506 
     265903    15.36      2.985556      0.070234      0.153027      9506 
     154883    15.39      2.994365      0.064405      0.152132      9506 
     220699    15.39      2.998155      0.064231      0.152504      9506 
     133944    15.40      2.979489      0.064738      0.154137      9506 
     241354    15.40      2.987691      0.059727      0.150641      9506 
     205479    15.43      2.993698      0.068379      0.153590      9506 
     233628    15.44      3.000121      0.070812      0.151836      9506 
     282936    15.44      2.985963      0.067360      0.152859      9506 
     247083    15.45      2.995239      0.060918      0.150592      9506 
     191398    15.46      2.987025      0.071054      0.153827      9506 
     208402    15.46      2.999690      0.063423      0.151833      9506 
     290783    15.46      2.983490      0.066294      0.150266      9506 
     155530    15.47      3.001243      0.070557      0.153073      9506 
     178171    15.47      2.991378      0.063570      0.152016      9506 
     192990    15.48      2.994377      0.065445      0.153509      9506 
     201409    15.50      2.992457      0.065612      0.149734      9506 
     389236    15.51      2.986008      0.069160      0.153876      9506 
     243005    15.52      2.987639      0.067225      0.153246      9506 
     272544    15.53      2.995676      0.067256      0.150641      9506 
     154140    15.54      2.992618      0.069528      0.151841      9506 
     184523    15.54      2.985509      0.060728      0.150004      9506 
     136304    15.56      2.982304      0.066294      0.151181      9506 
     324275    15.56      3.004073      0.072008      0.154186      9506 
     209893    15.57      2.988258      0.060929      0.151992      9506 
     251716    15.58      2.999993      0.070198      0.153246      9506 
     163479    15.59      3.001511      0.068277      0.151278      9506 
     203049    15.59      2.996958      0.064434      0.154106      9506 
     196650    15.60      2.987473      0.063836      0.153137      9506 
     210380    15.61      2.997428      0.070705      0.154406      9506 
     195754    15.63      2.983386      0.066821      0.151940      9506 
     291841    15.63      2.993727      0.067297      0.152049      9506 
     322172    15.66      3.004266      0.064422      0.153315      9506 
     281576    15.67      2.993037      0.067642      0.152924      9506 
     243985    15.69      2.996099      0.068119      0.150651      9506 
     321595    15.69      2.981090      0.066099      0.151087      9506 
     179346    15.70      2.988645      0.072058      0.154789      9506 
     201872    15.71      2.981811      0.065658      0.153214      9506 
     304382    15.71      2.997412      0.070918      0.152973      9506 
     230127    15.72      2.979586      0.066436      0.151226      9506 
     295214    15.72      2.997367      0.059684      0.150415      9506 
     341538    15.73      2.996452      0.066856      0.150483      9506 
     270662    15.74      2.997613      0.067216      0.153004      9506 
     387422    15.74      2.997392      0.065401      0.151463      9506 
     363250    15.75      2.986268      0.066203      0.152794      9506 
     234787    15.76      2.997535      0.068978      0.152909      9506 
     216252    15.77      2.990410      0.059297      0.150928      9506 
     160212    15.78      2.991347      0.065149      0.152139      9506 
     292961    15.79      3.000370      0.067828      0.149754      9506 
     350440    15.79      2.998515      0.073552      0.153579      9506 
     372205    15.79      2.993568      0.066926      0.151810      9506 
     281664    15.80      2.997665      0.064787      0.151319      9506 
     331964    15.80      2.987529      0.063392      0.152680      9506 
     390158    15.81      3.001895      0.065624      0.149704      9506 
     255253    15.82      2.982772      0.064792      0.151085      9506 
     349481    15.85      2.986676      0.068130      0.153807      9506 
     437157    15.85      3.000461      0.061677      0.151260      9506 
     274436    15.86      2.997984      0.062384      0.150620      9506 
     609085    15.86      2.990328      0.064890      0.151133      9506 
     251522    15.87      2.996560      0.062285      0.151544      9506 
     221678    15.90      2.979050      0.067943      0.152262      9506 
     249757    15.90      2.980788      0.062384      0.151223      9506 
     577015    15.90      2.994410      0.064898      0.150493      9506 
     310489    15.91      2.988427      0.063247      0.151542      9506 
     216453    15.94      2.987804      0.066482      0.152593      9506 
     240760    15.95      2.997135      0.071464      0.152455      9506 
     424269    15.95      2.980899      0.063905      0.152559      9506 
     312671    15.96      3.001785      0.067136      0.153184      9506 
     184681    15.97      2.994464      0.072970      0.153492      9506 
     290282    15.97      2.990353      0.060455      0.151826      9506 
     210922    15.98      2.990690      0.061912      0.152645      9506 
     226395    15.98      2.996793      0.073872      0.155774      9506 
     219219    16.00      2.998533      0.064242      0.150589      9506 
     319995    16.00      3.001530      0.063780      0.150883      9506 
     505054    16.01      2.991362      0.064544      0.152709      9506 
     387199    16.03      3.002392      0.069184      0.150387      9506 
     278676    16.04      2.995477      0.065566      0.150047      9506 
     570445    16.04      2.999967      0.071621      0.151875      9506 
     256814    16.05      2.990801      0.064453      0.151919      9506 
     360672    16.05      2.999373      0.063360      0.152497      9506 
     439684    16.05      2.984573      0.065023      0.152182      9506 
     323506    16.07      2.987162      0.064078      0.151805      9506 
   2011BC50    16.07      2.999010      0.064760      0.151195      9506 
     401403    16.08      2.992660      0.065250      0.151098      9506 
     320136    16.09      2.987673      0.067012      0.150578      9506 
     399010    16.09      3.000951      0.067092      0.152161      9506 
     398955    16.12      2.995277      0.063922      0.151103      9506 
     367865    16.13      2.998163      0.064956      0.151100      9506 
     594481    16.13      2.998718      0.060783      0.150763      9506 
     327980    16.16      2.996973      0.065387      0.151365      9506 
     518582    16.17      3.002522      0.069155      0.152213      9506 
   2014TQ61    16.17      2.998546      0.059694      0.152814      9506 
     400953    16.18      2.978673      0.066205      0.151678      9506 
     426988    16.18      2.980658      0.065898      0.152492      9506 
     494097    16.18      2.995142      0.064745      0.150907      9506 
     384587    16.19      2.990592      0.065214      0.151411      9506 
     310118    16.20      2.984477      0.063901      0.149447      9506 
     333896    16.22      2.997355      0.066354      0.149325      9506 
     334556    16.22      3.001764      0.065692      0.152070      9506 
     282447    16.23      2.978029      0.063854      0.151172      9506 
     325532    16.23      2.992481      0.059797      0.151274      9506 
     348840    16.23      3.008047      0.067124      0.152715      9506 
     471840    16.23      3.006143      0.072046      0.153447      9506 
     365627    16.24      2.983113      0.064225      0.150188      9506 
     412782    16.24      3.005680      0.072830      0.154443      9506 
     557249    16.25      3.005864      0.061159      0.151711      9506 
     369862    16.26      2.990293      0.067623      0.150851      9506 
     312389    16.29      2.981311      0.061880      0.151269      9506 
    2017TF7    16.29      3.001994      0.060599      0.151321      9506 
     496261    16.30      3.003274      0.069536      0.154190      9506 
     563779    16.30      3.001324      0.069530      0.151761      9506 
     530657    16.31      2.991340      0.071310      0.154795      9506 
     479069    16.34      3.002506      0.062946      0.152352      9506 
     458451    16.35      2.996093      0.064083      0.152284      9506 
   2012FP59    16.36      2.991896      0.066914      0.149354      9506 
     396519    16.38      2.983507      0.068277      0.152770      9506 
     556424    16.39      3.000447      0.069914      0.154472      9506 
     360884    16.40      2.994442      0.070381      0.151604      9506 
     322047    16.41      2.991377      0.067577      0.152138      9506 
     389976    16.41      3.003007      0.070127      0.155315      9506 
     466866    16.42      3.001912      0.068097      0.150681      9506 
   2015AX32    16.42      2.994786      0.067283      0.150705      9506 
     463777    16.43      2.980284      0.065758      0.152512      9506 
     558327    16.43      3.000955      0.068087      0.152061      9506 
     436831    16.44      2.988375      0.070456      0.154377      9506 
     473196    16.44      3.004944      0.066089      0.150373      9506 
     523115    16.44      3.010729      0.067628      0.152046      9506 
  2014UA237    16.44      3.000396      0.060930      0.151732      9506 
     467267    16.45      2.986029      0.064913      0.149280      9506 
  2009BS132    16.45      3.008454      0.067699      0.154683      9506 
     261469    16.46      2.976391      0.063126      0.152599      9506 
     388699    16.46      3.003192      0.072150      0.154340      9506 
     419089    16.48      3.003114      0.066633      0.152296      9506 
     459287    16.48      3.002831      0.066171      0.153060      9506 
     517274    16.48      2.986124      0.058834      0.150255      9506 
     525746    16.51      2.990705      0.060017      0.150799      9506 
   2016TG13    16.52      2.982654      0.058628      0.150709      9506 
     424901    16.59      3.000096      0.064649      0.152548      9506 
     525456    16.61      2.980932      0.066754      0.149891      9506 
     577110    16.61      2.992497      0.067378      0.154011      9506 
     602638    16.61      2.993845      0.064055      0.150824      9506 
   2011AH41    16.62      3.003160      0.064379      0.152607      9506 
     520608    16.66      3.000966      0.070277      0.152346      9506 
     572270    16.67      3.000400      0.066707      0.150540      9506 
     519252    16.68      3.008346      0.068182      0.154974      9506 
     416681    16.70      2.992310      0.065226      0.154217      9506 
     573493    16.70      2.991387      0.064019      0.153167      9506 
   2003WD53    16.74      3.005104      0.070958      0.152360      9506 
     560319    16.77      2.999961      0.065267      0.151885      9506 
     590995    16.82      2.981351      0.063494      0.150728      9506 
   2017DG67    16.82      2.987669      0.069108      0.151457      9506 
     526667    16.85      3.000328      0.074392      0.156000      9506 
  2009BT208    16.85      2.998986      0.062472      0.153612      9506 
     433689    16.88      2.998908      0.064593      0.151798      9506 
   2014FY25    16.89      2.998817      0.062998      0.153710      9506 
     493509    16.90      2.992376      0.065228      0.151862      9506 
     495427    16.90      2.999419      0.071701      0.153478      9506 
     447241    16.91      2.982947      0.069275      0.151390      9506 
     447278    16.91      3.002620      0.061828      0.151447      9506 
     471418    16.91      3.008910      0.067578      0.155624      9506 
     530479    16.91      3.002949      0.063969      0.153123      9506 
   2015AW61    16.92      2.996174      0.060016      0.152512      9506 
     512018    16.93      2.981002      0.066695      0.151996      9506 
     394653    16.94      2.985584      0.070018      0.151070      9506 
     399352    16.94      2.982508      0.068874      0.150943      9506 
     558728    16.95      2.981263      0.064671      0.151492      9506 
   2014SN79    16.95      2.988116      0.067036      0.151596      9506 
     523926    16.96      2.988493      0.070500      0.154827      9506 
     408780    16.98      3.004267      0.065545      0.152781      9506 
     487902    16.99      2.981799      0.065079      0.153619      9506 
   2014GQ74    16.99      2.981386      0.062341      0.150740      9506 
     610332    17.00      2.987573      0.069576      0.153671      9506 
     578733    17.02      2.986052      0.064226      0.151413      9506 
   2007YR25    17.02      2.987123      0.070871      0.152308      9506 
  2007TN461    17.04      3.001167      0.066192      0.151574      9506 
   2011EU58    17.05      2.992627      0.066219      0.154570      9506 
     487057    17.06      2.994980      0.067193      0.152022      9506 
     535575    17.06      2.988322      0.069289      0.154507      9506 
   2009VC53    17.06      2.991576      0.068263      0.153724      9506 
     502318    17.07      2.983711      0.061577      0.150739      9506 
     571885    17.07      3.001814      0.066253      0.151868      9506 
   2014JY38    17.07      2.987513      0.063540      0.149335      9506 
     477997    17.09      3.003750      0.066826      0.151368      9506 
     554134    17.12      3.005203      0.068744      0.154688      9506 
   2011SA56    17.13      2.997777      0.062136      0.151107      9506 
     602428    17.15      2.985763      0.067405      0.153413      9506 
     599932    17.16      2.994815      0.072415      0.155066      9506 
   2014NK58    17.16      2.997951      0.073403      0.155022      9506 
     606012    17.17      2.989173      0.065298      0.151546      9506 
  2011SA326    17.18      2.985517      0.065694      0.149349      9506 
  2007UZ144    17.19      2.991010      0.060390      0.150267      9506 
   2019UH34    17.20      2.994733      0.068178      0.153129      9506 
     521804    17.22      2.999499      0.062300      0.151988      9506 
     588103    17.23      3.005351      0.071447      0.152595      9506 
   2011YC92    17.23      2.994806      0.069481      0.152222      9506 
   2008VU99    17.25      2.999627      0.069320      0.152912      9506 
  2007TN207    17.25      2.994618      0.067359      0.153246      9506 
     559760    17.26      2.996046      0.059278      0.149717      9506 
   2016BJ96    17.27      2.983056      0.063006      0.151770      9506 
     581335    17.32      2.992941      0.063912      0.154671      9506 
   2010SE60    17.34      2.999833      0.062860      0.152526      9506 
  2016NF115    17.36      2.992025      0.066577      0.153179      9506 
     578754    17.38      2.982602      0.068333      0.152155      9506 
   2010LG52    17.38      2.990555      0.060756      0.151828      9506 
   2016EU96    17.39      2.991369      0.068145      0.153648      9506 
  2004RL172    17.39      2.985986      0.067671      0.153237      9506 
     614161    17.42      2.990464      0.061907      0.150159      9506 
  2007RN114    17.43      2.991823      0.066452      0.151720      9506 
   2008XW67    17.47      3.001149      0.066511      0.150850      9506 
   2015CP77    17.50      3.006870      0.072223      0.154024      9506 
   2020HC92    17.50      2.985761      0.064723      0.153221      9506 
   2010LF71    17.51      2.992970      0.063722      0.154146      9506 
    2018LF2    17.52      2.984499      0.062393      0.152848      9506 
  2015OT134    17.54      3.005503      0.066887      0.152359      9506 
     604545    17.58      3.003284      0.070186      0.154117      9506 
   2000OY73    17.58      3.002053      0.066668      0.151229      9506 
   2017ON26    17.58      2.998168      0.071075      0.152125      9506 
   2019JR71    17.58      3.000530      0.068731      0.151538      9506 
   2021TR86    17.58      3.000414      0.070794      0.151827      9506 
  2008YD131    17.58      2.984483      0.061483      0.152483      9506 
  2010TQ117    17.60      2.988783      0.063279      0.149376      9506 
   2020MQ41    17.66      3.003979      0.065764      0.150458      9506 
  2015MZ165    17.67      2.979306      0.063328      0.150847      9506 
  2016PL110    17.67      2.999340      0.070156      0.153601      9506 
   2019TZ67    17.69      2.980641      0.059348      0.150832      9506 
   2020OF37    17.70      2.980358      0.062554      0.152209      9506 
  2011SZ338    17.74      2.982914      0.064412      0.154454      9506 
  2014SK394    17.75      2.994832      0.071108      0.152560      9506 
   2018BA31    17.80      2.985627      0.068775      0.150978      9506 
    2021FX4    17.86      2.987087      0.064064      0.152173      9506 
   2018PJ52    17.86      2.985495      0.061300      0.150994      9506 
   2021PJ77    17.92      2.977538      0.064027      0.150610      9506 
   2013HN67    17.94      2.985115      0.059695      0.150229      9506 
  2015HA235    17.99      2.981634      0.065429      0.153193      9506 
