         96     7.79      3.052067      0.184447      0.285137        96 
      24388    12.06      3.044786      0.184302      0.284838        96 
      40223    13.20      3.047033      0.185310      0.286476        96 
      29961    13.22      3.066066      0.185897      0.284759        96 
      79503    13.23      3.039835      0.183805      0.284307        96 
      29579    13.30      3.062506      0.180120      0.285105        96 
      56304    13.31      3.037623      0.183637      0.285461        96 
      76648    13.40      3.067703      0.183034      0.284406        96 
      51496    13.55      3.063101      0.183434      0.284877        96 
      24745    13.56      3.042604      0.184044      0.283319        96 
      62733    13.56      3.054872      0.184437      0.285936        96 
      82456    13.56      3.066451      0.183720      0.286840        96 
      38903    13.65      3.061158      0.183579      0.285538        96 
      41991    13.69      3.069335      0.182354      0.281783        96 
      59788    13.69      3.042036      0.187669      0.285118        96 
      67178    13.70      3.060042      0.183598      0.284876        96 
      25921    13.75      3.037554      0.186438      0.284523        96 
      27938    13.76      3.057397      0.184699      0.285966        96 
      93475    13.83      3.058191      0.186959      0.285903        96 
      50963    13.90      3.049577      0.186355      0.286876        96 
      63410    13.90      3.063038      0.181227      0.288949        96 
      83965    13.90      3.058409      0.184790      0.286195        96 
     106146    13.91      3.049722      0.183688      0.285231        96 
     108777    13.91      3.040499      0.184210      0.285811        96 
      68316    13.93      3.061515      0.184670      0.285309        96 
     109498    13.94      3.069412      0.183083      0.287929        96 
     121656    13.95      3.040848      0.185029      0.283403        96 
      57958    13.98      3.057129      0.181330      0.281633        96 
      69959    13.98      3.047656      0.183985      0.285040        96 
      62026    13.99      3.066430      0.186326      0.280671        96 
      66927    14.01      3.066188      0.186181      0.285769        96 
     116617    14.12      3.056723      0.185167      0.284631        96 
      92121    14.13      3.051877      0.184112      0.285606        96 
     155848    14.13      3.047182      0.184932      0.284340        96 
      65266    14.16      3.060858      0.185471      0.284116        96 
     111006    14.16      3.044959      0.186716      0.282250        96 
     135340    14.16      3.059487      0.184687      0.285103        96 
      86044    14.18      3.062321      0.190680      0.287977        96 
      58893    14.22      3.044689      0.184895      0.283932        96 
      72673    14.22      3.061143      0.185976      0.290212        96 
     164402    14.25      3.065073      0.184595      0.285032        96 
      99974    14.28      3.056786      0.182093      0.282284        96 
      87672    14.32      3.059953      0.184292      0.283335        96 
      96580    14.32      3.036783      0.186368      0.286044        96 
      95358    14.35      3.036482      0.186146      0.285507        96 
      77930    14.38      3.054102      0.184104      0.284838        96 
     104785    14.40      3.067891      0.186778      0.286811        96 
     203816    14.45      3.058086      0.181551      0.286688        96 
     105115    14.52      3.066196      0.184546      0.281737        96 
     121808    14.52      3.059956      0.186141      0.285168        96 
     111125    14.56      3.054849      0.185499      0.284900        96 
     220838    14.56      3.061152      0.185301      0.285632        96 
     153270    14.59      3.068970      0.181188      0.284880        96 
     167951    14.61      3.046420      0.183249      0.285086        96 
     161842    14.66      3.047980      0.185480      0.285411        96 
     249480    14.66      3.056808      0.184756      0.286850        96 
     195646    14.69      3.046304      0.189858      0.287272        96 
     246384    14.73      3.060357      0.185258      0.286659        96 
     206293    14.74      3.068686      0.180889      0.284379        96 
     167600    14.75      3.044067      0.185677      0.285158        96 
     189162    14.79      3.054322      0.183972      0.284339        96 
     149159    14.85      3.051924      0.182875      0.282967        96 
     241731    14.87      3.063308      0.184053      0.286960        96 
     175802    14.91      3.069560      0.187947      0.283643        96 
     140957    14.92      3.065749      0.184671      0.288638        96 
     162448    14.92      3.069388      0.184858      0.286848        96 
     123929    14.93      3.065223      0.182913      0.288857        96 
     231958    14.96      3.064808      0.183483      0.284932        96 
     199159    14.98      3.052764      0.185023      0.285342        96 
     134849    15.09      3.053141      0.184444      0.285256        96 
     186283    15.17      3.036429      0.184788      0.283110        96 
     231978    15.19      3.041215      0.183822      0.286008        96 
     173019    15.20      3.056616      0.181459      0.279934        96 
     218530    15.22      3.063423      0.180325      0.288359        96 
     319167    15.26      3.068970      0.186104      0.282369        96 
     292406    15.27      3.038516      0.186865      0.282775        96 
     127459    15.29      3.055717      0.185180      0.285516        96 
     244044    15.33      3.064597      0.182272      0.283603        96 
     152286    15.34      3.065961      0.183293      0.284306        96 
     252869    15.36      3.059321      0.185093      0.282969        96 
     302221    15.37      3.042915      0.184934      0.282746        96 
     281354    15.42      3.040686      0.189163      0.286052        96 
     181727    15.43      3.045606      0.185727      0.284984        96 
     240228    15.43      3.048482      0.183959      0.283878        96 
     297843    15.47      3.058696      0.180324      0.285439        96 
     386184    15.48      3.063410      0.184560      0.284738        96 
     226430    15.51      3.064745      0.183326      0.281841        96 
     254119    15.51      3.059966      0.182102      0.283347        96 
     341727    15.53      3.056185      0.184657      0.286570        96 
     324112    15.54      3.056544      0.182493      0.281581        96 
     341260    15.57      3.062197      0.187021      0.290251        96 
     255431    15.58      3.067841      0.186025      0.283407        96 
     546269    15.58      3.053572      0.183852      0.283830        96 
     268640    15.62      3.067789      0.182481      0.282507        96 
     411906    15.62      3.064243      0.185036      0.284116        96 
     279647    15.66      3.054156      0.188017      0.290498        96 
     236661    15.69      3.035786      0.186358      0.285049        96 
     273238    15.71      3.065695      0.183715      0.287201        96 
     481461    15.81      3.067768      0.182918      0.282538        96 
     342965    15.85      3.044134      0.186264      0.287015        96 
   2014AW36    15.86      3.061954      0.188522      0.287203        96 
     379506    15.87      3.037629      0.182315      0.284647        96 
     595140    15.96      3.061894      0.185695      0.282942        96 
     439714    15.97      3.057469      0.184386      0.284533        96 
     231005    15.99      3.057493      0.183249      0.289510        96 
     431544    15.99      3.044970      0.185021      0.285900        96 
     450736    15.99      3.068659      0.183653      0.281727        96 
     290001    16.03      3.044329      0.186961      0.284060        96 
     472933    16.09      3.062342      0.181553      0.284472        96 
     376476    16.14      3.069688      0.185576      0.284135        96 
     507804    16.16      3.068826      0.188294      0.283263        96 
     513506    16.22      3.050210      0.185312      0.283939        96 
   2012KK42    16.24      3.042694      0.186387      0.282716        96 
    2017SN7    16.25      3.063005      0.186316      0.289676        96 
     549535    16.27      3.051420      0.184951      0.283285        96 
     549231    16.29      3.042739      0.189391      0.288161        96 
   2007XX27    16.30      3.049193      0.183671      0.282029        96 
     567572    16.36      3.063284      0.186497      0.289114        96 
     413241    16.38      3.050378      0.183415      0.284390        96 
   2010RD94    16.39      3.040758      0.182096      0.284215        96 
     514861    16.43      3.067745      0.180813      0.285994        96 
  2007VR124    16.45      3.063643      0.188072      0.284284        96 
     498944    16.49      3.042267      0.184787      0.284645        96 
     524505    16.53      3.037393      0.183589      0.282460        96 
  2016EX151    16.62      3.048264      0.185528      0.283850        96 
   2007WE18    16.64      3.063117      0.182336      0.278021        96 
  2014OT254    16.71      3.059573      0.187031      0.285334        96 
     551477    16.73      3.044007      0.188764      0.286676        96 
     568536    16.80      3.034169      0.184033      0.284440        96 
     549367    16.82      3.044553      0.187578      0.286128        96 
   2019NS61    16.84      3.043367      0.186069      0.282797        96 
   2011GN60    16.87      3.054115      0.184782      0.285843        96 
    2011OP2    16.95      3.050979      0.185305      0.283943        96 
  2021TK111    16.96      3.067802      0.188404      0.286547        96 
   2018VW27    16.98      3.061447      0.184787      0.282240        96 
   2006TW58    16.99      3.060398      0.184422      0.290413        96 
     529022    17.01      3.062748      0.187338      0.288896        96 
   2014QR39    17.01      3.065528      0.183035      0.285606        96 
   2015EU76    17.01      3.065856      0.183040      0.283332        96 
   2017ON48    17.01      3.056870      0.186674      0.287570        96 
   2019TD46    17.05      3.050777      0.185203      0.282288        96 
     571915    17.06      3.039018      0.182109      0.283218        96 
     602817    17.11      3.067343      0.186256      0.284408        96 
   2008VG97    17.16      3.056529      0.186254      0.285507        96 
   2021UD48    17.16      3.058149      0.188103      0.289714        96 
   2016EL41    17.20      3.058043      0.190571      0.287587        96 
     499958    17.22      3.046750      0.187243      0.285224        96 
    2016LD3    17.24      3.065620      0.181513      0.285027        96 
   2018EX12    17.27      3.052795      0.182664      0.285857        96 
  2005JQ193    17.29      3.063825      0.183506      0.283291        96 
  2009SJ410    17.30      3.055372      0.184050      0.287857        96 
  2015FT417    17.36      3.043751      0.182265      0.285113        96 
  2011UE316    17.37      3.052993      0.184102      0.282311        96 
    2020LN6    17.39      3.042800      0.191200      0.286860        96 
  2014UJ249    17.40      3.059861      0.182113      0.278482        96 
  2009DJ155    17.41      3.046893      0.185850      0.281067        96 
   2018NZ15    17.46      3.054077      0.181603      0.280820        96 
   2016JC40    17.49      3.066444      0.182036      0.281109        96 
   2013CM85    17.52      3.069474      0.183026      0.289689        96 
  2005UH192    17.54      3.053299      0.184900      0.282322        96 
   2012YO14    17.64      3.068544      0.184450      0.285490        96 
  2014QE512    17.65      3.061320      0.180424      0.281820        96 
   2021BV11    17.72      3.061430      0.184371      0.281707        96 
   2013TF81    17.75      3.061071      0.181963      0.276451        96 
   2017QJ51    17.76      3.064188      0.181366      0.289556        96 
   2017YK23    17.76      3.062689      0.188985      0.288681        96 
   2020SU45    17.89      3.047768      0.183902      0.286128        96 
   2020MF26    17.97      3.066623      0.185450      0.282269        96 
   2019GS76    18.00      3.058512      0.185232      0.290606        96 
  2016AL134    18.02      3.068623      0.180955      0.284077        96 
  2015KD206    18.04      3.041076      0.187278      0.283841        96 
